0 0.000000
1 66.048000
2 65.584000
3 65.184000
4 65.148000
5 65.316000
6 65.576000
7 65.928000
8 65.912000
9 66.004000
10 66.284000
11 66.656000
12 67.172000
13 67.272000
14 67.468000
15 67.588000
16 67.832000
17 67.744000
18 68.032000
19 67.852000
20 67.688000
21 67.728000
22 67.640000
23 67.700000
24 67.400000
25 67.352000
26 67.052000
27 67.112000
28 66.936000
29 66.848000
30 66.772000
31 66.656000
32 66.592000
33 66.668000
34 66.564000
35 66.460000
36 66.516000
37 66.456000
38 66.388000
39 66.436000
40 66.464000
41 66.360000
42 66.448000
43 66.552000
44 66.536000
45 66.536000
46 66.708000
47 66.764000
48 66.752000
49 66.856000
50 67.116000
51 67.212000
52 67.260000
53 67.248000
54 67.216000
55 67.164000
56 67.168000
57 67.296000
58 67.272000
59 67.188000
60 66.940000
61 66.988000
62 67.064000
63 67.104000
64 67.016000
65 67.080000
66 67.116000
67 67.192000
68 67.216000
69 67.340000
70 67.364000
71 67.432000
72 67.408000
73 67.552000
74 67.488000
75 67.460000
76 67.304000
77 67.220000
78 67.100000
79 67.196000
80 66.944000
81 67.172000
82 67.116000
83 67.192000
84 67.196000
85 67.220000
86 67.260000
87 67.336000
88 67.328000
89 67.444000
90 67.360000
91 67.468000
92 67.508000
93 67.584000
94 67.564000
95 67.520000
96 67.532000
97 67.396000
98 67.456000
99 67.420000
100 67.592000
