105.593 105.174 104.035 104.907 105.62 105.799 105.23 105.204 105.015 105.225 1
105.77 105.593 105.174 104.035 104.907 105.62 105.799 105.23 105.204 105.015 -1
105.427 105.77 105.593 105.174 104.035 104.907 105.62 105.799 105.23 105.204 1
105.521 105.427 105.77 105.593 105.174 104.035 104.907 105.62 105.799 105.23 1
106.333 105.521 105.427 105.77 105.593 105.174 104.035 104.907 105.62 105.799 -1
106.188 106.333 105.521 105.427 105.77 105.593 105.174 104.035 104.907 105.62 -1
106.148 106.188 106.333 105.521 105.427 105.77 105.593 105.174 104.035 104.907 1
106.779 106.148 106.188 106.333 105.521 105.427 105.77 105.593 105.174 104.035 -1
106.53 106.779 106.148 106.188 106.333 105.521 105.427 105.77 105.593 105.174 -1
104.947 106.53 106.779 106.148 106.188 106.333 105.521 105.427 105.77 105.593 -1
104.793 104.947 106.53 106.779 106.148 106.188 106.333 105.521 105.427 105.77 1
105.302 104.793 104.947 106.53 106.779 106.148 106.188 106.333 105.521 105.427 -1
105.098 105.302 104.793 104.947 106.53 106.779 106.148 106.188 106.333 105.521 1
105.161 105.098 105.302 104.793 104.947 106.53 106.779 106.148 106.188 106.333 -1
104.972 105.161 105.098 105.302 104.793 104.947 106.53 106.779 106.148 106.188 1
105.766 104.972 105.161 105.098 105.302 104.793 104.947 106.53 106.779 106.148 1
106.095 105.766 104.972 105.161 105.098 105.302 104.793 104.947 106.53 106.779 1
106.114 106.095 105.766 104.972 105.161 105.098 105.302 104.793 104.947 106.53 1
107.13 106.114 106.095 105.766 104.972 105.161 105.098 105.302 104.793 104.947 1
107.343 107.13 106.114 106.095 105.766 104.972 105.161 105.098 105.302 104.793 -1
106.739 107.343 107.13 106.114 106.095 105.766 104.972 105.161 105.098 105.302 1
107.275 106.739 107.343 107.13 106.114 106.095 105.766 104.972 105.161 105.098 1
107.395 107.275 106.739 107.343 107.13 106.114 106.095 105.766 104.972 105.161 1
107.745 107.395 107.275 106.739 107.343 107.13 106.114 106.095 105.766 104.972 -1
106.377 107.745 107.395 107.275 106.739 107.343 107.13 106.114 106.095 105.766 -1
105.911 106.377 107.745 107.395 107.275 106.739 107.343 107.13 106.114 106.095 1
106.014 105.911 106.377 107.745 107.395 107.275 106.739 107.343 107.13 106.114 -1
105.951 106.014 105.911 106.377 107.745 107.395 107.275 106.739 107.343 107.13 -1
105.85 105.951 106.014 105.911 106.377 107.745 107.395 107.275 106.739 107.343 1
105.892 105.85 105.951 106.014 105.911 106.377 107.745 107.395 107.275 106.739 1
106.531 105.892 105.85 105.951 106.014 105.911 106.377 107.745 107.395 107.275 1
106.566 106.531 105.892 105.85 105.951 106.014 105.911 106.377 107.745 107.395 -1
105.912 106.566 106.531 105.892 105.85 105.951 106.014 105.911 106.377 107.745 1
106.035 105.912 106.566 106.531 105.892 105.85 105.951 106.014 105.911 106.377 1
106.045 106.035 105.912 106.566 106.531 105.892 105.85 105.951 106.014 105.911 1
106.4 106.045 106.035 105.912 106.566 106.531 105.892 105.85 105.951 106.014 -1
104.93 106.4 106.045 106.035 105.912 106.566 106.531 105.892 105.85 105.951 -1
104.545 104.93 106.4 106.045 106.035 105.912 106.566 106.531 105.892 105.85 -1
102.92 104.545 104.93 106.4 106.045 106.035 105.912 106.566 106.531 105.892 -1
102.515 102.92 104.545 104.93 106.4 106.045 106.035 105.912 106.566 106.531 -1
101.435 102.515 102.92 104.545 104.93 106.4 106.045 106.035 105.912 106.566 1
102.025 101.435 102.515 102.92 104.545 104.93 106.4 106.045 106.035 105.912 1
103.12 102.025 101.435 102.515 102.92 104.545 104.93 106.4 106.045 106.035 -1
102.7 103.12 102.025 101.435 102.515 102.92 104.545 104.93 106.4 106.045 1
102.995 102.7 103.12 102.025 101.435 102.515 102.92 104.545 104.93 106.4 -1
100.985 102.995 102.7 103.12 102.025 101.435 102.515 102.92 104.545 104.93 1
101 100.985 102.995 102.7 103.12 102.025 101.435 102.515 102.92 104.545 -1
100.895 101 100.985 102.995 102.7 103.12 102.025 101.435 102.515 102.92 1
101.555 100.895 101 100.985 102.995 102.7 103.12 102.025 101.435 102.515 1
102.625 101.555 100.895 101 100.985 102.995 102.7 103.12 102.025 101.435 1
103.575 102.625 101.555 100.895 101 100.985 102.995 102.7 103.12 102.025 -1
103.365 103.575 102.625 101.555 100.895 101 100.985 102.995 102.7 103.12 1
103.625 103.365 103.575 102.625 101.555 100.895 101 100.985 102.995 102.7 1
104.08 103.625 103.365 103.575 102.625 101.555 100.895 101 100.985 102.995 1
104.785 104.08 103.625 103.365 103.575 102.625 101.555 100.895 101 100.985 1
105.015 104.785 104.08 103.625 103.365 103.575 102.625 101.555 100.895 101 1
105.355 105.015 104.785 104.08 103.625 103.365 103.575 102.625 101.555 100.895 -1
105.05 105.355 105.015 104.785 104.08 103.625 103.365 103.575 102.625 101.555 1
105.095 105.05 105.355 105.015 104.785 104.08 103.625 103.365 103.575 102.625 -1
104.84 105.095 105.05 105.355 105.015 104.785 104.08 103.625 103.365 103.575 -1
104.25 104.84 105.095 105.05 105.355 105.015 104.785 104.08 103.625 103.365 -1
104.065 104.25 104.84 105.095 105.05 105.355 105.015 104.785 104.08 103.625 1
104.41 104.065 104.25 104.84 105.095 105.05 105.355 105.015 104.785 104.08 1
104.43 104.41 104.065 104.25 104.84 105.095 105.05 105.355 105.015 104.785 1
104.505 104.43 104.41 104.065 104.25 104.84 105.095 105.05 105.355 105.015 -1
103.285 104.505 104.43 104.41 104.065 104.25 104.84 105.095 105.05 105.355 1
104.49 103.285 104.505 104.43 104.41 104.065 104.25 104.84 105.095 105.05 -1
104.42 104.49 103.285 104.505 104.43 104.41 104.065 104.25 104.84 105.095 1
104.96 104.42 104.49 103.285 104.505 104.43 104.41 104.065 104.25 104.84 1
105.41 104.96 104.42 104.49 103.285 104.505 104.43 104.41 104.065 104.25 -1
103.995 105.41 104.96 104.42 104.49 103.285 104.505 104.43 104.41 104.065 -1
103.65 103.995 105.41 104.96 104.42 104.49 103.285 104.505 104.43 104.41 -1
103.18 103.65 103.995 105.41 104.96 104.42 104.49 103.285 104.505 104.43 1
103.23 103.18 103.65 103.995 105.41 104.96 104.42 104.49 103.285 104.505 -1
103.13 103.23 103.18 103.65 103.995 105.41 104.96 104.42 104.49 103.285 1
103.54 103.13 103.23 103.18 103.65 103.995 105.41 104.96 104.42 104.49 -1
102.345 103.54 103.13 103.23 103.18 103.65 103.995 105.41 104.96 104.42 1
102.395 102.345 103.54 103.13 103.23 103.18 103.65 103.995 105.41 104.96 -1
99.885 102.395 102.345 103.54 103.13 103.23 103.18 103.65 103.995 105.41 1
100.44 99.885 102.395 102.345 103.54 103.13 103.23 103.18 103.65 103.995 -1
99.215 100.44 99.885 102.395 102.345 103.54 103.13 103.23 103.18 103.65 1
100.96 99.215 100.44 99.885 102.395 102.345 103.54 103.13 103.23 103.18 -1
100.205 100.96 99.215 100.44 99.885 102.395 102.345 103.54 103.13 103.23 -1
99.76 100.205 100.96 99.215 100.44 99.885 102.395 102.345 103.54 103.13 1
100.065 99.76 100.205 100.96 99.215 100.44 99.885 102.395 102.345 103.54 1
101.18 100.065 99.76 100.205 100.96 99.215 100.44 99.885 102.395 102.345 -1
99.97 101.18 100.065 99.76 100.205 100.96 99.215 100.44 99.885 102.395 1
100.32 99.97 101.18 100.065 99.76 100.205 100.96 99.215 100.44 99.885 -1
99.735 100.32 99.97 101.18 100.065 99.76 100.205 100.96 99.215 100.44 1
99.92 99.735 100.32 99.97 101.18 100.065 99.76 100.205 100.96 99.215 1
101.22 99.92 99.735 100.32 99.97 101.18 100.065 99.76 100.205 100.96 1
102.08 101.22 99.92 99.735 100.32 99.97 101.18 100.065 99.76 100.205 -1
101.95 102.08 101.22 99.92 99.735 100.32 99.97 101.18 100.065 99.76 -1
101.81 101.95 102.08 101.22 99.92 99.735 100.32 99.97 101.18 100.065 1
102.17 101.81 101.95 102.08 101.22 99.92 99.735 100.32 99.97 101.18 1
102.86 102.17 101.81 101.95 102.08 101.22 99.92 99.735 100.32 99.97 -1
102.695 102.86 102.17 101.81 101.95 102.08 101.22 99.92 99.735 100.32 1
103.54 102.695 102.86 102.17 101.81 101.95 102.08 101.22 99.92 99.735 1
103.975 103.54 102.695 102.86 102.17 101.81 101.95 102.08 101.22 99.92 1
104.16 103.975 103.54 102.695 102.86 102.17 101.81 101.95 102.08 101.22 -1
104.085 104.16 103.975 103.54 102.695 102.86 102.17 101.81 101.95 102.08 -1
103.58 104.085 104.16 103.975 103.54 102.695 102.86 102.17 101.81 101.95 1
104.355 103.58 104.085 104.16 103.975 103.54 102.695 102.86 102.17 101.81 -1
103.935 104.355 103.58 104.085 104.16 103.975 103.54 102.695 102.86 102.17 -1
103.895 103.935 104.355 103.58 104.085 104.16 103.975 103.54 102.695 102.86 1
104.385 103.895 103.935 104.355 103.58 104.085 104.16 103.975 103.54 102.695 -1
104.375 104.385 103.895 103.935 104.355 103.58 104.085 104.16 103.975 103.54 -1
103.32 104.375 104.385 103.895 103.935 104.355 103.58 104.085 104.16 103.975 1
104.02 103.32 104.375 104.385 103.895 103.935 104.355 103.58 104.085 104.16 1
104.83 104.02 103.32 104.375 104.385 103.895 103.935 104.355 103.58 104.085 -1
104.675 104.83 104.02 103.32 104.375 104.385 103.895 103.935 104.355 103.58 -1
104.66 104.675 104.83 104.02 103.32 104.375 104.385 103.895 103.935 104.355 -1
104.255 104.66 104.675 104.83 104.02 103.32 104.375 104.385 103.895 103.935 -1
104.01 104.255 104.66 104.675 104.83 104.02 103.32 104.375 104.385 103.895 -1
103.46 104.01 104.255 104.66 104.675 104.83 104.02 103.32 104.375 104.385 -1
103.1 103.46 104.01 104.255 104.66 104.675 104.83 104.02 103.32 104.375 -1
102.25 103.1 103.46 104.01 104.255 104.66 104.675 104.83 104.02 103.32 1
102.36 102.25 103.1 103.46 104.01 104.255 104.66 104.675 104.83 104.02 1
102.77 102.36 102.25 103.1 103.46 104.01 104.255 104.66 104.675 104.83 -1
102.45 102.77 102.36 102.25 103.1 103.46 104.01 104.255 104.66 104.675 -1
101.95 102.45 102.77 102.36 102.25 103.1 103.46 104.01 104.255 104.66 1
102.595 101.95 102.45 102.77 102.36 102.25 103.1 103.46 104.01 104.255 1
102.925 102.595 101.95 102.45 102.77 102.36 102.25 103.1 103.46 104.01 -1
102.12 102.925 102.595 101.95 102.45 102.77 102.36 102.25 103.1 103.46 -1
101.985 102.12 102.925 102.595 101.95 102.45 102.77 102.36 102.25 103.1 -1
101.17 101.985 102.12 102.925 102.595 101.95 102.45 102.77 102.36 102.25 1
102.195 101.17 101.985 102.12 102.925 102.595 101.95 102.45 102.77 102.36 -1
99.83 102.195 101.17 101.985 102.12 102.925 102.595 101.95 102.45 102.77 1
100.185 99.83 102.195 101.17 101.985 102.12 102.925 102.595 101.95 102.45 -1
99.69 100.185 99.83 102.195 101.17 101.985 102.12 102.925 102.595 101.95 1
100.425 99.69 100.185 99.83 102.195 101.17 101.985 102.12 102.925 102.595 -1
100.41 100.425 99.69 100.185 99.83 102.195 101.17 101.985 102.12 102.925 1
101.51 100.41 100.425 99.69 100.185 99.83 102.195 101.17 101.985 102.12 -1
101.4 101.51 100.41 100.425 99.69 100.185 99.83 102.195 101.17 101.985 1
101.64 101.4 101.51 100.41 100.425 99.69 100.185 99.83 102.195 101.17 1
101.77 101.64 101.4 101.51 100.41 100.425 99.69 100.185 99.83 102.195 -1
101.075 101.77 101.64 101.4 101.51 100.41 100.425 99.69 100.185 99.83 -1
100.9 101.075 101.77 101.64 101.4 101.51 100.41 100.425 99.69 100.185 -1
98.95 100.9 101.075 101.77 101.64 101.4 101.51 100.41 100.425 99.69 -1
98.585 98.95 100.9 101.075 101.77 101.64 101.4 101.51 100.41 100.425 1
99.05 98.585 98.95 100.9 101.075 101.77 101.64 101.4 101.51 100.41 1
99.24 99.05 98.585 98.95 100.9 101.075 101.77 101.64 101.4 101.51 -1
99.005 99.24 99.05 98.585 98.95 100.9 101.075 101.77 101.64 101.4 -1
98.68 99.005 99.24 99.05 98.585 98.95 100.9 101.075 101.77 101.64 1
99.645 98.68 99.005 99.24 99.05 98.585 98.95 100.9 101.075 101.77 1
100.04 99.645 98.68 99.005 99.24 99.05 98.585 98.95 100.9 101.075 1
100.385 100.04 99.645 98.68 99.005 99.24 99.05 98.585 98.95 100.9 1
100.915 100.385 100.04 99.645 98.68 99.005 99.24 99.05 98.585 98.95 -1
100.64 100.915 100.385 100.04 99.645 98.68 99.005 99.24 99.05 98.585 1
101.21 100.64 100.915 100.385 100.04 99.645 98.68 99.005 99.24 99.05 -1
100.965 101.21 100.64 100.915 100.385 100.04 99.645 98.68 99.005 99.24 1
101.05 100.965 101.21 100.64 100.915 100.385 100.04 99.645 98.68 99.005 1
101.81 101.05 100.965 101.21 100.64 100.915 100.385 100.04 99.645 98.68 1
101.99 101.81 101.05 100.965 101.21 100.64 100.915 100.385 100.04 99.645 -1
101.9 101.99 101.81 101.05 100.965 101.21 100.64 100.915 100.385 100.04 -1
101.05 101.9 101.99 101.81 101.05 100.965 101.21 100.64 100.915 100.385 1
101.95 101.05 101.9 101.99 101.81 101.05 100.965 101.21 100.64 100.915 -1
101.94 101.95 101.05 101.9 101.99 101.81 101.05 100.965 101.21 100.64 1
103.085 101.94 101.95 101.05 101.9 101.99 101.81 101.05 100.965 101.21 1
103.43 103.085 101.94 101.95 101.05 101.9 101.99 101.81 101.05 100.965 1
103.445 103.43 103.085 101.94 101.95 101.05 101.9 101.99 101.81 101.05 -1
102.94 103.445 103.43 103.085 101.94 101.95 101.05 101.9 101.99 101.81 -1
102.755 102.94 103.445 103.43 103.085 101.94 101.95 101.05 101.9 101.99 1
103.55 102.755 102.94 103.445 103.43 103.085 101.94 101.95 101.05 101.9 -1
103.365 103.55 102.755 102.94 103.445 103.43 103.085 101.94 101.95 101.05 -1
102.775 103.365 103.55 102.755 102.94 103.445 103.43 103.085 101.94 101.95 1
102.925 102.775 103.365 103.55 102.755 102.94 103.445 103.43 103.085 101.94 1
103.06 102.925 102.775 103.365 103.55 102.755 102.94 103.445 103.43 103.085 -1
102.43 103.06 102.925 102.775 103.365 103.55 102.755 102.94 103.445 103.43 -1
102.3 102.43 103.06 102.925 102.775 103.365 103.55 102.755 102.94 103.445 -1
101.345 102.3 102.43 103.06 102.925 102.775 103.365 103.55 102.755 102.94 -1
100.76 101.345 102.3 102.43 103.06 102.925 102.775 103.365 103.55 102.755 -1
100.645 100.76 101.345 102.3 102.43 103.06 102.925 102.775 103.365 103.55 -1
100.18 100.645 100.76 101.345 102.3 102.43 103.06 102.925 102.775 103.365 1
100.515 100.18 100.645 100.76 101.345 102.3 102.43 103.06 102.925 102.775 1
100.93 100.515 100.18 100.645 100.76 101.345 102.3 102.43 103.06 102.925 -1
100.63 100.93 100.515 100.18 100.645 100.76 101.345 102.3 102.43 103.06 1
101.97 100.63 100.93 100.515 100.18 100.645 100.76 101.345 102.3 102.43 1
102.535 101.97 100.63 100.93 100.515 100.18 100.645 100.76 101.345 102.3 -1
102.085 102.535 101.97 100.63 100.93 100.515 100.18 100.645 100.76 101.345 -1
101.93 102.085 102.535 101.97 100.63 100.93 100.515 100.18 100.645 100.76 1
101.99 101.93 102.085 102.535 101.97 100.63 100.93 100.515 100.18 100.645 -1
101.19 101.99 101.93 102.085 102.535 101.97 100.63 100.93 100.515 100.18 -1
100.98 101.19 101.99 101.93 102.085 102.535 101.97 100.63 100.93 100.515 -1
100.735 100.98 101.19 101.99 101.93 102.085 102.535 101.97 100.63 100.93 -1
100.66 100.735 100.98 101.19 101.99 101.93 102.085 102.535 101.97 100.63 -1
99.51 100.66 100.735 100.98 101.19 101.99 101.93 102.085 102.535 101.97 -1
99.305 99.51 100.66 100.735 100.98 101.19 101.99 101.93 102.085 102.535 -1
99.135 99.305 99.51 100.66 100.735 100.98 101.19 101.99 101.93 102.085 1
99.725 99.135 99.305 99.51 100.66 100.735 100.98 101.19 101.99 101.93 -1
98.6 99.725 99.135 99.305 99.51 100.66 100.735 100.98 101.19 101.99 1
99 98.6 99.725 99.135 99.305 99.51 100.66 100.735 100.98 101.19 -1
98.51 99 98.6 99.725 99.135 99.305 99.51 100.66 100.735 100.98 -1
97.49 98.51 99 98.6 99.725 99.135 99.305 99.51 100.66 100.735 1
98.345 97.49 98.51 99 98.6 99.725 99.135 99.305 99.51 100.66 1
99.72 98.345 97.49 98.51 99 98.6 99.725 99.135 99.305 99.51 1
100.175 99.72 98.345 97.49 98.51 99 98.6 99.725 99.135 99.305 1
100.325 100.175 99.72 98.345 97.49 98.51 99 98.6 99.725 99.135 1
100.82 100.325 100.175 99.72 98.345 97.49 98.51 99 98.6 99.725 1
101.29 100.82 100.325 100.175 99.72 98.345 97.49 98.51 99 98.6 1
101.87 101.29 100.82 100.325 100.175 99.72 98.345 97.49 98.51 99 1
102.08 101.87 101.29 100.82 100.325 100.175 99.72 98.345 97.49 98.51 1
103.74 102.08 101.87 101.29 100.82 100.325 100.175 99.72 98.345 97.49 1
103.97 103.74 102.08 101.87 101.29 100.82 100.325 100.175 99.72 98.345 1
104.06 103.97 103.74 102.08 101.87 101.29 100.82 100.325 100.175 99.72 1
104.56 104.06 103.97 103.74 102.08 101.87 101.29 100.82 100.325 100.175 1
104.655 104.56 104.06 103.97 103.74 102.08 101.87 101.29 100.82 100.325 1
105.07 104.655 104.56 104.06 103.97 103.74 102.08 101.87 101.29 100.82 1
105.595 105.07 104.655 104.56 104.06 103.97 103.74 102.08 101.87 101.29 -1
105.105 105.595 105.07 104.655 104.56 104.06 103.97 103.74 102.08 101.87 1
106.19 105.105 105.595 105.07 104.655 104.56 104.06 103.97 103.74 102.08 -1
105.95 106.19 105.105 105.595 105.07 104.655 104.56 104.06 103.97 103.74 -1
104.66 105.95 106.19 105.105 105.595 105.07 104.655 104.56 104.06 103.97 -1
104.3 104.66 105.95 106.19 105.105 105.595 105.07 104.655 104.56 104.06 1
105.15 104.3 104.66 105.95 106.19 105.105 105.595 105.07 104.655 104.56 -1
104.235 105.15 104.3 104.66 105.95 106.19 105.105 105.595 105.07 104.655 1
104.43 104.235 105.15 104.3 104.66 105.95 106.19 105.105 105.595 105.07 1
105.47 104.43 104.235 105.15 104.3 104.66 105.95 106.19 105.105 105.595 1
106.035 105.47 104.43 104.235 105.15 104.3 104.66 105.95 106.19 105.105 1
106.11 106.035 105.47 104.43 104.235 105.15 104.3 104.66 105.95 106.19 -1
105.39 106.11 106.035 105.47 104.43 104.235 105.15 104.3 104.66 105.95 1
105.48 105.39 106.11 106.035 105.47 104.43 104.235 105.15 104.3 104.66 -1
104.845 105.48 105.39 106.11 106.035 105.47 104.43 104.235 105.15 104.3 -1
104.405 104.845 105.48 105.39 106.11 106.035 105.47 104.43 104.235 105.15 1
105.305 104.405 104.845 105.48 105.39 106.11 106.035 105.47 104.43 104.235 1
105.76 105.305 104.405 104.845 105.48 105.39 106.11 106.035 105.47 104.43 1
106.35 105.76 105.305 104.405 104.845 105.48 105.39 106.11 106.035 105.47 1
106.53 106.35 105.76 105.305 104.405 104.845 105.48 105.39 106.11 106.035 1
107.135 106.53 106.35 105.76 105.305 104.405 104.845 105.48 105.39 106.11 -1
106.38 107.135 106.53 106.35 105.76 105.305 104.405 104.845 105.48 105.39 1
106.675 106.38 107.135 106.53 106.35 105.76 105.305 104.405 104.845 105.48 1
107.06 106.675 106.38 107.135 106.53 106.35 105.76 105.305 104.405 104.845 1
107.92 107.06 106.675 106.38 107.135 106.53 106.35 105.76 105.305 104.405 1
108.31 107.92 107.06 106.675 106.38 107.135 106.53 106.35 105.76 105.305 -1
108.075 108.31 107.92 107.06 106.675 106.38 107.135 106.53 106.35 105.76 1
108.28 108.075 108.31 107.92 107.06 106.675 106.38 107.135 106.53 106.35 -1
108.21 108.28 108.075 108.31 107.92 107.06 106.675 106.38 107.135 106.53 -1
107.94 108.21 108.28 108.075 108.31 107.92 107.06 106.675 106.38 107.135 -1
107.81 107.94 108.21 108.28 108.075 108.31 107.92 107.06 106.675 106.38 -1
107.23 107.81 107.94 108.21 108.28 108.075 108.31 107.92 107.06 106.675 -1
106.445 107.23 107.81 107.94 108.21 108.28 108.075 108.31 107.92 107.06 -1
106.375 106.445 107.23 107.81 107.94 108.21 108.28 108.075 108.31 107.92 -1
106.29 106.375 106.445 107.23 107.81 107.94 108.21 108.28 108.075 108.31 1
106.295 106.29 106.375 106.445 107.23 107.81 107.94 108.21 108.28 108.075 -1
105.74 106.295 106.29 106.375 106.445 107.23 107.81 107.94 108.21 108.28 -1
105.68 105.74 106.295 106.29 106.375 106.445 107.23 107.81 107.94 108.21 -1
105.615 105.68 105.74 106.295 106.29 106.375 106.445 107.23 107.81 107.94 -1
105.31 105.615 105.68 105.74 106.295 106.29 106.375 106.445 107.23 107.81 1
106.01 105.31 105.615 105.68 105.74 106.295 106.29 106.375 106.445 107.23 -1
105.9 106.01 105.31 105.615 105.68 105.74 106.295 106.29 106.375 106.445 -1
105.26 105.9 106.01 105.31 105.615 105.68 105.74 106.295 106.29 106.375 -1
104.725 105.26 105.9 106.01 105.31 105.615 105.68 105.74 106.295 106.29 -1
103.98 104.725 105.26 105.9 106.01 105.31 105.615 105.68 105.74 106.295 1
104.735 103.98 104.725 105.26 105.9 106.01 105.31 105.615 105.68 105.74 1
104.885 104.735 103.98 104.725 105.26 105.9 106.01 105.31 105.615 105.68 -1
104.705 104.885 104.735 103.98 104.725 105.26 105.9 106.01 105.31 105.615 -1
103.965 104.705 104.885 104.735 103.98 104.725 105.26 105.9 106.01 105.31 1
104.805 103.965 104.705 104.885 104.735 103.98 104.725 105.26 105.9 106.01 1
105.33 104.805 103.965 104.705 104.885 104.735 103.98 104.725 105.26 105.9 1
105.835 105.33 104.805 103.965 104.705 104.885 104.735 103.98 104.725 105.26 -1
105.595 105.835 105.33 104.805 103.965 104.705 104.885 104.735 103.98 104.725 1
106.155 105.595 105.835 105.33 104.805 103.965 104.705 104.885 104.735 103.98 1
107.165 106.155 105.595 105.835 105.33 104.805 103.965 104.705 104.885 104.735 1
107.27 107.165 106.155 105.595 105.835 105.33 104.805 103.965 104.705 104.885 -1
106.905 107.27 107.165 106.155 105.595 105.835 105.33 104.805 103.965 104.705 1
107.125 106.905 107.27 107.165 106.155 105.595 105.835 105.33 104.805 103.965 1
108.17 107.125 106.905 107.27 107.165 106.155 105.595 105.835 105.33 104.805 -1
107.945 108.17 107.125 106.905 107.27 107.165 106.155 105.595 105.835 105.33 1
108.48 107.945 108.17 107.125 106.905 107.27 107.165 106.155 105.595 105.835 -1
108.18 108.48 107.945 108.17 107.125 106.905 107.27 107.165 106.155 105.595 -1
108.065 108.18 108.48 107.945 108.17 107.125 106.905 107.27 107.165 106.155 -1
107.26 108.065 108.18 108.48 107.945 108.17 107.125 106.905 107.27 107.165 -1
107.245 107.26 108.065 108.18 108.48 107.945 108.17 107.125 106.905 107.27 -1
106.645 107.245 107.26 108.065 108.18 108.48 107.945 108.17 107.125 106.905 1
106.67 106.645 107.245 107.26 108.065 108.18 108.48 107.945 108.17 107.125 1
108.085 106.67 106.645 107.245 107.26 108.065 108.18 108.48 107.945 108.17 -1
107.88 108.085 106.67 106.645 107.245 107.26 108.065 108.18 108.48 107.945 1
108.285 107.88 108.085 106.67 106.645 107.245 107.26 108.065 108.18 108.48 1
108.535 108.285 107.88 108.085 106.67 106.645 107.245 107.26 108.065 108.18 -1
107.805 108.535 108.285 107.88 108.085 106.67 106.645 107.245 107.26 108.065 1
109.07 107.805 108.535 108.285 107.88 108.085 106.67 106.645 107.245 107.26 1
109.705 109.07 107.805 108.535 108.285 107.88 108.085 106.67 106.645 107.245 -1
109.28 109.705 109.07 107.805 108.535 108.285 107.88 108.085 106.67 106.645 -1
108.86 109.28 109.705 109.07 107.805 108.535 108.285 107.88 108.085 106.67 -1
108.06 108.86 109.28 109.705 109.07 107.805 108.535 108.285 107.88 108.085 1
108.305 108.06 108.86 109.28 109.705 109.07 107.805 108.535 108.285 107.88 -1
107.98 108.305 108.06 108.86 109.28 109.705 109.07 107.805 108.535 108.285 -1
107.935 107.98 108.305 108.06 108.86 109.28 109.705 109.07 107.805 108.535 -1
106.665 107.935 107.98 108.305 108.06 108.86 109.28 109.705 109.07 107.805 -1
106.485 106.665 107.935 107.98 108.305 108.06 108.86 109.28 109.705 109.07 -1
106.12 106.485 106.665 107.935 107.98 108.305 108.06 108.86 109.28 109.705 -1
105.535 106.12 106.485 106.665 107.935 107.98 108.305 108.06 108.86 109.28 1
105.82 105.535 106.12 106.485 106.665 107.935 107.98 108.305 108.06 108.86 -1
104.465 105.82 105.535 106.12 106.485 106.665 107.935 107.98 108.305 108.06 1
104.775 104.465 105.82 105.535 106.12 106.485 106.665 107.935 107.98 108.305 1
104.86 104.775 104.465 105.82 105.535 106.12 106.485 106.665 107.935 107.98 1
104.935 104.86 104.775 104.465 105.82 105.535 106.12 106.485 106.665 107.935 1
105.045 104.935 104.86 104.775 104.465 105.82 105.535 106.12 106.485 106.665 1
105.11 105.045 104.935 104.86 104.775 104.465 105.82 105.535 106.12 106.485 1
105.115 105.11 105.045 104.935 104.86 104.775 104.465 105.82 105.535 106.12 1
105.215 105.115 105.11 105.045 104.935 104.86 104.775 104.465 105.82 105.535 -1
104.97 105.215 105.115 105.11 105.045 104.935 104.86 104.775 104.465 105.82 -1
104.43 104.97 105.215 105.115 105.11 105.045 104.935 104.86 104.775 104.465 -1
103.815 104.43 104.97 105.215 105.115 105.11 105.045 104.935 104.86 104.775 1
104.94 103.815 104.43 104.97 105.215 105.115 105.11 105.045 104.935 104.86 -1
103.485 104.94 103.815 104.43 104.97 105.215 105.115 105.11 105.045 104.935 -1
102.005 103.485 104.94 103.815 104.43 104.97 105.215 105.115 105.11 105.045 -1
100.32 102.005 103.485 104.94 103.815 104.43 104.97 105.215 105.115 105.11 1
101.835 100.32 102.005 103.485 104.94 103.815 104.43 104.97 105.215 105.115 1
102.515 101.835 100.32 102.005 103.485 104.94 103.815 104.43 104.97 105.215 -1
102.275 102.515 101.835 100.32 102.005 103.485 104.94 103.815 104.43 104.97 -1
101.555 102.275 102.515 101.835 100.32 102.005 103.485 104.94 103.815 104.43 -1
101.33 101.555 102.275 102.515 101.835 100.32 102.005 103.485 104.94 103.815 -1
100.89 101.33 101.555 102.275 102.515 101.835 100.32 102.005 103.485 104.94 1
102.3 100.89 101.33 101.555 102.275 102.515 101.835 100.32 102.005 103.485 1
102.545 102.3 100.89 101.33 101.555 102.275 102.515 101.835 100.32 102.005 1
103.305 102.545 102.3 100.89 101.33 101.555 102.275 102.515 101.835 100.32 1
103.88 103.305 102.545 102.3 100.89 101.33 101.555 102.275 102.515 101.835 -1
103.635 103.88 103.305 102.545 102.3 100.89 101.33 101.555 102.275 102.515 -1
103.61 103.635 103.88 103.305 102.545 102.3 100.89 101.33 101.555 102.275 -1
103.015 103.61 103.635 103.88 103.305 102.545 102.3 100.89 101.33 101.555 -1
102.345 103.015 103.61 103.635 103.88 103.305 102.545 102.3 100.89 101.33 1
103.19 102.345 103.015 103.61 103.635 103.88 103.305 102.545 102.3 100.89 -1
102.41 103.19 102.345 103.015 103.61 103.635 103.88 103.305 102.545 102.3 -1
102.105 102.41 103.19 102.345 103.015 103.61 103.635 103.88 103.305 102.545 1
102.585 102.105 102.41 103.19 102.345 103.015 103.61 103.635 103.88 103.305 1
104.51 102.585 102.105 102.41 103.19 102.345 103.015 103.61 103.635 103.88 1
104.835 104.51 102.585 102.105 102.41 103.19 102.345 103.015 103.61 103.635 -1
104.365 104.835 104.51 102.585 102.105 102.41 103.19 102.345 103.015 103.61 1
104.99 104.365 104.835 104.51 102.585 102.105 102.41 103.19 102.345 103.015 -1
104.705 104.99 104.365 104.835 104.51 102.585 102.105 102.41 103.19 102.345 -1
104.325 104.705 104.99 104.365 104.835 104.51 102.585 102.105 102.41 103.19 1
105.135 104.325 104.705 104.99 104.365 104.835 104.51 102.585 102.105 102.41 1
105.18 105.135 104.325 104.705 104.99 104.365 104.835 104.51 102.585 102.105 -1
104.84 105.18 105.135 104.325 104.705 104.99 104.365 104.835 104.51 102.585 1
105.75 104.84 105.18 105.135 104.325 104.705 104.99 104.365 104.835 104.51 -1
105.3 105.75 104.84 105.18 105.135 104.325 104.705 104.99 104.365 104.835 -1
104.68 105.3 105.75 104.84 105.18 105.135 104.325 104.705 104.99 104.365 -1
104.405 104.68 105.3 105.75 104.84 105.18 105.135 104.325 104.705 104.99 1
105.675 104.405 104.68 105.3 105.75 104.84 105.18 105.135 104.325 104.705 -1
105.255 105.675 104.405 104.68 105.3 105.75 104.84 105.18 105.135 104.325 -1
104.925 105.255 105.675 104.405 104.68 105.3 105.75 104.84 105.18 105.135 -1
104.795 104.925 105.255 105.675 104.405 104.68 105.3 105.75 104.84 105.18 1
105.81 104.795 104.925 105.255 105.675 104.405 104.68 105.3 105.75 104.84 -1
105.51 105.81 104.795 104.925 105.255 105.675 104.405 104.68 105.3 105.75 -1
105.02 105.51 105.81 104.795 104.925 105.255 105.675 104.405 104.68 105.3 1
105.91 105.02 105.51 105.81 104.795 104.925 105.255 105.675 104.405 104.68 1
105.97 105.91 105.02 105.51 105.81 104.795 104.925 105.255 105.675 104.405 -1
105.79 105.97 105.91 105.02 105.51 105.81 104.795 104.925 105.255 105.675 1
105.99 105.79 105.97 105.91 105.02 105.51 105.81 104.795 104.925 105.255 -1
105.87 105.99 105.79 105.97 105.91 105.02 105.51 105.81 104.795 104.925 -1
105.59 105.87 105.99 105.79 105.97 105.91 105.02 105.51 105.81 104.795 -1
103.555 105.59 105.87 105.99 105.79 105.97 105.91 105.02 105.51 105.81 -1
103.06 103.555 105.59 105.87 105.99 105.79 105.97 105.91 105.02 105.51 1
103.545 103.06 103.555 105.59 105.87 105.99 105.79 105.97 105.91 105.02 1
104.13 103.545 103.06 103.555 105.59 105.87 105.99 105.79 105.97 105.91 -1
103.675 104.13 103.545 103.06 103.555 105.59 105.87 105.99 105.79 105.97 -1
103.01 103.675 104.13 103.545 103.06 103.555 105.59 105.87 105.99 105.79 1
103.4 103.01 103.675 104.13 103.545 103.06 103.555 105.59 105.87 105.99 1
103.53 103.4 103.01 103.675 104.13 103.545 103.06 103.555 105.59 105.87 -1
102.395 103.53 103.4 103.01 103.675 104.13 103.545 103.06 103.555 105.59 1
104.02 102.395 103.53 103.4 103.01 103.675 104.13 103.545 103.06 103.555 1
105.215 104.02 102.395 103.53 103.4 103.01 103.675 104.13 103.545 103.06 -1
104.91 105.215 104.02 102.395 103.53 103.4 103.01 103.675 104.13 103.545 1
105.385 104.91 105.215 104.02 102.395 103.53 103.4 103.01 103.675 104.13 1
106.14 105.385 104.91 105.215 104.02 102.395 103.53 103.4 103.01 103.675 -1
106.07 106.14 105.385 104.91 105.215 104.02 102.395 103.53 103.4 103.01 1
106.14 106.07 106.14 105.385 104.91 105.215 104.02 102.395 103.53 103.4 1
106.28 106.14 106.07 106.14 105.385 104.91 105.215 104.02 102.395 103.53 -1
106.14 106.28 106.14 106.07 106.14 105.385 104.91 105.215 104.02 102.395 1
106.27 106.14 106.28 106.14 106.07 106.14 105.385 104.91 105.215 104.02 -1
106.01 106.27 106.14 106.28 106.14 106.07 106.14 105.385 104.91 105.215 1
106.495 106.01 106.27 106.14 106.28 106.14 106.07 106.14 105.385 104.91 -1
105.935 106.495 106.01 106.27 106.14 106.28 106.14 106.07 106.14 105.385 -1
105.855 105.935 106.495 106.01 106.27 106.14 106.28 106.14 106.07 106.14 1
106.82 105.855 105.935 106.495 106.01 106.27 106.14 106.28 106.14 106.07 -1
106.67 106.82 105.855 105.935 106.495 106.01 106.27 106.14 106.28 106.14 -1
106.26 106.67 106.82 105.855 105.935 106.495 106.01 106.27 106.14 106.28 1
106.905 106.26 106.67 106.82 105.855 105.935 106.495 106.01 106.27 106.14 -1
106.68 106.905 106.26 106.67 106.82 105.855 105.935 106.495 106.01 106.27 -1
106.255 106.68 106.905 106.26 106.67 106.82 105.855 105.935 106.495 106.01 -1
105.565 106.255 106.68 106.905 106.26 106.67 106.82 105.855 105.935 106.495 1
105.67 105.565 106.255 106.68 106.905 106.26 106.67 106.82 105.855 105.935 1
106.11 105.67 105.565 106.255 106.68 106.905 106.26 106.67 106.82 105.855 1
107.11 106.11 105.67 105.565 106.255 106.68 106.905 106.26 106.67 106.82 -1
106.37 107.11 106.11 105.67 105.565 106.255 106.68 106.905 106.26 106.67 -1
106.03 106.37 107.11 106.11 105.67 105.565 106.255 106.68 106.905 106.26 -1
106.03 106.03 106.37 107.11 106.11 105.67 105.565 106.255 106.68 106.905 -1
105.72 106.03 106.03 106.37 107.11 106.11 105.67 105.565 106.255 106.68 1
105.825 105.72 106.03 106.03 106.37 107.11 106.11 105.67 105.565 106.255 1
105.985 105.825 105.72 106.03 106.03 106.37 107.11 106.11 105.67 105.565 -1
105.87 105.985 105.825 105.72 106.03 106.03 106.37 107.11 106.11 105.67 -1
105.12 105.87 105.985 105.825 105.72 106.03 106.03 106.37 107.11 106.11 1
105.26 105.12 105.87 105.985 105.825 105.72 106.03 106.03 106.37 107.11 -1
104.43 105.26 105.12 105.87 105.985 105.825 105.72 106.03 106.03 106.37 -1
103.835 104.43 105.26 105.12 105.87 105.985 105.825 105.72 106.03 106.03 1
104.11 103.835 104.43 105.26 105.12 105.87 105.985 105.825 105.72 106.03 -1
103.58 104.11 103.835 104.43 105.26 105.12 105.87 105.985 105.825 105.72 1
104.11 103.58 104.11 103.835 104.43 105.26 105.12 105.87 105.985 105.825 1
104.94 104.11 103.58 104.11 103.835 104.43 105.26 105.12 105.87 105.985 -1
104.4 104.94 104.11 103.58 104.11 103.835 104.43 105.26 105.12 105.87 1
105.385 104.4 104.94 104.11 103.58 104.11 103.835 104.43 105.26 105.12 1
105.985 105.385 104.4 104.94 104.11 103.58 104.11 103.835 104.43 105.26 1
106.1 105.985 105.385 104.4 104.94 104.11 103.58 104.11 103.835 104.43 1
106.69 106.1 105.985 105.385 104.4 104.94 104.11 103.58 104.11 103.835 1
106.795 106.69 106.1 105.985 105.385 104.4 104.94 104.11 103.58 104.11 -1
106.155 106.795 106.69 106.1 105.985 105.385 104.4 104.94 104.11 103.58 1
106.165 106.155 106.795 106.69 106.1 105.985 105.385 104.4 104.94 104.11 -1
105.565 106.165 106.155 106.795 106.69 106.1 105.985 105.385 104.4 104.94 1
105.895 105.565 106.165 106.155 106.795 106.69 106.1 105.985 105.385 104.4 -1
105.505 105.895 105.565 106.165 106.155 106.795 106.69 106.1 105.985 105.385 1
105.83 105.505 105.895 105.565 106.165 106.155 106.795 106.69 106.1 105.985 -1
104.04 105.83 105.505 105.895 105.565 106.165 106.155 106.795 106.69 106.1 -1
103.72 104.04 105.83 105.505 105.895 105.565 106.165 106.155 106.795 106.69 1
104.08 103.72 104.04 105.83 105.505 105.895 105.565 106.165 106.155 106.795 1
104.71 104.08 103.72 104.04 105.83 105.505 105.895 105.565 106.165 106.155 -1
104.275 104.71 104.08 103.72 104.04 105.83 105.505 105.895 105.565 106.165 1
104.6 104.275 104.71 104.08 103.72 104.04 105.83 105.505 105.895 105.565 1
104.81 104.6 104.275 104.71 104.08 103.72 104.04 105.83 105.505 105.895 1
105.245 104.81 104.6 104.275 104.71 104.08 103.72 104.04 105.83 105.505 1
105.415 105.245 104.81 104.6 104.275 104.71 104.08 103.72 104.04 105.83 1
105.605 105.415 105.245 104.81 104.6 104.275 104.71 104.08 103.72 104.04 -1
103.81 105.605 105.415 105.245 104.81 104.6 104.275 104.71 104.08 103.72 -1
103.55 103.81 105.605 105.415 105.245 104.81 104.6 104.275 104.71 104.08 -1
103.115 103.55 103.81 105.605 105.415 105.245 104.81 104.6 104.275 104.71 -1
102.87 103.115 103.55 103.81 105.605 105.415 105.245 104.81 104.6 104.275 -1
102.695 102.87 103.115 103.55 103.81 105.605 105.415 105.245 104.81 104.6 -1
102.095 102.695 102.87 103.115 103.55 103.81 105.605 105.415 105.245 104.81 -1
101.745 102.095 102.695 102.87 103.115 103.55 103.81 105.605 105.415 105.245 1
102.5 101.745 102.095 102.695 102.87 103.115 103.55 103.81 105.605 105.415 1
103.35 102.5 101.745 102.095 102.695 102.87 103.115 103.55 103.81 105.605 1
103.525 103.35 102.5 101.745 102.095 102.695 102.87 103.115 103.55 103.81 -1
102.665 103.525 103.35 102.5 101.745 102.095 102.695 102.87 103.115 103.55 1
104.01 102.665 103.525 103.35 102.5 101.745 102.095 102.695 102.87 103.115 -1
102.02 104.01 102.665 103.525 103.35 102.5 101.745 102.095 102.695 102.87 1
103.04 102.02 104.01 102.665 103.525 103.35 102.5 101.745 102.095 102.695 1
103.57 103.04 102.02 104.01 102.665 103.525 103.35 102.5 101.745 102.095 1
103.945 103.57 103.04 102.02 104.01 102.665 103.525 103.35 102.5 101.745 -1
102.84 103.945 103.57 103.04 102.02 104.01 102.665 103.525 103.35 102.5 1
103.15 102.84 103.945 103.57 103.04 102.02 104.01 102.665 103.525 103.35 1
104.49 103.15 102.84 103.945 103.57 103.04 102.02 104.01 102.665 103.525 -1
104.27 104.49 103.15 102.84 103.945 103.57 103.04 102.02 104.01 102.665 1
105.395 104.27 104.49 103.15 102.84 103.945 103.57 103.04 102.02 104.01 -1
104.935 105.395 104.27 104.49 103.15 102.84 103.945 103.57 103.04 102.02 1
105.45 104.935 105.395 104.27 104.49 103.15 102.84 103.945 103.57 103.04 1
105.685 105.45 104.935 105.395 104.27 104.49 103.15 102.84 103.945 103.57 -1
105.495 105.685 105.45 104.935 105.395 104.27 104.49 103.15 102.84 103.945 1
105.63 105.495 105.685 105.45 104.935 105.395 104.27 104.49 103.15 102.84 1
106.79 105.63 105.495 105.685 105.45 104.935 105.395 104.27 104.49 103.15 1
107.04 106.79 105.63 105.495 105.685 105.45 104.935 105.395 104.27 104.49 1
107.37 107.04 106.79 105.63 105.495 105.685 105.45 104.935 105.395 104.27 -1
107.1 107.37 107.04 106.79 105.63 105.495 105.685 105.45 104.935 105.395 -1
107.01 107.1 107.37 107.04 106.79 105.63 105.495 105.685 105.45 104.935 1
107.05 107.01 107.1 107.37 107.04 106.79 105.63 105.495 105.685 105.45 1
107.77 107.05 107.01 107.1 107.37 107.04 106.79 105.63 105.495 105.685 1
108.05 107.77 107.05 107.01 107.1 107.37 107.04 106.79 105.63 105.495 1
109.125 108.05 107.77 107.05 107.01 107.1 107.37 107.04 106.79 105.63 1
109.33 109.125 108.05 107.77 107.05 107.01 107.1 107.37 107.04 106.79 -1
109.24 109.33 109.125 108.05 107.77 107.05 107.01 107.1 107.37 107.04 1
109.365 109.24 109.33 109.125 108.05 107.77 107.05 107.01 107.1 107.37 -1
108.82 109.365 109.24 109.33 109.125 108.05 107.77 107.05 107.01 107.1 1
109.03 108.82 109.365 109.24 109.33 109.125 108.05 107.77 107.05 107.01 -1
108.95 109.03 108.82 109.365 109.24 109.33 109.125 108.05 107.77 107.05 -1
108.355 108.95 109.03 108.82 109.365 109.24 109.33 109.125 108.05 107.77 1
108.97 108.355 108.95 109.03 108.82 109.365 109.24 109.33 109.125 108.05 -1
108.505 108.97 108.355 108.95 109.03 108.82 109.365 109.24 109.33 109.125 -1
108.43 108.505 108.97 108.355 108.95 109.03 108.82 109.365 109.24 109.33 -1
107.43 108.43 108.505 108.97 108.355 108.95 109.03 108.82 109.365 109.24 1
107.94 107.43 108.43 108.505 108.97 108.355 108.95 109.03 108.82 109.365 -1
107.83 107.94 107.43 108.43 108.505 108.97 108.355 108.95 109.03 108.82 1
108.67 107.83 107.94 107.43 108.43 108.505 108.97 108.355 108.95 109.03 1
108.965 108.67 107.83 107.94 107.43 108.43 108.505 108.97 108.355 108.95 -1
108.96 108.965 108.67 107.83 107.94 107.43 108.43 108.505 108.97 108.355 -1
108.855 108.96 108.965 108.67 107.83 107.94 107.43 108.43 108.505 108.97 -1
108.16 108.855 108.96 108.965 108.67 107.83 107.94 107.43 108.43 108.505 1
108.68 108.16 108.855 108.96 108.965 108.67 107.83 107.94 107.43 108.43 -1
108.41 108.68 108.16 108.855 108.96 108.965 108.67 107.83 107.94 107.43 1
108.805 108.41 108.68 108.16 108.855 108.96 108.965 108.67 107.83 107.94 -1
108.395 108.805 108.41 108.68 108.16 108.855 108.96 108.965 108.67 107.83 -1
107.89 108.395 108.805 108.41 108.68 108.16 108.855 108.96 108.965 108.67 1
107.995 107.89 108.395 108.805 108.41 108.68 108.16 108.855 108.96 108.965 -1
107.995 107.995 107.89 108.395 108.805 108.41 108.68 108.16 108.855 108.96 -1
107.165 107.995 107.995 107.89 108.395 108.805 108.41 108.68 108.16 108.855 -1
107.08 107.165 107.995 107.995 107.89 108.395 108.805 108.41 108.68 108.16 1
108.78 107.08 107.165 107.995 107.995 107.89 108.395 108.805 108.41 108.68 1
108.885 108.78 107.08 107.165 107.995 107.995 107.89 108.395 108.805 108.41 1
109.185 108.885 108.78 107.08 107.165 107.995 107.995 107.89 108.395 108.805 1
109.84 109.185 108.885 108.78 107.08 107.165 107.995 107.995 107.89 108.395 -1
109.81 109.84 109.185 108.885 108.78 107.08 107.165 107.995 107.995 107.89 1
110.005 109.81 109.84 109.185 108.885 108.78 107.08 107.165 107.995 107.995 1
110.07 110.005 109.81 109.84 109.185 108.885 108.78 107.08 107.165 107.995 -1
109.58 110.07 110.005 109.81 109.84 109.185 108.885 108.78 107.08 107.165 -1
109.015 109.58 110.07 110.005 109.81 109.84 109.185 108.885 108.78 107.08 -1
108.45 109.015 109.58 110.07 110.005 109.81 109.84 109.185 108.885 108.78 1
108.75 108.45 109.015 109.58 110.07 110.005 109.81 109.84 109.185 108.885 -1
107.315 108.75 108.45 109.015 109.58 110.07 110.005 109.81 109.84 109.185 -1
107.195 107.315 108.75 108.45 109.015 109.58 110.07 110.005 109.81 109.84 -1
107.05 107.195 107.315 108.75 108.45 109.015 109.58 110.07 110.005 109.81 1
107.195 107.05 107.195 107.315 108.75 108.45 109.015 109.58 110.07 110.005 1
107.97 107.195 107.05 107.195 107.315 108.75 108.45 109.015 109.58 110.07 1
109.115 107.97 107.195 107.05 107.195 107.315 108.75 108.45 109.015 109.58 -1
108.92 109.115 107.97 107.195 107.05 107.195 107.315 108.75 108.45 109.015 -1
108.68 108.92 109.115 107.97 107.195 107.05 107.195 107.315 108.75 108.45 1
108.98 108.68 108.92 109.115 107.97 107.195 107.05 107.195 107.315 108.75 -1
108.41 108.98 108.68 108.92 109.115 107.97 107.195 107.05 107.195 107.315 -1
108.15 108.41 108.98 108.68 108.92 109.115 107.97 107.195 107.05 107.195 -1
107.97 108.15 108.41 108.98 108.68 108.92 109.115 107.97 107.195 107.05 1
108.04 107.97 108.15 108.41 108.98 108.68 108.92 109.115 107.97 107.195 -1
