-0.031468  0.020937  0.011085  0.052318  0.023038  -0.012402  -1.40000000000001e-05  -0.036912  0.016865  -0.014147  1
-0.001148  -0.031468  0.020937  0.011085  0.052318  0.023038  -0.012402  -1.40000000000001e-05  -0.036912  0.016865  1
0.047165  -0.001148  -0.031468  0.020937  0.011085  0.052318  0.023038  -0.012402  -1.40000000000001e-05  -0.036912  -1
-0.050287  0.047165  -0.001148  -0.031468  0.020937  0.011085  0.052318  0.023038  -0.012402  -1.40000000000001e-05  1
0.02021  -0.050287  0.047165  -0.001148  -0.031468  0.020937  0.011085  0.052318  0.023038  -0.012402  -1
-0.052901  0.02021  -0.050287  0.047165  -0.001148  -0.031468  0.020937  0.011085  0.052318  0.023038  1
-0.037914  -0.052901  0.02021  -0.050287  0.047165  -0.001148  -0.031468  0.020937  0.011085  0.052318  1
-0.035729  -0.037914  -0.052901  0.02021  -0.050287  0.047165  -0.001148  -0.031468  0.020937  0.011085  -1
-0.060613  -0.035729  -0.037914  -0.052901  0.02021  -0.050287  0.047165  -0.001148  -0.031468  0.020937  1
0.030029  -0.060613  -0.035729  -0.037914  -0.052901  0.02021  -0.050287  0.047165  -0.001148  -0.031468  -1
-0.01397  0.030029  -0.060613  -0.035729  -0.037914  -0.052901  0.02021  -0.050287  0.047165  -0.001148  -1
-0.078347  -0.01397  0.030029  -0.060613  -0.035729  -0.037914  -0.052901  0.02021  -0.050287  0.047165  1
-0.03547  -0.078347  -0.01397  0.030029  -0.060613  -0.035729  -0.037914  -0.052901  0.02021  -0.050287  1
0.027708  -0.03547  -0.078347  -0.01397  0.030029  -0.060613  -0.035729  -0.037914  -0.052901  0.02021  -1
0.020366  0.027708  -0.03547  -0.078347  -0.01397  0.030029  -0.060613  -0.035729  -0.037914  -0.052901  -1
-0.011351  0.020366  0.027708  -0.03547  -0.078347  -0.01397  0.030029  -0.060613  -0.035729  -0.037914  1
0.023018  -0.011351  0.020366  0.027708  -0.03547  -0.078347  -0.01397  0.030029  -0.060613  -0.035729  -1
0.006297  0.023018  -0.011351  0.020366  0.027708  -0.03547  -0.078347  -0.01397  0.030029  -0.060613  -1
0.00254600000000002  0.006297  0.023018  -0.011351  0.020366  0.027708  -0.03547  -0.078347  -0.01397  0.030029  -1
0.00151199999999999  0.00254600000000002  0.006297  0.023018  -0.011351  0.020366  0.027708  -0.03547  -0.078347  -0.01397  -1
-0.020188  0.00151199999999999  0.00254600000000002  0.006297  0.023018  -0.011351  0.020366  0.027708  -0.03547  -0.078347  -1
-0.0289  -0.020188  0.00151199999999999  0.00254600000000002  0.006297  0.023018  -0.011351  0.020366  0.027708  -0.03547  1
0.011504  -0.0289  -0.020188  0.00151199999999999  0.00254600000000002  0.006297  0.023018  -0.011351  0.020366  0.027708  -1
-0.021886  0.011504  -0.0289  -0.020188  0.00151199999999999  0.00254600000000002  0.006297  0.023018  -0.011351  0.020366  1
-0.00777399999999995  -0.021886  0.011504  -0.0289  -0.020188  0.00151199999999999  0.00254600000000002  0.006297  0.023018  -0.011351  -1
-0.0306090000000001  -0.00777399999999995  -0.021886  0.011504  -0.0289  -0.020188  0.00151199999999999  0.00254600000000002  0.006297  0.023018  1
-0.024228  -0.0306090000000001  -0.00777399999999995  -0.021886  0.011504  -0.0289  -0.020188  0.00151199999999999  0.00254600000000002  0.006297  1
0.05462  -0.024228  -0.0306090000000001  -0.00777399999999995  -0.021886  0.011504  -0.0289  -0.020188  0.00151199999999999  0.00254600000000002  -1
0.035222  0.05462  -0.024228  -0.0306090000000001  -0.00777399999999995  -0.021886  0.011504  -0.0289  -0.020188  0.00151199999999999  -1
0.016078  0.035222  0.05462  -0.024228  -0.0306090000000001  -0.00777399999999995  -0.021886  0.011504  -0.0289  -0.020188  -1
-0.036977  0.016078  0.035222  0.05462  -0.024228  -0.0306090000000001  -0.00777399999999995  -0.021886  0.011504  -0.0289  1
-0.026995  -0.036977  0.016078  0.035222  0.05462  -0.024228  -0.0306090000000001  -0.00777399999999995  -0.021886  0.011504  1
0.020002  -0.026995  -0.036977  0.016078  0.035222  0.05462  -0.024228  -0.0306090000000001  -0.00777399999999995  -0.021886  -1
-0.00987399999999999  0.020002  -0.026995  -0.036977  0.016078  0.035222  0.05462  -0.024228  -0.0306090000000001  -0.00777399999999995  1
0.00147900000000001  -0.00987399999999999  0.020002  -0.026995  -0.036977  0.016078  0.035222  0.05462  -0.024228  -0.0306090000000001  -1
-0.00900900000000004  0.00147900000000001  -0.00987399999999999  0.020002  -0.026995  -0.036977  0.016078  0.035222  0.05462  -0.024228  1
0.00483600000000001  -0.00900900000000004  0.00147900000000001  -0.00987399999999999  0.020002  -0.026995  -0.036977  0.016078  0.035222  0.05462  1
0.00798599999999999  0.00483600000000001  -0.00900900000000004  0.00147900000000001  -0.00987399999999999  0.020002  -0.026995  -0.036977  0.016078  0.035222  -1
-0.057078  0.00798599999999999  0.00483600000000001  -0.00900900000000004  0.00147900000000001  -0.00987399999999999  0.020002  -0.026995  -0.036977  0.016078  1
-0.018207  -0.057078  0.00798599999999999  0.00483600000000001  -0.00900900000000004  0.00147900000000001  -0.00987399999999999  0.020002  -0.026995  -0.036977  1
0.013978  -0.018207  -0.057078  0.00798599999999999  0.00483600000000001  -0.00900900000000004  0.00147900000000001  -0.00987399999999999  0.020002  -0.026995  -1
0.000143000000000004  0.013978  -0.018207  -0.057078  0.00798599999999999  0.00483600000000001  -0.00900900000000004  0.00147900000000001  -0.00987399999999999  0.020002  1
0.020978  0.000143000000000004  0.013978  -0.018207  -0.057078  0.00798599999999999  0.00483600000000001  -0.00900900000000004  0.00147900000000001  -0.00987399999999999  -1
0.017674  0.020978  0.000143000000000004  0.013978  -0.018207  -0.057078  0.00798599999999999  0.00483600000000001  -0.00900900000000004  0.00147900000000001  -1
-0.025556  0.017674  0.020978  0.000143000000000004  0.013978  -0.018207  -0.057078  0.00798599999999999  0.00483600000000001  -0.00900900000000004  -1
-0.028424  -0.025556  0.017674  0.020978  0.000143000000000004  0.013978  -0.018207  -0.057078  0.00798599999999999  0.00483600000000001  -1
-0.050096  -0.028424  -0.025556  0.017674  0.020978  0.000143000000000004  0.013978  -0.018207  -0.057078  0.00798599999999999  1
0.052539  -0.050096  -0.028424  -0.025556  0.017674  0.020978  0.000143000000000004  0.013978  -0.018207  -0.057078  -1
-0.012199  0.052539  -0.050096  -0.028424  -0.025556  0.017674  0.020978  0.000143000000000004  0.013978  -0.018207  1
-0.00437699999999996  -0.012199  0.052539  -0.050096  -0.028424  -0.025556  0.017674  0.020978  0.000143000000000004  0.013978  1
0.081073  -0.00437699999999996  -0.012199  0.052539  -0.050096  -0.028424  -0.025556  0.017674  0.020978  0.000143000000000004  -1
0.011442  0.081073  -0.00437699999999996  -0.012199  0.052539  -0.050096  -0.028424  -0.025556  0.017674  0.020978  1
0.020184  0.011442  0.081073  -0.00437699999999996  -0.012199  0.052539  -0.050096  -0.028424  -0.025556  0.017674  1
0.056225  0.020184  0.011442  0.081073  -0.00437699999999996  -0.012199  0.052539  -0.050096  -0.028424  -0.025556  -1
-0.00167300000000001  0.056225  0.020184  0.011442  0.081073  -0.00437699999999996  -0.012199  0.052539  -0.050096  -0.028424  -1
-0.02447  -0.00167300000000001  0.056225  0.020184  0.011442  0.081073  -0.00437699999999996  -0.012199  0.052539  -0.050096  1
0.015108  -0.02447  -0.00167300000000001  0.056225  0.020184  0.011442  0.081073  -0.00437699999999996  -0.012199  0.052539  1
0.048654  0.015108  -0.02447  -0.00167300000000001  0.056225  0.020184  0.011442  0.081073  -0.00437699999999996  -0.012199  -1
-0.014184  0.048654  0.015108  -0.02447  -0.00167300000000001  0.056225  0.020184  0.011442  0.081073  -0.00437699999999996  -1
-0.014943  -0.014184  0.048654  0.015108  -0.02447  -0.00167300000000001  0.056225  0.020184  0.011442  0.081073  1
0.024536  -0.014943  -0.014184  0.048654  0.015108  -0.02447  -0.00167300000000001  0.056225  0.020184  0.011442  1
0.0299  0.024536  -0.014943  -0.014184  0.048654  0.015108  -0.02447  -0.00167300000000001  0.056225  0.020184  -1
-0.03066  0.0299  0.024536  -0.014943  -0.014184  0.048654  0.015108  -0.02447  -0.00167300000000001  0.056225  1
-0.010227  -0.03066  0.0299  0.024536  -0.014943  -0.014184  0.048654  0.015108  -0.02447  -0.00167300000000001  -1
-0.013627  -0.010227  -0.03066  0.0299  0.024536  -0.014943  -0.014184  0.048654  0.015108  -0.02447  1
0.036638  -0.013627  -0.010227  -0.03066  0.0299  0.024536  -0.014943  -0.014184  0.048654  0.015108  -1
-0.00384199999999998  0.036638  -0.013627  -0.010227  -0.03066  0.0299  0.024536  -0.014943  -0.014184  0.048654  1
0.023065  -0.00384199999999998  0.036638  -0.013627  -0.010227  -0.03066  0.0299  0.024536  -0.014943  -0.014184  -1
-0.051275  0.023065  -0.00384199999999998  0.036638  -0.013627  -0.010227  -0.03066  0.0299  0.024536  -0.014943  1
0.069376  -0.051275  0.023065  -0.00384199999999998  0.036638  -0.013627  -0.010227  -0.03066  0.0299  0.024536  -1
-0.039439  0.069376  -0.051275  0.023065  -0.00384199999999998  0.036638  -0.013627  -0.010227  -0.03066  0.0299  1
-0.019878  -0.039439  0.069376  -0.051275  0.023065  -0.00384199999999998  0.036638  -0.013627  -0.010227  -0.03066  1
-0.018549  -0.019878  -0.039439  0.069376  -0.051275  0.023065  -0.00384199999999998  0.036638  -0.013627  -0.010227  1
-0.010343  -0.018549  -0.019878  -0.039439  0.069376  -0.051275  0.023065  -0.00384199999999998  0.036638  -0.013627  1
-0.006219  -0.010343  -0.018549  -0.019878  -0.039439  0.069376  -0.051275  0.023065  -0.00384199999999998  0.036638  -1
-0.020415  -0.006219  -0.010343  -0.018549  -0.019878  -0.039439  0.069376  -0.051275  0.023065  -0.00384199999999998  1
0.021683  -0.020415  -0.006219  -0.010343  -0.018549  -0.019878  -0.039439  0.069376  -0.051275  0.023065  -1
-0.083187  0.021683  -0.020415  -0.006219  -0.010343  -0.018549  -0.019878  -0.039439  0.069376  -0.051275  1
0.078086  -0.083187  0.021683  -0.020415  -0.006219  -0.010343  -0.018549  -0.019878  -0.039439  0.069376  -1
-0.023611  0.078086  -0.083187  0.021683  -0.020415  -0.006219  -0.010343  -0.018549  -0.019878  -0.039439  1
0.05819  -0.023611  0.078086  -0.083187  0.021683  -0.020415  -0.006219  -0.010343  -0.018549  -0.019878  -1
-0.052805  0.05819  -0.023611  0.078086  -0.083187  0.021683  -0.020415  -0.006219  -0.010343  -0.018549  1
-0.050416  -0.052805  0.05819  -0.023611  0.078086  -0.083187  0.021683  -0.020415  -0.006219  -0.010343  1
0.030458  -0.050416  -0.052805  0.05819  -0.023611  0.078086  -0.083187  0.021683  -0.020415  -0.006219  -1
-0.049601  0.030458  -0.050416  -0.052805  0.05819  -0.023611  0.078086  -0.083187  0.021683  -0.020415  1
-0.031487  -0.049601  0.030458  -0.050416  -0.052805  0.05819  -0.023611  0.078086  -0.083187  0.021683  1
-0.00462499999999999  -0.031487  -0.049601  0.030458  -0.050416  -0.052805  0.05819  -0.023611  0.078086  -0.083187  1
0.077978  -0.00462499999999999  -0.031487  -0.049601  0.030458  -0.050416  -0.052805  0.05819  -0.023611  0.078086  -1
0.065655  0.077978  -0.00462499999999999  -0.031487  -0.049601  0.030458  -0.050416  -0.052805  0.05819  -0.023611  1
0.119148  0.065655  0.077978  -0.00462499999999999  -0.031487  -0.049601  0.030458  -0.050416  -0.052805  0.05819  -1
0.012493  0.119148  0.065655  0.077978  -0.00462499999999999  -0.031487  -0.049601  0.030458  -0.050416  -0.052805  1
0.031624  0.012493  0.119148  0.065655  0.077978  -0.00462499999999999  -0.031487  -0.049601  0.030458  -0.050416  1
0.043588  0.031624  0.012493  0.119148  0.065655  0.077978  -0.00462499999999999  -0.031487  -0.049601  0.030458  1
0.052802  0.043588  0.031624  0.012493  0.119148  0.065655  0.077978  -0.00462499999999999  -0.031487  -0.049601  -1
-0.00490400000000001  0.052802  0.043588  0.031624  0.012493  0.119148  0.065655  0.077978  -0.00462499999999999  -0.031487  1
-0.00426499999999999  -0.00490400000000001  0.052802  0.043588  0.031624  0.012493  0.119148  0.065655  0.077978  -0.00462499999999999  1
0.045532  -0.00426499999999999  -0.00490400000000001  0.052802  0.043588  0.031624  0.012493  0.119148  0.065655  0.077978  -1
0  0.045532  -0.00426499999999999  -0.00490400000000001  0.052802  0.043588  0.031624  0.012493  0.119148  0.065655  1
0.040436  0  0.045532  -0.00426499999999999  -0.00490400000000001  0.052802  0.043588  0.031624  0.012493  0.119148  -1
-0.045948  0.040436  0  0.045532  -0.00426499999999999  -0.00490400000000001  0.052802  0.043588  0.031624  0.012493  1
0.018962  -0.045948  0.040436  0  0.045532  -0.00426499999999999  -0.00490400000000001  0.052802  0.043588  0.031624  1
0.0726  0.018962  -0.045948  0.040436  0  0.045532  -0.00426499999999999  -0.00490400000000001  0.052802  0.043588  -1
0.023625  0.0726  0.018962  -0.045948  0.040436  0  0.045532  -0.00426499999999999  -0.00490400000000001  0.052802  -1
0.016714  0.023625  0.0726  0.018962  -0.045948  0.040436  0  0.045532  -0.00426499999999999  -0.00490400000000001  -1
-0.000494000000000022  0.016714  0.023625  0.0726  0.018962  -0.045948  0.040436  0  0.045532  -0.00426499999999999  1
0.00689900000000002  -0.000494000000000022  0.016714  0.023625  0.0726  0.018962  -0.045948  0.040436  0  0.045532  -1
0.00306299999999998  0.00689900000000002  -0.000494000000000022  0.016714  0.023625  0.0726  0.018962  -0.045948  0.040436  0  1
0.004885  0.00306299999999998  0.00689900000000002  -0.000494000000000022  0.016714  0.023625  0.0726  0.018962  -0.045948  0.040436  -1
-0.00935499999999997  0.004885  0.00306299999999998  0.00689900000000002  -0.000494000000000022  0.016714  0.023625  0.0726  0.018962  -0.045948  1
0.014096  -0.00935499999999997  0.004885  0.00306299999999998  0.00689900000000002  -0.000494000000000022  0.016714  0.023625  0.0726  0.018962  1
0.034575  0.014096  -0.00935499999999997  0.004885  0.00306299999999998  0.00689900000000002  -0.000494000000000022  0.016714  0.023625  0.0726  -1
0.016134  0.034575  0.014096  -0.00935499999999997  0.004885  0.00306299999999998  0.00689900000000002  -0.000494000000000022  0.016714  0.023625  -1
0.010921  0.016134  0.034575  0.014096  -0.00935499999999997  0.004885  0.00306299999999998  0.00689900000000002  -0.000494000000000022  0.016714  -1
0.00438700000000003  0.010921  0.016134  0.034575  0.014096  -0.00935499999999997  0.004885  0.00306299999999998  0.00689900000000002  -0.000494000000000022  -1
-0.00625599999999998  0.00438700000000003  0.010921  0.016134  0.034575  0.014096  -0.00935499999999997  0.004885  0.00306299999999998  0.00689900000000002  -1
-0.045295  -0.00625599999999998  0.00438700000000003  0.010921  0.016134  0.034575  0.014096  -0.00935499999999997  0.004885  0.00306299999999998  1
-0.024928  -0.045295  -0.00625599999999998  0.00438700000000003  0.010921  0.016134  0.034575  0.014096  -0.00935499999999997  0.004885  -1
-0.047141  -0.024928  -0.045295  -0.00625599999999998  0.00438700000000003  0.010921  0.016134  0.034575  0.014096  -0.00935499999999997  1
-0.00870799999999999  -0.047141  -0.024928  -0.045295  -0.00625599999999998  0.00438700000000003  0.010921  0.016134  0.034575  0.014096  1
0.02742  -0.00870799999999999  -0.047141  -0.024928  -0.045295  -0.00625599999999998  0.00438700000000003  0.010921  0.016134  0.034575  -1
-0.00356100000000001  0.02742  -0.00870799999999999  -0.047141  -0.024928  -0.045295  -0.00625599999999998  0.00438700000000003  0.010921  0.016134  1
0.026372  -0.00356100000000001  0.02742  -0.00870799999999999  -0.047141  -0.024928  -0.045295  -0.00625599999999998  0.00438700000000003  0.010921  -1
-0.032168  0.026372  -0.00356100000000001  0.02742  -0.00870799999999999  -0.047141  -0.024928  -0.045295  -0.00625599999999998  0.00438700000000003  1
-0.030724  -0.032168  0.026372  -0.00356100000000001  0.02742  -0.00870799999999999  -0.047141  -0.024928  -0.045295  -0.00625599999999998  1
-0.015057  -0.030724  -0.032168  0.026372  -0.00356100000000001  0.02742  -0.00870799999999999  -0.047141  -0.024928  -0.045295  1
-0.011432  -0.015057  -0.030724  -0.032168  0.026372  -0.00356100000000001  0.02742  -0.00870799999999999  -0.047141  -0.024928  -1
-0.112017  -0.011432  -0.015057  -0.030724  -0.032168  0.026372  -0.00356100000000001  0.02742  -0.00870799999999999  -0.047141  1
-0.083715  -0.112017  -0.011432  -0.015057  -0.030724  -0.032168  0.026372  -0.00356100000000001  0.02742  -0.00870799999999999  1
-0.041281  -0.083715  -0.112017  -0.011432  -0.015057  -0.030724  -0.032168  0.026372  -0.00356100000000001  0.02742  1
-0.019151  -0.041281  -0.083715  -0.112017  -0.011432  -0.015057  -0.030724  -0.032168  0.026372  -0.00356100000000001  -1
-0.036383  -0.019151  -0.041281  -0.083715  -0.112017  -0.011432  -0.015057  -0.030724  -0.032168  0.026372  1
0.017223  -0.036383  -0.019151  -0.041281  -0.083715  -0.112017  -0.011432  -0.015057  -0.030724  -0.032168  1
0.027686  0.017223  -0.036383  -0.019151  -0.041281  -0.083715  -0.112017  -0.011432  -0.015057  -0.030724  -1
-0.041416  0.027686  0.017223  -0.036383  -0.019151  -0.041281  -0.083715  -0.112017  -0.011432  -0.015057  1
0.02191  -0.041416  0.027686  0.017223  -0.036383  -0.019151  -0.041281  -0.083715  -0.112017  -0.011432  -1
-0.028615  0.02191  -0.041416  0.027686  0.017223  -0.036383  -0.019151  -0.041281  -0.083715  -0.112017  -1
-0.042449  -0.028615  0.02191  -0.041416  0.027686  0.017223  -0.036383  -0.019151  -0.041281  -0.083715  -1
-0.059001  -0.042449  -0.028615  0.02191  -0.041416  0.027686  0.017223  -0.036383  -0.019151  -0.041281  1
8.09999999999977e-05  -0.059001  -0.042449  -0.028615  0.02191  -0.041416  0.027686  0.017223  -0.036383  -0.019151  1
0.033483  8.09999999999977e-05  -0.059001  -0.042449  -0.028615  0.02191  -0.041416  0.027686  0.017223  -0.036383  -1
-0.041756  0.033483  8.09999999999977e-05  -0.059001  -0.042449  -0.028615  0.02191  -0.041416  0.027686  0.017223  1
0.015368  -0.041756  0.033483  8.09999999999977e-05  -0.059001  -0.042449  -0.028615  0.02191  -0.041416  0.027686  -1
-0.022514  0.015368  -0.041756  0.033483  8.09999999999977e-05  -0.059001  -0.042449  -0.028615  0.02191  -0.041416  1
0.034163  -0.022514  0.015368  -0.041756  0.033483  8.09999999999977e-05  -0.059001  -0.042449  -0.028615  0.02191  1
0.052497  0.034163  -0.022514  0.015368  -0.041756  0.033483  8.09999999999977e-05  -0.059001  -0.042449  -0.028615  -1
-0.035572  0.052497  0.034163  -0.022514  0.015368  -0.041756  0.033483  8.09999999999977e-05  -0.059001  -0.042449  1
-0.00120900000000002  -0.035572  0.052497  0.034163  -0.022514  0.015368  -0.041756  0.033483  8.09999999999977e-05  -0.059001  1
0.085537  -0.00120900000000002  -0.035572  0.052497  0.034163  -0.022514  0.015368  -0.041756  0.033483  8.09999999999977e-05  -1
0.01817  0.085537  -0.00120900000000002  -0.035572  0.052497  0.034163  -0.022514  0.015368  -0.041756  0.033483  -1
-0.013558  0.01817  0.085537  -0.00120900000000002  -0.035572  0.052497  0.034163  -0.022514  0.015368  -0.041756  1
0.036853  -0.013558  0.01817  0.085537  -0.00120900000000002  -0.035572  0.052497  0.034163  -0.022514  0.015368  1
0.050551  0.036853  -0.013558  0.01817  0.085537  -0.00120900000000002  -0.035572  0.052497  0.034163  -0.022514  -1
-0.021554  0.050551  0.036853  -0.013558  0.01817  0.085537  -0.00120900000000002  -0.035572  0.052497  0.034163  1
-0.006983  -0.021554  0.050551  0.036853  -0.013558  0.01817  0.085537  -0.00120900000000002  -0.035572  0.052497  -1
-0.013961  -0.006983  -0.021554  0.050551  0.036853  -0.013558  0.01817  0.085537  -0.00120900000000002  -0.035572  1
0.014698  -0.013961  -0.006983  -0.021554  0.050551  0.036853  -0.013558  0.01817  0.085537  -0.00120900000000002  -1
-0.00421300000000001  0.014698  -0.013961  -0.006983  -0.021554  0.050551  0.036853  -0.013558  0.01817  0.085537  1
0.000760000000000011  -0.00421300000000001  0.014698  -0.013961  -0.006983  -0.021554  0.050551  0.036853  -0.013558  0.01817  -1
-0.00775600000000001  0.000760000000000011  -0.00421300000000001  0.014698  -0.013961  -0.006983  -0.021554  0.050551  0.036853  -0.013558  1
0.00210900000000001  -0.00775600000000001  0.000760000000000011  -0.00421300000000001  0.014698  -0.013961  -0.006983  -0.021554  0.050551  0.036853  -1
-0.00785300000000001  0.00210900000000001  -0.00775600000000001  0.000760000000000011  -0.00421300000000001  0.014698  -0.013961  -0.006983  -0.021554  0.050551  1
0.00261700000000001  -0.00785300000000001  0.00210900000000001  -0.00775600000000001  0.000760000000000011  -0.00421300000000001  0.014698  -0.013961  -0.006983  -0.021554  1
0.031749  0.00261700000000001  -0.00785300000000001  0.00210900000000001  -0.00775600000000001  0.000760000000000011  -0.00421300000000001  0.014698  -0.013961  -0.006983  1
0.04244  0.031749  0.00261700000000001  -0.00785300000000001  0.00210900000000001  -0.00775600000000001  0.000760000000000011  -0.00421300000000001  0.014698  -0.013961  -1
0.025894  0.04244  0.031749  0.00261700000000001  -0.00785300000000001  0.00210900000000001  -0.00775600000000001  0.000760000000000011  -0.00421300000000001  0.014698  1
0.046996  0.025894  0.04244  0.031749  0.00261700000000001  -0.00785300000000001  0.00210900000000001  -0.00775600000000001  0.000760000000000011  -0.00421300000000001  -1
-0.027575  0.046996  0.025894  0.04244  0.031749  0.00261700000000001  -0.00785300000000001  0.00210900000000001  -0.00775600000000001  0.000760000000000011  1
0.010712  -0.027575  0.046996  0.025894  0.04244  0.031749  0.00261700000000001  -0.00785300000000001  0.00210900000000001  -0.00775600000000001  -1
0.000377999999999996  0.010712  -0.027575  0.046996  0.025894  0.04244  0.031749  0.00261700000000001  -0.00785300000000001  0.00210900000000001  -1
-0.04387  0.000377999999999996  0.010712  -0.027575  0.046996  0.025894  0.04244  0.031749  0.00261700000000001  -0.00785300000000001  1
-0.017781  -0.04387  0.000377999999999996  0.010712  -0.027575  0.046996  0.025894  0.04244  0.031749  0.00261700000000001  1
0.007688  -0.017781  -0.04387  0.000377999999999996  0.010712  -0.027575  0.046996  0.025894  0.04244  0.031749  -1
-0.051922  0.007688  -0.017781  -0.04387  0.000377999999999996  0.010712  -0.027575  0.046996  0.025894  0.04244  1
0.014536  -0.051922  0.007688  -0.017781  -0.04387  0.000377999999999996  0.010712  -0.027575  0.046996  0.025894  -1
-0.013528  0.014536  -0.051922  0.007688  -0.017781  -0.04387  0.000377999999999996  0.010712  -0.027575  0.046996  1
0.01593  -0.013528  0.014536  -0.051922  0.007688  -0.017781  -0.04387  0.000377999999999996  0.010712  -0.027575  -1
-0.017784  0.01593  -0.013528  0.014536  -0.051922  0.007688  -0.017781  -0.04387  0.000377999999999996  0.010712  1
0.040273  -0.017784  0.01593  -0.013528  0.014536  -0.051922  0.007688  -0.017781  -0.04387  0.000377999999999996  -1
-0.032517  0.040273  -0.017784  0.01593  -0.013528  0.014536  -0.051922  0.007688  -0.017781  -0.04387  1
-0.011222  -0.032517  0.040273  -0.017784  0.01593  -0.013528  0.014536  -0.051922  0.007688  -0.017781  1
0.035446  -0.011222  -0.032517  0.040273  -0.017784  0.01593  -0.013528  0.014536  -0.051922  0.007688  -1
-0.032465  0.035446  -0.011222  -0.032517  0.040273  -0.017784  0.01593  -0.013528  0.014536  -0.051922  -1
-0.044254  -0.032465  0.035446  -0.011222  -0.032517  0.040273  -0.017784  0.01593  -0.013528  0.014536  1
0.00539300000000001  -0.044254  -0.032465  0.035446  -0.011222  -0.032517  0.040273  -0.017784  0.01593  -0.013528  1
0.049471  0.00539300000000001  -0.044254  -0.032465  0.035446  -0.011222  -0.032517  0.040273  -0.017784  0.01593  -1
-0.043159  0.049471  0.00539300000000001  -0.044254  -0.032465  0.035446  -0.011222  -0.032517  0.040273  -0.017784  1
0.018908  -0.043159  0.049471  0.00539300000000001  -0.044254  -0.032465  0.035446  -0.011222  -0.032517  0.040273  -1
-0.020308  0.018908  -0.043159  0.049471  0.00539300000000001  -0.044254  -0.032465  0.035446  -0.011222  -0.032517  1
-0.011581  -0.020308  0.018908  -0.043159  0.049471  0.00539300000000001  -0.044254  -0.032465  0.035446  -0.011222  -1
-0.013425  -0.011581  -0.020308  0.018908  -0.043159  0.049471  0.00539300000000001  -0.044254  -0.032465  0.035446  -1
-0.018736  -0.013425  -0.011581  -0.020308  0.018908  -0.043159  0.049471  0.00539300000000001  -0.044254  -0.032465  -1
-0.11618  -0.018736  -0.013425  -0.011581  -0.020308  0.018908  -0.043159  0.049471  0.00539300000000001  -0.044254  1
-0.01518  -0.11618  -0.018736  -0.013425  -0.011581  -0.020308  0.018908  -0.043159  0.049471  0.00539300000000001  1
-0.011947  -0.01518  -0.11618  -0.018736  -0.013425  -0.011581  -0.020308  0.018908  -0.043159  0.049471  -1
-0.012299  -0.011947  -0.01518  -0.11618  -0.018736  -0.013425  -0.011581  -0.020308  0.018908  -0.043159  1
0.059095  -0.012299  -0.011947  -0.01518  -0.11618  -0.018736  -0.013425  -0.011581  -0.020308  0.018908  -1
0.041826  0.059095  -0.012299  -0.011947  -0.01518  -0.11618  -0.018736  -0.013425  -0.011581  -0.020308  -1
0.021765  0.041826  0.059095  -0.012299  -0.011947  -0.01518  -0.11618  -0.018736  -0.013425  -0.011581  -1
0.019713  0.021765  0.041826  0.059095  -0.012299  -0.011947  -0.01518  -0.11618  -0.018736  -0.013425  1
0.043472  0.019713  0.021765  0.041826  0.059095  -0.012299  -0.011947  -0.01518  -0.11618  -0.018736  -1
-0.022898  0.043472  0.019713  0.021765  0.041826  0.059095  -0.012299  -0.011947  -0.01518  -0.11618  1
0.00947600000000001  -0.022898  0.043472  0.019713  0.021765  0.041826  0.059095  -0.012299  -0.011947  -0.01518  1
0.047135  0.00947600000000001  -0.022898  0.043472  0.019713  0.021765  0.041826  0.059095  -0.012299  -0.011947  -1
-0.013817  0.047135  0.00947600000000001  -0.022898  0.043472  0.019713  0.021765  0.041826  0.059095  -0.012299  1
0.033288  -0.013817  0.047135  0.00947600000000001  -0.022898  0.043472  0.019713  0.021765  0.041826  0.059095  -1
0.010004  0.033288  -0.013817  0.047135  0.00947600000000001  -0.022898  0.043472  0.019713  0.021765  0.041826  1
0.069178  0.010004  0.033288  -0.013817  0.047135  0.00947600000000001  -0.022898  0.043472  0.019713  0.021765  -1
0.029467  0.069178  0.010004  0.033288  -0.013817  0.047135  0.00947600000000001  -0.022898  0.043472  0.019713  -1
-0.038288  0.029467  0.069178  0.010004  0.033288  -0.013817  0.047135  0.00947600000000001  -0.022898  0.043472  1
0.017535  -0.038288  0.029467  0.069178  0.010004  0.033288  -0.013817  0.047135  0.00947600000000001  -0.022898  -1
-0.025267  0.017535  -0.038288  0.029467  0.069178  0.010004  0.033288  -0.013817  0.047135  0.00947600000000001  1
0.069965  -0.025267  0.017535  -0.038288  0.029467  0.069178  0.010004  0.033288  -0.013817  0.047135  -1
-0.062344  0.069965  -0.025267  0.017535  -0.038288  0.029467  0.069178  0.010004  0.033288  -0.013817  1
-0.002181  -0.062344  0.069965  -0.025267  0.017535  -0.038288  0.029467  0.069178  0.010004  0.033288  -1
-0.016623  -0.002181  -0.062344  0.069965  -0.025267  0.017535  -0.038288  0.029467  0.069178  0.010004  1
0.035478  -0.016623  -0.002181  -0.062344  0.069965  -0.025267  0.017535  -0.038288  0.029467  0.069178  -1
-0.030833  0.035478  -0.016623  -0.002181  -0.062344  0.069965  -0.025267  0.017535  -0.038288  0.029467  1
0.030888  -0.030833  0.035478  -0.016623  -0.002181  -0.062344  0.069965  -0.025267  0.017535  -0.038288  -1
-0.020535  0.030888  -0.030833  0.035478  -0.016623  -0.002181  -0.062344  0.069965  -0.025267  0.017535  1
0.003382  -0.020535  0.030888  -0.030833  0.035478  -0.016623  -0.002181  -0.062344  0.069965  -0.025267  1
0.009987  0.003382  -0.020535  0.030888  -0.030833  0.035478  -0.016623  -0.002181  -0.062344  0.069965  -1
-0.042479  0.009987  0.003382  -0.020535  0.030888  -0.030833  0.035478  -0.016623  -0.002181  -0.062344  1
0.031258  -0.042479  0.009987  0.003382  -0.020535  0.030888  -0.030833  0.035478  -0.016623  -0.002181  1
0.036235  0.031258  -0.042479  0.009987  0.003382  -0.020535  0.030888  -0.030833  0.035478  -0.016623  -1
-0.003269  0.036235  0.031258  -0.042479  0.009987  0.003382  -0.020535  0.030888  -0.030833  0.035478  1
0.144358  -0.003269  0.036235  0.031258  -0.042479  0.009987  0.003382  -0.020535  0.030888  -0.030833  -1
0.072257  0.144358  -0.003269  0.036235  0.031258  -0.042479  0.009987  0.003382  -0.020535  0.030888  1
0.122845  0.072257  0.144358  -0.003269  0.036235  0.031258  -0.042479  0.009987  0.003382  -0.020535  -1
-0.013158  0.122845  0.072257  0.144358  -0.003269  0.036235  0.031258  -0.042479  0.009987  0.003382  1
0.070151  -0.013158  0.122845  0.072257  0.144358  -0.003269  0.036235  0.031258  -0.042479  0.009987  -1
0.013314  0.070151  -0.013158  0.122845  0.072257  0.144358  -0.003269  0.036235  0.031258  -0.042479  -1
-0.03277  0.013314  0.070151  -0.013158  0.122845  0.072257  0.144358  -0.003269  0.036235  0.031258  1
-0.00168000000000001  -0.03277  0.013314  0.070151  -0.013158  0.122845  0.072257  0.144358  -0.003269  0.036235  1
0.057089  -0.00168000000000001  -0.03277  0.013314  0.070151  -0.013158  0.122845  0.072257  0.144358  -0.003269  1
0.078317  0.057089  -0.00168000000000001  -0.03277  0.013314  0.070151  -0.013158  0.122845  0.072257  0.144358  -1
0.00420100000000001  0.078317  0.057089  -0.00168000000000001  -0.03277  0.013314  0.070151  -0.013158  0.122845  0.072257  -1
-0.0171330000000001  0.00420100000000001  0.078317  0.057089  -0.00168000000000001  -0.03277  0.013314  0.070151  -0.013158  0.122845  -1
-0.0426299999999999  -0.0171330000000001  0.00420100000000001  0.078317  0.057089  -0.00168000000000001  -0.03277  0.013314  0.070151  -0.013158  -1
-0.071088  -0.0426299999999999  -0.0171330000000001  0.00420100000000001  0.078317  0.057089  -0.00168000000000001  -0.03277  0.013314  0.070151  1
0.000120000000000009  -0.071088  -0.0426299999999999  -0.0171330000000001  0.00420100000000001  0.078317  0.057089  -0.00168000000000001  -0.03277  0.013314  1
0.041696  0.000120000000000009  -0.071088  -0.0426299999999999  -0.0171330000000001  0.00420100000000001  0.078317  0.057089  -0.00168000000000001  -0.03277  -1
-0.017355  0.041696  0.000120000000000009  -0.071088  -0.0426299999999999  -0.0171330000000001  0.00420100000000001  0.078317  0.057089  -0.00168000000000001  1
0.023159  -0.017355  0.041696  0.000120000000000009  -0.071088  -0.0426299999999999  -0.0171330000000001  0.00420100000000001  0.078317  0.057089  -1
-0.022838  0.023159  -0.017355  0.041696  0.000120000000000009  -0.071088  -0.0426299999999999  -0.0171330000000001  0.00420100000000001  0.078317  -1
-0.069898  -0.022838  0.023159  -0.017355  0.041696  0.000120000000000009  -0.071088  -0.0426299999999999  -0.0171330000000001  0.00420100000000001  1
0.015405  -0.069898  -0.022838  0.023159  -0.017355  0.041696  0.000120000000000009  -0.071088  -0.0426299999999999  -0.0171330000000001  -1
-0.038435  0.015405  -0.069898  -0.022838  0.023159  -0.017355  0.041696  0.000120000000000009  -0.071088  -0.0426299999999999  1
0.029649  -0.038435  0.015405  -0.069898  -0.022838  0.023159  -0.017355  0.041696  0.000120000000000009  -0.071088  -1
-0.02271  0.029649  -0.038435  0.015405  -0.069898  -0.022838  0.023159  -0.017355  0.041696  0.000120000000000009  1
-0.014087  -0.02271  0.029649  -0.038435  0.015405  -0.069898  -0.022838  0.023159  -0.017355  0.041696  1
0.013629  -0.014087  -0.02271  0.029649  -0.038435  0.015405  -0.069898  -0.022838  0.023159  -0.017355  -1
-0.161844  0.013629  -0.014087  -0.02271  0.029649  -0.038435  0.015405  -0.069898  -0.022838  0.023159  1
0.066215  -0.161844  0.013629  -0.014087  -0.02271  0.029649  -0.038435  0.015405  -0.069898  -0.022838  -1
0.047516  0.066215  -0.161844  0.013629  -0.014087  -0.02271  0.029649  -0.038435  0.015405  -0.069898  -1
-0.000824999999999965  0.047516  0.066215  -0.161844  0.013629  -0.014087  -0.02271  0.029649  -0.038435  0.015405  -1
-0.024602  -0.000824999999999965  0.047516  0.066215  -0.161844  0.013629  -0.014087  -0.02271  0.029649  -0.038435  1
0.015995  -0.024602  -0.000824999999999965  0.047516  0.066215  -0.161844  0.013629  -0.014087  -0.02271  0.029649  -1
-0.022208  0.015995  -0.024602  -0.000824999999999965  0.047516  0.066215  -0.161844  0.013629  -0.014087  -0.02271  1
-0.00615499999999997  -0.022208  0.015995  -0.024602  -0.000824999999999965  0.047516  0.066215  -0.161844  0.013629  -0.014087  -1
-0.098594  -0.00615499999999997  -0.022208  0.015995  -0.024602  -0.000824999999999965  0.047516  0.066215  -0.161844  0.013629  1
0.014841  -0.098594  -0.00615499999999997  -0.022208  0.015995  -0.024602  -0.000824999999999965  0.047516  0.066215  -0.161844  -1
0.01423  0.014841  -0.098594  -0.00615499999999997  -0.022208  0.015995  -0.024602  -0.000824999999999965  0.047516  0.066215  1
0.057249  0.01423  0.014841  -0.098594  -0.00615499999999997  -0.022208  0.015995  -0.024602  -0.000824999999999965  0.047516  -1
0.020754  0.057249  0.01423  0.014841  -0.098594  -0.00615499999999997  -0.022208  0.015995  -0.024602  -0.000824999999999965  -1
-0.035657  0.020754  0.057249  0.01423  0.014841  -0.098594  -0.00615499999999997  -0.022208  0.015995  -0.024602  1
-0.033235  -0.035657  0.020754  0.057249  0.01423  0.014841  -0.098594  -0.00615499999999997  -0.022208  0.015995  1
0.013503  -0.033235  -0.035657  0.020754  0.057249  0.01423  0.014841  -0.098594  -0.00615499999999997  -0.022208  -1
-0.033548  0.013503  -0.033235  -0.035657  0.020754  0.057249  0.01423  0.014841  -0.098594  -0.00615499999999997  1
-0.024155  -0.033548  0.013503  -0.033235  -0.035657  0.020754  0.057249  0.01423  0.014841  -0.098594  1
0.01143  -0.024155  -0.033548  0.013503  -0.033235  -0.035657  0.020754  0.057249  0.01423  0.014841  -1
-0.000977000000000006  0.01143  -0.024155  -0.033548  0.013503  -0.033235  -0.035657  0.020754  0.057249  0.01423  1
0.013998  -0.000977000000000006  0.01143  -0.024155  -0.033548  0.013503  -0.033235  -0.035657  0.020754  0.057249  -1
-0.044153  0.013998  -0.000977000000000006  0.01143  -0.024155  -0.033548  0.013503  -0.033235  -0.035657  0.020754  1
0.028167  -0.044153  0.013998  -0.000977000000000006  0.01143  -0.024155  -0.033548  0.013503  -0.033235  -0.035657  1
0.059725  0.028167  -0.044153  0.013998  -0.000977000000000006  0.01143  -0.024155  -0.033548  0.013503  -0.033235  -1
-0.012092  0.059725  0.028167  -0.044153  0.013998  -0.000977000000000006  0.01143  -0.024155  -0.033548  0.013503  -1
-0.012564  -0.012092  0.059725  0.028167  -0.044153  0.013998  -0.000977000000000006  0.01143  -0.024155  -0.033548  1
0.00303400000000001  -0.012564  -0.012092  0.059725  0.028167  -0.044153  0.013998  -0.000977000000000006  0.01143  -0.024155  1
0.00634599999999999  0.00303400000000001  -0.012564  -0.012092  0.059725  0.028167  -0.044153  0.013998  -0.000977000000000006  0.01143  1
0.033454  0.00634599999999999  0.00303400000000001  -0.012564  -0.012092  0.059725  0.028167  -0.044153  0.013998  -0.000977000000000006  -1
0.020658  0.033454  0.00634599999999999  0.00303400000000001  -0.012564  -0.012092  0.059725  0.028167  -0.044153  0.013998  -1
0.017479  0.020658  0.033454  0.00634599999999999  0.00303400000000001  -0.012564  -0.012092  0.059725  0.028167  -0.044153  -1
-0.022232  0.017479  0.020658  0.033454  0.00634599999999999  0.00303400000000001  -0.012564  -0.012092  0.059725  0.028167  1
-0.019176  -0.022232  0.017479  0.020658  0.033454  0.00634599999999999  0.00303400000000001  -0.012564  -0.012092  0.059725  1
-0.012375  -0.019176  -0.022232  0.017479  0.020658  0.033454  0.00634599999999999  0.00303400000000001  -0.012564  -0.012092  1
-0.00268099999999999  -0.012375  -0.019176  -0.022232  0.017479  0.020658  0.033454  0.00634599999999999  0.00303400000000001  -0.012564  1
0.025193  -0.00268099999999999  -0.012375  -0.019176  -0.022232  0.017479  0.020658  0.033454  0.00634599999999999  0.00303400000000001  -1
-0.02904  0.025193  -0.00268099999999999  -0.012375  -0.019176  -0.022232  0.017479  0.020658  0.033454  0.00634599999999999  1
0.02508  -0.02904  0.025193  -0.00268099999999999  -0.012375  -0.019176  -0.022232  0.017479  0.020658  0.033454  -1
-0.020919  0.02508  -0.02904  0.025193  -0.00268099999999999  -0.012375  -0.019176  -0.022232  0.017479  0.020658  1
-0.00292399999999998  -0.020919  0.02508  -0.02904  0.025193  -0.00268099999999999  -0.012375  -0.019176  -0.022232  0.017479  -1
-0.00722500000000001  -0.00292399999999998  -0.020919  0.02508  -0.02904  0.025193  -0.00268099999999999  -0.012375  -0.019176  -0.022232  -1
-0.037592  -0.00722500000000001  -0.00292399999999998  -0.020919  0.02508  -0.02904  0.025193  -0.00268099999999999  -0.012375  -0.019176  1
-0.031453  -0.037592  -0.00722500000000001  -0.00292399999999998  -0.020919  0.02508  -0.02904  0.025193  -0.00268099999999999  -0.012375  1
0.021796  -0.031453  -0.037592  -0.00722500000000001  -0.00292399999999998  -0.020919  0.02508  -0.02904  0.025193  -0.00268099999999999  -1
-0.007269  0.021796  -0.031453  -0.037592  -0.00722500000000001  -0.00292399999999998  -0.020919  0.02508  -0.02904  0.025193  1
0.011326  -0.007269  0.021796  -0.031453  -0.037592  -0.00722500000000001  -0.00292399999999998  -0.020919  0.02508  -0.02904  -1
-0.000236000000000014  0.011326  -0.007269  0.021796  -0.031453  -0.037592  -0.00722500000000001  -0.00292399999999998  -0.020919  0.02508  1
0.138894  -0.000236000000000014  0.011326  -0.007269  0.021796  -0.031453  -0.037592  -0.00722500000000001  -0.00292399999999998  -0.020919  -1
0.00212899999999999  0.138894  -0.000236000000000014  0.011326  -0.007269  0.021796  -0.031453  -0.037592  -0.00722500000000001  -0.00292399999999998  1
0.049741  0.00212899999999999  0.138894  -0.000236000000000014  0.011326  -0.007269  0.021796  -0.031453  -0.037592  -0.00722500000000001  -1
0.000107999999999997  0.049741  0.00212899999999999  0.138894  -0.000236000000000014  0.011326  -0.007269  0.021796  -0.031453  -0.037592  -1
-0.037379  0.000107999999999997  0.049741  0.00212899999999999  0.138894  -0.000236000000000014  0.011326  -0.007269  0.021796  -0.031453  1
0.00755600000000001  -0.037379  0.000107999999999997  0.049741  0.00212899999999999  0.138894  -0.000236000000000014  0.011326  -0.007269  0.021796  -1
-0.028944  0.00755600000000001  -0.037379  0.000107999999999997  0.049741  0.00212899999999999  0.138894  -0.000236000000000014  0.011326  -0.007269  1
0.044259  -0.028944  0.00755600000000001  -0.037379  0.000107999999999997  0.049741  0.00212899999999999  0.138894  -0.000236000000000014  0.011326  -1
0.00359399999999999  0.044259  -0.028944  0.00755600000000001  -0.037379  0.000107999999999997  0.049741  0.00212899999999999  0.138894  -0.000236000000000014  1
0.00891799999999998  0.00359399999999999  0.044259  -0.028944  0.00755600000000001  -0.037379  0.000107999999999997  0.049741  0.00212899999999999  0.138894  -1
0.00748799999999999  0.00891799999999998  0.00359399999999999  0.044259  -0.028944  0.00755600000000001  -0.037379  0.000107999999999997  0.049741  0.00212899999999999  -1
-0.008349  0.00748799999999999  0.00891799999999998  0.00359399999999999  0.044259  -0.028944  0.00755600000000001  -0.037379  0.000107999999999997  0.049741  -1
-0.065467  -0.008349  0.00748799999999999  0.00891799999999998  0.00359399999999999  0.044259  -0.028944  0.00755600000000001  -0.037379  0.000107999999999997  1
0.029744  -0.065467  -0.008349  0.00748799999999999  0.00891799999999998  0.00359399999999999  0.044259  -0.028944  0.00755600000000001  -0.037379  -1
-0.024782  0.029744  -0.065467  -0.008349  0.00748799999999999  0.00891799999999998  0.00359399999999999  0.044259  -0.028944  0.00755600000000001  1
0.050783  -0.024782  0.029744  -0.065467  -0.008349  0.00748799999999999  0.00891799999999998  0.00359399999999999  0.044259  -0.028944  -1
0.00110200000000005  0.050783  -0.024782  0.029744  -0.065467  -0.008349  0.00748799999999999  0.00891799999999998  0.00359399999999999  0.044259  -1
-0.00778000000000001  0.00110200000000005  0.050783  -0.024782  0.029744  -0.065467  -0.008349  0.00748799999999999  0.00891799999999998  0.00359399999999999  1
-0.000705000000000011  -0.00778000000000001  0.00110200000000005  0.050783  -0.024782  0.029744  -0.065467  -0.008349  0.00748799999999999  0.00891799999999998  1
0.057723  -0.000705000000000011  -0.00778000000000001  0.00110200000000005  0.050783  -0.024782  0.029744  -0.065467  -0.008349  0.00748799999999999  1
0.060405  0.057723  -0.000705000000000011  -0.00778000000000001  0.00110200000000005  0.050783  -0.024782  0.029744  -0.065467  -0.008349  -1
0.014304  0.060405  0.057723  -0.000705000000000011  -0.00778000000000001  0.00110200000000005  0.050783  -0.024782  0.029744  -0.065467  -1
-0.00183700000000009  0.014304  0.060405  0.057723  -0.000705000000000011  -0.00778000000000001  0.00110200000000005  0.050783  -0.024782  0.029744  1
0.0161600000000001  -0.00183700000000009  0.014304  0.060405  0.057723  -0.000705000000000011  -0.00778000000000001  0.00110200000000005  0.050783  -0.024782  -1
-0.028369  0.0161600000000001  -0.00183700000000009  0.014304  0.060405  0.057723  -0.000705000000000011  -0.00778000000000001  0.00110200000000005  0.050783  1
-0.017908  -0.028369  0.0161600000000001  -0.00183700000000009  0.014304  0.060405  0.057723  -0.000705000000000011  -0.00778000000000001  0.00110200000000005  -1
-0.031538  -0.017908  -0.028369  0.0161600000000001  -0.00183700000000009  0.014304  0.060405  0.057723  -0.000705000000000011  -0.00778000000000001  1
-0.024262  -0.031538  -0.017908  -0.028369  0.0161600000000001  -0.00183700000000009  0.014304  0.060405  0.057723  -0.000705000000000011  -1
-0.035851  -0.024262  -0.031538  -0.017908  -0.028369  0.0161600000000001  -0.00183700000000009  0.014304  0.060405  0.057723  -1
-0.053826  -0.035851  -0.024262  -0.031538  -0.017908  -0.028369  0.0161600000000001  -0.00183700000000009  0.014304  0.060405  1
0.061341  -0.053826  -0.035851  -0.024262  -0.031538  -0.017908  -0.028369  0.0161600000000001  -0.00183700000000009  0.014304  -1
-0.039499  0.061341  -0.053826  -0.035851  -0.024262  -0.031538  -0.017908  -0.028369  0.0161600000000001  -0.00183700000000009  1
0.02482  -0.039499  0.061341  -0.053826  -0.035851  -0.024262  -0.031538  -0.017908  -0.028369  0.0161600000000001  -1
-0.00951599999999997  0.02482  -0.039499  0.061341  -0.053826  -0.035851  -0.024262  -0.031538  -0.017908  -0.028369  1
0.023908  -0.00951599999999997  0.02482  -0.039499  0.061341  -0.053826  -0.035851  -0.024262  -0.031538  -0.017908  -1
0.000991999999999993  0.023908  -0.00951599999999997  0.02482  -0.039499  0.061341  -0.053826  -0.035851  -0.024262  -0.031538  1
0.024499  0.000991999999999993  0.023908  -0.00951599999999997  0.02482  -0.039499  0.061341  -0.053826  -0.035851  -0.024262  -1
-0.015969  0.024499  0.000991999999999993  0.023908  -0.00951599999999997  0.02482  -0.039499  0.061341  -0.053826  -0.035851  -1
-0.036772  -0.015969  0.024499  0.000991999999999993  0.023908  -0.00951599999999997  0.02482  -0.039499  0.061341  -0.053826  1
0.014892  -0.036772  -0.015969  0.024499  0.000991999999999993  0.023908  -0.00951599999999997  0.02482  -0.039499  0.061341  1
0.045491  0.014892  -0.036772  -0.015969  0.024499  0.000991999999999993  0.023908  -0.00951599999999997  0.02482  -0.039499  -1
-0.014673  0.045491  0.014892  -0.036772  -0.015969  0.024499  0.000991999999999993  0.023908  -0.00951599999999997  0.02482  -1
-0.034578  -0.014673  0.045491  0.014892  -0.036772  -0.015969  0.024499  0.000991999999999993  0.023908  -0.00951599999999997  1
-0.015371  -0.034578  -0.014673  0.045491  0.014892  -0.036772  -0.015969  0.024499  0.000991999999999993  0.023908  1
0.036498  -0.015371  -0.034578  -0.014673  0.045491  0.014892  -0.036772  -0.015969  0.024499  0.000991999999999993  -1
0.00395100000000004  0.036498  -0.015371  -0.034578  -0.014673  0.045491  0.014892  -0.036772  -0.015969  0.024499  -1
-0.035375  0.00395100000000004  0.036498  -0.015371  -0.034578  -0.014673  0.045491  0.014892  -0.036772  -0.015969  1
0.054364  -0.035375  0.00395100000000004  0.036498  -0.015371  -0.034578  -0.014673  0.045491  0.014892  -0.036772  -1
-0.00824199999999997  0.054364  -0.035375  0.00395100000000004  0.036498  -0.015371  -0.034578  -0.014673  0.045491  0.014892  -1
-0.027957  -0.00824199999999997  0.054364  -0.035375  0.00395100000000004  0.036498  -0.015371  -0.034578  -0.014673  0.045491  -1
-0.034939  -0.027957  -0.00824199999999997  0.054364  -0.035375  0.00395100000000004  0.036498  -0.015371  -0.034578  -0.014673  1
-0.02743  -0.034939  -0.027957  -0.00824199999999997  0.054364  -0.035375  0.00395100000000004  0.036498  -0.015371  -0.034578  1
-0.000607999999999997  -0.02743  -0.034939  -0.027957  -0.00824199999999997  0.054364  -0.035375  0.00395100000000004  0.036498  -0.015371  -1
-0.012999  -0.000607999999999997  -0.02743  -0.034939  -0.027957  -0.00824199999999997  0.054364  -0.035375  0.00395100000000004  0.036498  -1
-0.037472  -0.012999  -0.000607999999999997  -0.02743  -0.034939  -0.027957  -0.00824199999999997  0.054364  -0.035375  0.00395100000000004  1
-0.004662  -0.037472  -0.012999  -0.000607999999999997  -0.02743  -0.034939  -0.027957  -0.00824199999999997  0.054364  -0.035375  1
0.00863599999999998  -0.004662  -0.037472  -0.012999  -0.000607999999999997  -0.02743  -0.034939  -0.027957  -0.00824199999999997  0.054364  -1
-0.038997  0.00863599999999998  -0.004662  -0.037472  -0.012999  -0.000607999999999997  -0.02743  -0.034939  -0.027957  -0.00824199999999997  1
-0.00368399999999999  -0.038997  0.00863599999999998  -0.004662  -0.037472  -0.012999  -0.000607999999999997  -0.02743  -0.034939  -0.027957  1
0.022368  -0.00368399999999999  -0.038997  0.00863599999999998  -0.004662  -0.037472  -0.012999  -0.000607999999999997  -0.02743  -0.034939  -1
-0.00747300000000001  0.022368  -0.00368399999999999  -0.038997  0.00863599999999998  -0.004662  -0.037472  -0.012999  -0.000607999999999997  -0.02743  1
0.00816700000000001  -0.00747300000000001  0.022368  -0.00368399999999999  -0.038997  0.00863599999999998  -0.004662  -0.037472  -0.012999  -0.000607999999999997  -1
-0.019127  0.00816700000000001  -0.00747300000000001  0.022368  -0.00368399999999999  -0.038997  0.00863599999999998  -0.004662  -0.037472  -0.012999  1
0.015587  -0.019127  0.00816700000000001  -0.00747300000000001  0.022368  -0.00368399999999999  -0.038997  0.00863599999999998  -0.004662  -0.037472  1
0.017981  0.015587  -0.019127  0.00816700000000001  -0.00747300000000001  0.022368  -0.00368399999999999  -0.038997  0.00863599999999998  -0.004662  -1
-0.013695  0.017981  0.015587  -0.019127  0.00816700000000001  -0.00747300000000001  0.022368  -0.00368399999999999  -0.038997  0.00863599999999998  1
0.017222  -0.013695  0.017981  0.015587  -0.019127  0.00816700000000001  -0.00747300000000001  0.022368  -0.00368399999999999  -0.038997  -1
-0.024527  0.017222  -0.013695  0.017981  0.015587  -0.019127  0.00816700000000001  -0.00747300000000001  0.022368  -0.00368399999999999  1
0.022707  -0.024527  0.017222  -0.013695  0.017981  0.015587  -0.019127  0.00816700000000001  -0.00747300000000001  0.022368  -1
0.022503  0.022707  -0.024527  0.017222  -0.013695  0.017981  0.015587  -0.019127  0.00816700000000001  -0.00747300000000001  -1
0.01286  0.022503  0.022707  -0.024527  0.017222  -0.013695  0.017981  0.015587  -0.019127  0.00816700000000001  1
0.0349719999999999  0.01286  0.022503  0.022707  -0.024527  0.017222  -0.013695  0.017981  0.015587  -0.019127  -1
-0.024378  0.0349719999999999  0.01286  0.022503  0.022707  -0.024527  0.017222  -0.013695  0.017981  0.015587  1
0.016923  -0.024378  0.0349719999999999  0.01286  0.022503  0.022707  -0.024527  0.017222  -0.013695  0.017981  -1
0.00927300000000003  0.016923  -0.024378  0.0349719999999999  0.01286  0.022503  0.022707  -0.024527  0.017222  -0.013695  1
0.064864  0.00927300000000003  0.016923  -0.024378  0.0349719999999999  0.01286  0.022503  0.022707  -0.024527  0.017222  -1
0.044421  0.064864  0.00927300000000003  0.016923  -0.024378  0.0349719999999999  0.01286  0.022503  0.022707  -0.024527  1
0.089053  0.044421  0.064864  0.00927300000000003  0.016923  -0.024378  0.0349719999999999  0.01286  0.022503  0.022707  -1
-0.00844  0.089053  0.044421  0.064864  0.00927300000000003  0.016923  -0.024378  0.0349719999999999  0.01286  0.022503  1
0.0793510000000001  -0.00844  0.089053  0.044421  0.064864  0.00927300000000003  0.016923  -0.024378  0.0349719999999999  0.01286  -1
-0.0232560000000001  0.0793510000000001  -0.00844  0.089053  0.044421  0.064864  0.00927300000000003  0.016923  -0.024378  0.0349719999999999  1
0.0236120000000001  -0.0232560000000001  0.0793510000000001  -0.00844  0.089053  0.044421  0.064864  0.00927300000000003  0.016923  -0.024378  -1
-0.038883  0.0236120000000001  -0.0232560000000001  0.0793510000000001  -0.00844  0.089053  0.044421  0.064864  0.00927300000000003  0.016923  1
0.0156289999999999  -0.038883  0.0236120000000001  -0.0232560000000001  0.0793510000000001  -0.00844  0.089053  0.044421  0.064864  0.00927300000000003  -1
0.0120180000000001  0.0156289999999999  -0.038883  0.0236120000000001  -0.0232560000000001  0.0793510000000001  -0.00844  0.089053  0.044421  0.064864  -1
0.00746999999999998  0.0120180000000001  0.0156289999999999  -0.038883  0.0236120000000001  -0.0232560000000001  0.0793510000000001  -0.00844  0.089053  0.044421  -1
-0.012962  0.00746999999999998  0.0120180000000001  0.0156289999999999  -0.038883  0.0236120000000001  -0.0232560000000001  0.0793510000000001  -0.00844  0.089053  1
0.00121800000000005  -0.012962  0.00746999999999998  0.0120180000000001  0.0156289999999999  -0.038883  0.0236120000000001  -0.0232560000000001  0.0793510000000001  -0.00844  1
0.0487909999999999  0.00121800000000005  -0.012962  0.00746999999999998  0.0120180000000001  0.0156289999999999  -0.038883  0.0236120000000001  -0.0232560000000001  0.0793510000000001  -1
-0.0225569999999999  0.0487909999999999  0.00121800000000005  -0.012962  0.00746999999999998  0.0120180000000001  0.0156289999999999  -0.038883  0.0236120000000001  -0.0232560000000001  1
-0.01669  -0.0225569999999999  0.0487909999999999  0.00121800000000005  -0.012962  0.00746999999999998  0.0120180000000001  0.0156289999999999  -0.038883  0.0236120000000001  1
0.08989  -0.01669  -0.0225569999999999  0.0487909999999999  0.00121800000000005  -0.012962  0.00746999999999998  0.0120180000000001  0.0156289999999999  -0.038883  -1
-0.00691900000000001  0.08989  -0.01669  -0.0225569999999999  0.0487909999999999  0.00121800000000005  -0.012962  0.00746999999999998  0.0120180000000001  0.0156289999999999  1
0.050674  -0.00691900000000001  0.08989  -0.01669  -0.0225569999999999  0.0487909999999999  0.00121800000000005  -0.012962  0.00746999999999998  0.0120180000000001  -1
0.0152789999999999  0.050674  -0.00691900000000001  0.08989  -0.01669  -0.0225569999999999  0.0487909999999999  0.00121800000000005  -0.012962  0.00746999999999998  -1
-0.00427999999999995  0.0152789999999999  0.050674  -0.00691900000000001  0.08989  -0.01669  -0.0225569999999999  0.0487909999999999  0.00121800000000005  -0.012962  -1
-0.00889300000000004  -0.00427999999999995  0.0152789999999999  0.050674  -0.00691900000000001  0.08989  -0.01669  -0.0225569999999999  0.0487909999999999  0.00121800000000005  1
-0.00479499999999999  -0.00889300000000004  -0.00427999999999995  0.0152789999999999  0.050674  -0.00691900000000001  0.08989  -0.01669  -0.0225569999999999  0.0487909999999999  -1
-0.00938399999999995  -0.00479499999999999  -0.00889300000000004  -0.00427999999999995  0.0152789999999999  0.050674  -0.00691900000000001  0.08989  -0.01669  -0.0225569999999999  1
-0.00327100000000002  -0.00938399999999995  -0.00479499999999999  -0.00889300000000004  -0.00427999999999995  0.0152789999999999  0.050674  -0.00691900000000001  0.08989  -0.01669  1
0.000985999999999931  -0.00327100000000002  -0.00938399999999995  -0.00479499999999999  -0.00889300000000004  -0.00427999999999995  0.0152789999999999  0.050674  -0.00691900000000001  0.08989  -1
-0.036743  0.000985999999999931  -0.00327100000000002  -0.00938399999999995  -0.00479499999999999  -0.00889300000000004  -0.00427999999999995  0.0152789999999999  0.050674  -0.00691900000000001  1
0.0400160000000001  -0.036743  0.000985999999999931  -0.00327100000000002  -0.00938399999999995  -0.00479499999999999  -0.00889300000000004  -0.00427999999999995  0.0152789999999999  0.050674  -1
0.00646999999999998  0.0400160000000001  -0.036743  0.000985999999999931  -0.00327100000000002  -0.00938399999999995  -0.00479499999999999  -0.00889300000000004  -0.00427999999999995  0.0152789999999999  -1
-0.019463  0.00646999999999998  0.0400160000000001  -0.036743  0.000985999999999931  -0.00327100000000002  -0.00938399999999995  -0.00479499999999999  -0.00889300000000004  -0.00427999999999995  1
-0.011516  -0.019463  0.00646999999999998  0.0400160000000001  -0.036743  0.000985999999999931  -0.00327100000000002  -0.00938399999999995  -0.00479499999999999  -0.00889300000000004  1
0.026185  -0.011516  -0.019463  0.00646999999999998  0.0400160000000001  -0.036743  0.000985999999999931  -0.00327100000000002  -0.00938399999999995  -0.00479499999999999  -1
-0.021027  0.026185  -0.011516  -0.019463  0.00646999999999998  0.0400160000000001  -0.036743  0.000985999999999931  -0.00327100000000002  -0.00938399999999995  1
0.0205609999999999  -0.021027  0.026185  -0.011516  -0.019463  0.00646999999999998  0.0400160000000001  -0.036743  0.000985999999999931  -0.00327100000000002  -1
-0.013142  0.0205609999999999  -0.021027  0.026185  -0.011516  -0.019463  0.00646999999999998  0.0400160000000001  -0.036743  0.000985999999999931  -1
-0.053503  -0.013142  0.0205609999999999  -0.021027  0.026185  -0.011516  -0.019463  0.00646999999999998  0.0400160000000001  -0.036743  1
-0.013287  -0.053503  -0.013142  0.0205609999999999  -0.021027  0.026185  -0.011516  -0.019463  0.00646999999999998  0.0400160000000001  1
0.01808  -0.013287  -0.053503  -0.013142  0.0205609999999999  -0.021027  0.026185  -0.011516  -0.019463  0.00646999999999998  -1
-0.0404169999999999  0.01808  -0.013287  -0.053503  -0.013142  0.0205609999999999  -0.021027  0.026185  -0.011516  -0.019463  1
0.00173599999999996  -0.0404169999999999  0.01808  -0.013287  -0.053503  -0.013142  0.0205609999999999  -0.021027  0.026185  -0.011516  1
0.049106  0.00173599999999996  -0.0404169999999999  0.01808  -0.013287  -0.053503  -0.013142  0.0205609999999999  -0.021027  0.026185  -1
0.0453370000000001  0.049106  0.00173599999999996  -0.0404169999999999  0.01808  -0.013287  -0.053503  -0.013142  0.0205609999999999  -0.021027  -1
-0.00371100000000002  0.0453370000000001  0.049106  0.00173599999999996  -0.0404169999999999  0.01808  -0.013287  -0.053503  -0.013142  0.0205609999999999  -1
-0.00678900000000004  -0.00371100000000002  0.0453370000000001  0.049106  0.00173599999999996  -0.0404169999999999  0.01808  -0.013287  -0.053503  -0.013142  1
0.038479  -0.00678900000000004  -0.00371100000000002  0.0453370000000001  0.049106  0.00173599999999996  -0.0404169999999999  0.01808  -0.013287  -0.053503  -1
0.023307  0.038479  -0.00678900000000004  -0.00371100000000002  0.0453370000000001  0.049106  0.00173599999999996  -0.0404169999999999  0.01808  -0.013287  -1
-0.00722  0.023307  0.038479  -0.00678900000000004  -0.00371100000000002  0.0453370000000001  0.049106  0.00173599999999996  -0.0404169999999999  0.01808  1
-0.00408900000000001  -0.00722  0.023307  0.038479  -0.00678900000000004  -0.00371100000000002  0.0453370000000001  0.049106  0.00173599999999996  -0.0404169999999999  -1
-0.0335799999999999  -0.00408900000000001  -0.00722  0.023307  0.038479  -0.00678900000000004  -0.00371100000000002  0.0453370000000001  0.049106  0.00173599999999996  1
-0.0265030000000001  -0.0335799999999999  -0.00408900000000001  -0.00722  0.023307  0.038479  -0.00678900000000004  -0.00371100000000002  0.0453370000000001  0.049106  1
-0.00515999999999994  -0.0265030000000001  -0.0335799999999999  -0.00408900000000001  -0.00722  0.023307  0.038479  -0.00678900000000004  -0.00371100000000002  0.0453370000000001  -1
-0.010402  -0.00515999999999994  -0.0265030000000001  -0.0335799999999999  -0.00408900000000001  -0.00722  0.023307  0.038479  -0.00678900000000004  -0.00371100000000002  1
0.009521  -0.010402  -0.00515999999999994  -0.0265030000000001  -0.0335799999999999  -0.00408900000000001  -0.00722  0.023307  0.038479  -0.00678900000000004  -1
