0.701671936305461 -0.389382355005678 -1.22542579896665 0.0685769654352603 0.466566258345096 -1.4691588056352 1.19113899841721 -0.331071091590392 -0.350835836504785 -0.00493524744349208 1
0.590701494610267 0.701671936305461 -0.389382355005678 -1.22542579896665 0.0685769654352603 0.466566258345096 -1.4691588056352 1.19113899841721 -0.331071091590392 -0.350835836504785 -1
-1.47280106546623 0.590701494610267 0.701671936305461 -0.389382355005678 -1.22542579896665 0.0685769654352603 0.466566258345096 -1.4691588056352 1.19113899841721 -0.331071091590392 -1
-0.525444895151248 -1.47280106546623 0.590701494610267 0.701671936305461 -0.389382355005678 -1.22542579896665 0.0685769654352603 0.466566258345096 -1.4691588056352 1.19113899841721 -1
-0.690382218053635 -0.525444895151248 -1.47280106546623 0.590701494610267 0.701671936305461 -0.389382355005678 -1.22542579896665 0.0685769654352603 0.466566258345096 -1.4691588056352 1
2.20102794293958 -0.690382218053635 -0.525444895151248 -1.47280106546623 0.590701494610267 0.701671936305461 -0.389382355005678 -1.22542579896665 0.0685769654352603 0.466566258345096 -1
-0.490795155843068 2.20102794293958 -0.690382218053635 -0.525444895151248 -1.47280106546623 0.590701494610267 0.701671936305461 -0.389382355005678 -1.22542579896665 0.0685769654352603 1
0.373552596443351 -0.490795155843068 2.20102794293958 -0.690382218053635 -0.525444895151248 -1.47280106546623 0.590701494610267 0.701671936305461 -0.389382355005678 -1.22542579896665 -1
-0.330939443644693 0.373552596443351 -0.490795155843068 2.20102794293958 -0.690382218053635 -0.525444895151248 -1.47280106546623 0.590701494610267 0.701671936305461 -0.389382355005678 -1
-1.02247732587588 -0.330939443644693 0.373552596443351 -0.490795155843068 2.20102794293958 -0.690382218053635 -0.525444895151248 -1.47280106546623 0.590701494610267 0.701671936305461 1
0.962510399385274 -1.02247732587588 -0.330939443644693 0.373552596443351 -0.490795155843068 2.20102794293958 -0.690382218053635 -0.525444895151248 -1.47280106546623 0.590701494610267 -1
-1.15906645780425 0.962510399385274 -1.02247732587588 -0.330939443644693 0.373552596443351 -0.490795155843068 2.20102794293958 -0.690382218053635 -0.525444895151248 -1.47280106546623 -1
-1.450306819811 -1.15906645780425 0.962510399385274 -1.02247732587588 -0.330939443644693 0.373552596443351 -0.490795155843068 2.20102794293958 -0.690382218053635 -0.525444895151248 1
1.24094580454029 -1.450306819811 -1.15906645780425 0.962510399385274 -1.02247732587588 -0.330939443644693 0.373552596443351 -0.490795155843068 2.20102794293958 -0.690382218053635 1
1.02990537105384 1.24094580454029 -1.450306819811 -1.15906645780425 0.962510399385274 -1.02247732587588 -0.330939443644693 0.373552596443351 -0.490795155843068 2.20102794293958 1
1.64456962952608 1.02990537105384 1.24094580454029 -1.450306819811 -1.15906645780425 0.962510399385274 -1.02247732587588 -0.330939443644693 0.373552596443351 -0.490795155843068 -1
-0.803678440122858 1.64456962952608 1.02990537105384 1.24094580454029 -1.450306819811 -1.15906645780425 0.962510399385274 -1.02247732587588 -0.330939443644693 0.373552596443351 1
0.974349937968541 -0.803678440122858 1.64456962952608 1.02990537105384 1.24094580454029 -1.450306819811 -1.15906645780425 0.962510399385274 -1.02247732587588 -0.330939443644693 1
1.62523493456764 0.974349937968541 -0.803678440122858 1.64456962952608 1.02990537105384 1.24094580454029 -1.450306819811 -1.15906645780425 0.962510399385274 -1.02247732587588 -1
-0.616817345996603 1.62523493456764 0.974349937968541 -0.803678440122858 1.64456962952608 1.02990537105384 1.24094580454029 -1.450306819811 -1.15906645780425 0.962510399385274 -1
-0.774294618642669 -0.616817345996603 1.62523493456764 0.974349937968541 -0.803678440122858 1.64456962952608 1.02990537105384 1.24094580454029 -1.450306819811 -1.15906645780425 1
1.29816877827112 -0.774294618642669 -0.616817345996603 1.62523493456764 0.974349937968541 -0.803678440122858 1.64456962952608 1.02990537105384 1.24094580454029 -1.450306819811 -1
-0.851089253634203 1.29816877827112 -0.774294618642669 -0.616817345996603 1.62523493456764 0.974349937968541 -0.803678440122858 1.64456962952608 1.02990537105384 1.24094580454029 -1
-0.776436091892719 -0.851089253634203 1.29816877827112 -0.774294618642669 -0.616817345996603 1.62523493456764 0.974349937968541 -0.803678440122858 1.64456962952608 1.02990537105384 -1
-1.42265197468433 -0.776436091892719 -0.851089253634203 1.29816877827112 -0.774294618642669 -0.616817345996603 1.62523493456764 0.974349937968541 -0.803678440122858 1.64456962952608 -1
-0.0638257618198564 -1.42265197468433 -0.776436091892719 -0.851089253634203 1.29816877827112 -0.774294618642669 -0.616817345996603 1.62523493456764 0.974349937968541 -0.803678440122858 1
0.432653747532835 -0.0638257618198564 -1.42265197468433 -0.776436091892719 -0.851089253634203 1.29816877827112 -0.774294618642669 -0.616817345996603 1.62523493456764 0.974349937968541 1
0.245090531029514 0.432653747532835 -0.0638257618198564 -1.42265197468433 -0.776436091892719 -0.851089253634203 1.29816877827112 -0.774294618642669 -0.616817345996603 1.62523493456764 1
0.180969204944012 0.245090531029514 0.432653747532835 -0.0638257618198564 -1.42265197468433 -0.776436091892719 -0.851089253634203 1.29816877827112 -0.774294618642669 -0.616817345996603 -1
-2.19072119601565 0.180969204944012 0.245090531029514 0.432653747532835 -0.0638257618198564 -1.42265197468433 -0.776436091892719 -0.851089253634203 1.29816877827112 -0.774294618642669 1
1.53869835159432 -2.19072119601565 0.180969204944012 0.245090531029514 0.432653747532835 -0.0638257618198564 -1.42265197468433 -0.776436091892719 -0.851089253634203 1.29816877827112 1
0.275501206486161 1.53869835159432 -2.19072119601565 0.180969204944012 0.245090531029514 0.432653747532835 -0.0638257618198564 -1.42265197468433 -0.776436091892719 -0.851089253634203 -1
-1.16073399844978 0.275501206486161 1.53869835159432 -2.19072119601565 0.180969204944012 0.245090531029514 0.432653747532835 -0.0638257618198564 -1.42265197468433 -0.776436091892719 1
0.805103338976914 -1.16073399844978 0.275501206486161 1.53869835159432 -2.19072119601565 0.180969204944012 0.245090531029514 0.432653747532835 -0.0638257618198564 -1.42265197468433 -1
-0.139084504111559 0.805103338976914 -1.16073399844978 0.275501206486161 1.53869835159432 -2.19072119601565 0.180969204944012 0.245090531029514 0.432653747532835 -0.0638257618198564 -1
-0.428490571408223 -0.139084504111559 0.805103338976914 -1.16073399844978 0.275501206486161 1.53869835159432 -2.19072119601565 0.180969204944012 0.245090531029514 0.432653747532835 1
1.23547802652889 -0.428490571408223 -0.139084504111559 0.805103338976914 -1.16073399844978 0.275501206486161 1.53869835159432 -2.19072119601565 0.180969204944012 0.245090531029514 -1
-0.615299006356199 1.23547802652889 -0.428490571408223 -0.139084504111559 0.805103338976914 -1.16073399844978 0.275501206486161 1.53869835159432 -2.19072119601565 0.180969204944012 1
1.29448263579153 -0.615299006356199 1.23547802652889 -0.428490571408223 -0.139084504111559 0.805103338976914 -1.16073399844978 0.275501206486161 1.53869835159432 -2.19072119601565 -1
-0.140760821286803 1.29448263579153 -0.615299006356199 1.23547802652889 -0.428490571408223 -0.139084504111559 0.805103338976914 -1.16073399844978 0.275501206486161 1.53869835159432 -1
-0.616220541976097 -0.140760821286803 1.29448263579153 -0.615299006356199 1.23547802652889 -0.428490571408223 -0.139084504111559 0.805103338976914 -1.16073399844978 0.275501206486161 1
0.0766952554200795 -0.616220541976097 -0.140760821286803 1.29448263579153 -0.615299006356199 1.23547802652889 -0.428490571408223 -0.139084504111559 0.805103338976914 -1.16073399844978 -1
-0.297149804248418 0.0766952554200795 -0.616220541976097 -0.140760821286803 1.29448263579153 -0.615299006356199 1.23547802652889 -0.428490571408223 -0.139084504111559 0.805103338976914 -1
-0.0799043642546551 -0.297149804248418 0.0766952554200795 -0.616220541976097 -0.140760821286803 1.29448263579153 -0.615299006356199 1.23547802652889 -0.428490571408223 -0.139084504111559 -1
-0.96947586293715 -0.0799043642546551 -0.297149804248418 0.0766952554200795 -0.616220541976097 -0.140760821286803 1.29448263579153 -0.615299006356199 1.23547802652889 -0.428490571408223 -1
-0.797139925486436 -0.96947586293715 -0.0799043642546551 -0.297149804248418 0.0766952554200795 -0.616220541976097 -0.140760821286803 1.29448263579153 -0.615299006356199 1.23547802652889 -1
-0.548834346837241 -0.797139925486436 -0.96947586293715 -0.0799043642546551 -0.297149804248418 0.0766952554200795 -0.616220541976097 -0.140760821286803 1.29448263579153 -0.615299006356199 1
1.43797889660428 -0.548834346837241 -0.797139925486436 -0.96947586293715 -0.0799043642546551 -0.297149804248418 0.0766952554200795 -0.616220541976097 -0.140760821286803 1.29448263579153 1
1.69205943180484 1.43797889660428 -0.548834346837241 -0.797139925486436 -0.96947586293715 -0.0799043642546551 -0.297149804248418 0.0766952554200795 -0.616220541976097 -0.140760821286803 -1
-0.643743739157063 1.69205943180484 1.43797889660428 -0.548834346837241 -0.797139925486436 -0.96947586293715 -0.0799043642546551 -0.297149804248418 0.0766952554200795 -0.616220541976097 -1
-0.994383654263547 -0.643743739157063 1.69205943180484 1.43797889660428 -0.548834346837241 -0.797139925486436 -0.96947586293715 -0.0799043642546551 -0.297149804248418 0.0766952554200795 -1
-1.45317674502725 -0.994383654263547 -0.643743739157063 1.69205943180484 1.43797889660428 -0.548834346837241 -0.797139925486436 -0.96947586293715 -0.0799043642546551 -0.297149804248418 1
1.16210623812555 -1.45317674502725 -0.994383654263547 -0.643743739157063 1.69205943180484 1.43797889660428 -0.548834346837241 -0.797139925486436 -0.96947586293715 -0.0799043642546551 1
0.882257811686694 1.16210623812555 -1.45317674502725 -0.994383654263547 -0.643743739157063 1.69205943180484 1.43797889660428 -0.548834346837241 -0.797139925486436 -0.96947586293715 -1
-2.56483832810526 0.882257811686694 1.16210623812555 -1.45317674502725 -0.994383654263547 -0.643743739157063 1.69205943180484 1.43797889660428 -0.548834346837241 -0.797139925486436 1
0.0105465509708014 -2.56483832810526 0.882257811686694 1.16210623812555 -1.45317674502725 -0.994383654263547 -0.643743739157063 1.69205943180484 1.43797889660428 -0.548834346837241 1
0.374535567771242 0.0105465509708014 -2.56483832810526 0.882257811686694 1.16210623812555 -1.45317674502725 -0.994383654263547 -0.643743739157063 1.69205943180484 1.43797889660428 1
0.165899903426245 0.374535567771242 0.0105465509708014 -2.56483832810526 0.882257811686694 1.16210623812555 -1.45317674502725 -0.994383654263547 -0.643743739157063 1.69205943180484 1
2.20593402304933 0.165899903426245 0.374535567771242 0.0105465509708014 -2.56483832810526 0.882257811686694 1.16210623812555 -1.45317674502725 -0.994383654263547 -0.643743739157063 1
1.15034568830971 2.20593402304933 0.165899903426245 0.374535567771242 0.0105465509708014 -2.56483832810526 0.882257811686694 1.16210623812555 -1.45317674502725 -0.994383654263547 1
0.100725393775144 1.15034568830971 2.20593402304933 0.165899903426245 0.374535567771242 0.0105465509708014 -2.56483832810526 0.882257811686694 1.16210623812555 -1.45317674502725 -1
-1.00744313047696 0.100725393775144 1.15034568830971 2.20593402304933 0.165899903426245 0.374535567771242 0.0105465509708014 -2.56483832810526 0.882257811686694 1.16210623812555 1
1.16057034542572 -1.00744313047696 0.100725393775144 1.15034568830971 2.20593402304933 0.165899903426245 0.374535567771242 0.0105465509708014 -2.56483832810526 0.882257811686694 1
0.121701299789975 1.16057034542572 -1.00744313047696 0.100725393775144 1.15034568830971 2.20593402304933 0.165899903426245 0.374535567771242 0.0105465509708014 -2.56483832810526 -1
-0.380079233509561 0.121701299789975 1.16057034542572 -1.00744313047696 0.100725393775144 1.15034568830971 2.20593402304933 0.165899903426245 0.374535567771242 0.0105465509708014 1
0.0955209116551468 -0.380079233509561 0.121701299789975 1.16057034542572 -1.00744313047696 0.100725393775144 1.15034568830971 2.20593402304933 0.165899903426245 0.374535567771242 1
1.46143856052798 0.0955209116551468 -0.380079233509561 0.121701299789975 1.16057034542572 -1.00744313047696 0.100725393775144 1.15034568830971 2.20593402304933 0.165899903426245 -1
-0.509366292716449 1.46143856052798 0.0955209116551468 -0.380079233509561 0.121701299789975 1.16057034542572 -1.00744313047696 0.100725393775144 1.15034568830971 2.20593402304933 -1
-0.801291224040836 -0.509366292716449 1.46143856052798 0.0955209116551468 -0.380079233509561 0.121701299789975 1.16057034542572 -1.00744313047696 0.100725393775144 1.15034568830971 -1
-0.203091735310788 -0.801291224040836 -0.509366292716449 1.46143856052798 0.0955209116551468 -0.380079233509561 0.121701299789975 1.16057034542572 -1.00744313047696 0.100725393775144 1
0.0580802358981318 -0.203091735310788 -0.801291224040836 -0.509366292716449 1.46143856052798 0.0955209116551468 -0.380079233509561 0.121701299789975 1.16057034542572 -1.00744313047696 -1
-0.865579304190891 0.0580802358981318 -0.203091735310788 -0.801291224040836 -0.509366292716449 1.46143856052798 0.0955209116551468 -0.380079233509561 0.121701299789975 1.16057034542572 1
0.394616267755314 -0.865579304190891 0.0580802358981318 -0.203091735310788 -0.801291224040836 -0.509366292716449 1.46143856052798 0.0955209116551468 -0.380079233509561 0.121701299789975 1
0.422911799551052 0.394616267755314 -0.865579304190891 0.0580802358981318 -0.203091735310788 -0.801291224040836 -0.509366292716449 1.46143856052798 0.0955209116551468 -0.380079233509561 1
0.457043723606146 0.422911799551052 0.394616267755314 -0.865579304190891 0.0580802358981318 -0.203091735310788 -0.801291224040836 -0.509366292716449 1.46143856052798 0.0955209116551468 1
0.54085080583862 0.457043723606146 0.422911799551052 0.394616267755314 -0.865579304190891 0.0580802358981318 -0.203091735310788 -0.801291224040836 -0.509366292716449 1.46143856052798 -1
-0.980507960786791 0.54085080583862 0.457043723606146 0.422911799551052 0.394616267755314 -0.865579304190891 0.0580802358981318 -0.203091735310788 -0.801291224040836 -0.509366292716449 1
0.582118048550642 -0.980507960786791 0.54085080583862 0.457043723606146 0.422911799551052 0.394616267755314 -0.865579304190891 0.0580802358981318 -0.203091735310788 -0.801291224040836 -1
-1.29100402898456 0.582118048550642 -0.980507960786791 0.54085080583862 0.457043723606146 0.422911799551052 0.394616267755314 -0.865579304190891 0.0580802358981318 -0.203091735310788 1
0.326334866585699 -1.29100402898456 0.582118048550642 -0.980507960786791 0.54085080583862 0.457043723606146 0.422911799551052 0.394616267755314 -0.865579304190891 0.0580802358981318 -1
-1.36537634177522 0.326334866585699 -1.29100402898456 0.582118048550642 -0.980507960786791 0.54085080583862 0.457043723606146 0.422911799551052 0.394616267755314 -0.865579304190891 1
1.53343243376633 -1.36537634177522 0.326334866585699 -1.29100402898456 0.582118048550642 -0.980507960786791 0.54085080583862 0.457043723606146 0.422911799551052 0.394616267755314 -1
-1.21850111702284 1.53343243376633 -1.36537634177522 0.326334866585699 -1.29100402898456 0.582118048550642 -0.980507960786791 0.54085080583862 0.457043723606146 0.422911799551052 -1
-0.639460792656964 -1.21850111702284 1.53343243376633 -1.36537634177522 0.326334866585699 -1.29100402898456 0.582118048550642 -0.980507960786791 0.54085080583862 0.457043723606146 1
0.64091202110016 -0.639460792656964 -1.21850111702284 1.53343243376633 -1.36537634177522 0.326334866585699 -1.29100402898456 0.582118048550642 -0.980507960786791 0.54085080583862 1
0.522332328143519 0.64091202110016 -0.639460792656964 -1.21850111702284 1.53343243376633 -1.36537634177522 0.326334866585699 -1.29100402898456 0.582118048550642 -0.980507960786791 -1
-0.960848534228959 0.522332328143519 0.64091202110016 -0.639460792656964 -1.21850111702284 1.53343243376633 -1.36537634177522 0.326334866585699 -1.29100402898456 0.582118048550642 1
0.722902361681977 -0.960848534228959 0.522332328143519 0.64091202110016 -0.639460792656964 -1.21850111702284 1.53343243376633 -1.36537634177522 0.326334866585699 -1.29100402898456 1
0.0445731566693354 0.722902361681977 -0.960848534228959 0.522332328143519 0.64091202110016 -0.639460792656964 -1.21850111702284 1.53343243376633 -1.36537634177522 0.326334866585699 -1
-0.553389365758453 0.0445731566693354 0.722902361681977 -0.960848534228959 0.522332328143519 0.64091202110016 -0.639460792656964 -1.21850111702284 1.53343243376633 -1.36537634177522 1
2.98947626626523 -0.553389365758453 0.0445731566693354 0.722902361681977 -0.960848534228959 0.522332328143519 0.64091202110016 -0.639460792656964 -1.21850111702284 1.53343243376633 -1
-0.769423644651778 2.98947626626523 -0.553389365758453 0.0445731566693354 0.722902361681977 -0.960848534228959 0.522332328143519 0.64091202110016 -0.639460792656964 -1.21850111702284 1
0.677062546989317 -0.769423644651778 2.98947626626523 -0.553389365758453 0.0445731566693354 0.722902361681977 -0.960848534228959 0.522332328143519 0.64091202110016 -0.639460792656964 -1
-1.28270143187576 0.677062546989317 -0.769423644651778 2.98947626626523 -0.553389365758453 0.0445731566693354 0.722902361681977 -0.960848534228959 0.522332328143519 0.64091202110016 -1
-1.82200162969973 -1.28270143187576 0.677062546989317 -0.769423644651778 2.98947626626523 -0.553389365758453 0.0445731566693354 0.722902361681977 -0.960848534228959 0.522332328143519 -1
-0.24039198659239 -1.82200162969973 -1.28270143187576 0.677062546989317 -0.769423644651778 2.98947626626523 -0.553389365758453 0.0445731566693354 0.722902361681977 -0.960848534228959 1
1.2675123599825 -0.24039198659239 -1.82200162969973 -1.28270143187576 0.677062546989317 -0.769423644651778 2.98947626626523 -0.553389365758453 0.0445731566693354 0.722902361681977 1
0.671366579205373 1.2675123599825 -0.24039198659239 -1.82200162969973 -1.28270143187576 0.677062546989317 -0.769423644651778 2.98947626626523 -0.553389365758453 0.0445731566693354 -1
-0.156769211483895 0.671366579205373 1.2675123599825 -0.24039198659239 -1.82200162969973 -1.28270143187576 0.677062546989317 -0.769423644651778 2.98947626626523 -0.553389365758453 -1
-0.381307947669425 -0.156769211483895 0.671366579205373 1.2675123599825 -0.24039198659239 -1.82200162969973 -1.28270143187576 0.677062546989317 -0.769423644651778 2.98947626626523 -1
-0.473795017788371 -0.381307947669425 -0.156769211483895 0.671366579205373 1.2675123599825 -0.24039198659239 -1.82200162969973 -1.28270143187576 0.677062546989317 -0.769423644651778 -1
-0.811945931112804 -0.473795017788371 -0.381307947669425 -0.156769211483895 0.671366579205373 1.2675123599825 -0.24039198659239 -1.82200162969973 -1.28270143187576 0.677062546989317 1
1.30490915309095 -0.811945931112804 -0.473795017788371 -0.381307947669425 -0.156769211483895 0.671366579205373 1.2675123599825 -0.24039198659239 -1.82200162969973 -1.28270143187576 -1
-0.43208017206097 1.30490915309095 -0.811945931112804 -0.473795017788371 -0.381307947669425 -0.156769211483895 0.671366579205373 1.2675123599825 -0.24039198659239 -1.82200162969973 -1
-1.42790033945289 -0.43208017206097 1.30490915309095 -0.811945931112804 -0.473795017788371 -0.381307947669425 -0.156769211483895 0.671366579205373 1.2675123599825 -0.24039198659239 1
0.89391304314598 -1.42790033945289 -0.43208017206097 1.30490915309095 -0.811945931112804 -0.473795017788371 -0.381307947669425 -0.156769211483895 0.671366579205373 1.2675123599825 -1
-0.256830426745435 0.89391304314598 -1.42790033945289 -0.43208017206097 1.30490915309095 -0.811945931112804 -0.473795017788371 -0.381307947669425 -0.156769211483895 0.671366579205373 -1
-1.18470270109685 -0.256830426745435 0.89391304314598 -1.42790033945289 -0.43208017206097 1.30490915309095 -0.811945931112804 -0.473795017788371 -0.381307947669425 -0.156769211483895 1
1.25867439456119 -1.18470270109685 -0.256830426745435 0.89391304314598 -1.42790033945289 -0.43208017206097 1.30490915309095 -0.811945931112804 -0.473795017788371 -0.381307947669425 -1
-0.0950877606586955 1.25867439456119 -1.18470270109685 -0.256830426745435 0.89391304314598 -1.42790033945289 -0.43208017206097 1.30490915309095 -0.811945931112804 -0.473795017788371 -1
-0.138268286848221 -0.0950877606586955 1.25867439456119 -1.18470270109685 -0.256830426745435 0.89391304314598 -1.42790033945289 -0.43208017206097 1.30490915309095 -0.811945931112804 1
0.406710325700266 -0.138268286848221 -0.0950877606586955 1.25867439456119 -1.18470270109685 -0.256830426745435 0.89391304314598 -1.42790033945289 -0.43208017206097 1.30490915309095 1
0.631889748554869 0.406710325700266 -0.138268286848221 -0.0950877606586955 1.25867439456119 -1.18470270109685 -0.256830426745435 0.89391304314598 -1.42790033945289 -0.43208017206097 -1
-0.258225894969852 0.631889748554869 0.406710325700266 -0.138268286848221 -0.0950877606586955 1.25867439456119 -1.18470270109685 -0.256830426745435 0.89391304314598 -1.42790033945289 -1
-0.207278139984041 -0.258225894969852 0.631889748554869 0.406710325700266 -0.138268286848221 -0.0950877606586955 1.25867439456119 -1.18470270109685 -0.256830426745435 0.89391304314598 -1
-0.964324039995433 -0.207278139984041 -0.258225894969852 0.631889748554869 0.406710325700266 -0.138268286848221 -0.0950877606586955 1.25867439456119 -1.18470270109685 -0.256830426745435 -1
-2.25033138582851 -0.964324039995433 -0.207278139984041 -0.258225894969852 0.631889748554869 0.406710325700266 -0.138268286848221 -0.0950877606586955 1.25867439456119 -1.18470270109685 1
0.713406156532167 -2.25033138582851 -0.964324039995433 -0.207278139984041 -0.258225894969852 0.631889748554869 0.406710325700266 -0.138268286848221 -0.0950877606586955 1.25867439456119 1
0.22968772138264 0.713406156532167 -2.25033138582851 -0.964324039995433 -0.207278139984041 -0.258225894969852 0.631889748554869 0.406710325700266 -0.138268286848221 -0.0950877606586955 1
0.0393247919007707 0.22968772138264 0.713406156532167 -2.25033138582851 -0.964324039995433 -0.207278139984041 -0.258225894969852 0.631889748554869 0.406710325700266 -0.138268286848221 -1
-0.0680384960822489 0.0393247919007707 0.22968772138264 0.713406156532167 -2.25033138582851 -0.964324039995433 -0.207278139984041 -0.258225894969852 0.631889748554869 0.406710325700266 1
0.992104857578583 -0.0680384960822489 0.0393247919007707 0.22968772138264 0.713406156532167 -2.25033138582851 -0.964324039995433 -0.207278139984041 -0.258225894969852 0.631889748554869 1
0.530652478311744 0.992104857578583 -0.0680384960822489 0.0393247919007707 0.22968772138264 0.713406156532167 -2.25033138582851 -0.964324039995433 -0.207278139984041 -0.258225894969852 -1
-0.133590396511022 0.530652478311744 0.992104857578583 -0.0680384960822489 0.0393247919007707 0.22968772138264 0.713406156532167 -2.25033138582851 -0.964324039995433 -0.207278139984041 -1
-0.855108904242902 -0.133590396511022 0.530652478311744 0.992104857578583 -0.0680384960822489 0.0393247919007707 0.22968772138264 0.713406156532167 -2.25033138582851 -0.964324039995433 -1
-2.72048130604124 -0.855108904242902 -0.133590396511022 0.530652478311744 0.992104857578583 -0.0680384960822489 0.0393247919007707 0.22968772138264 0.713406156532167 -2.25033138582851 1
1.49757153335771 -2.72048130604124 -0.855108904242902 -0.133590396511022 0.530652478311744 0.992104857578583 -0.0680384960822489 0.0393247919007707 0.22968772138264 0.713406156532167 1
2.31009387768699 1.49757153335771 -2.72048130604124 -0.855108904242902 -0.133590396511022 0.530652478311744 0.992104857578583 -0.0680384960822489 0.0393247919007707 0.22968772138264 1
1.21401941137983 2.31009387768699 1.49757153335771 -2.72048130604124 -0.855108904242902 -0.133590396511022 0.530652478311744 0.992104857578583 -0.0680384960822489 0.0393247919007707 -1
-0.729200808975641 1.21401941137983 2.31009387768699 1.49757153335771 -2.72048130604124 -0.855108904242902 -0.133590396511022 0.530652478311744 0.992104857578583 -0.0680384960822489 -1
-0.924329394091842 -0.729200808975641 1.21401941137983 2.31009387768699 1.49757153335771 -2.72048130604124 -0.855108904242902 -0.133590396511022 0.530652478311744 0.992104857578583 1
0.136875919664302 -0.924329394091842 -0.729200808975641 1.21401941137983 2.31009387768699 1.49757153335771 -2.72048130604124 -0.855108904242902 -0.133590396511022 0.530652478311744 1
1.06437957976776 0.136875919664302 -0.924329394091842 -0.729200808975641 1.21401941137983 2.31009387768699 1.49757153335771 -2.72048130604124 -0.855108904242902 -0.133590396511022 -1
-0.235301599358665 1.06437957976776 0.136875919664302 -0.924329394091842 -0.729200808975641 1.21401941137983 2.31009387768699 1.49757153335771 -2.72048130604124 -0.855108904242902 1
1.14230638709231 -0.235301599358665 1.06437957976776 0.136875919664302 -0.924329394091842 -0.729200808975641 1.21401941137983 2.31009387768699 1.49757153335771 -2.72048130604124 -1
-1.0041080491859 1.14230638709231 -0.235301599358665 1.06437957976776 0.136875919664302 -0.924329394091842 -0.729200808975641 1.21401941137983 2.31009387768699 1.49757153335771 -1
-0.438223742860293 -1.0041080491859 1.14230638709231 -0.235301599358665 1.06437957976776 0.136875919664302 -0.924329394091842 -0.729200808975641 1.21401941137983 2.31009387768699 -1
-0.100432667254106 -0.438223742860293 -1.0041080491859 1.14230638709231 -0.235301599358665 1.06437957976776 0.136875919664302 -0.924329394091842 -0.729200808975641 1.21401941137983 1
0.0690508980397793 -0.100432667254106 -0.438223742860293 -1.0041080491859 1.14230638709231 -0.235301599358665 1.06437957976776 0.136875919664302 -0.924329394091842 -0.729200808975641 -1
-1.30517812447157 0.0690508980397793 -0.100432667254106 -0.438223742860293 -1.0041080491859 1.14230638709231 -0.235301599358665 1.06437957976776 0.136875919664302 -0.924329394091842 1
2.22218815607839 -1.30517812447157 0.0690508980397793 -0.100432667254106 -0.438223742860293 -1.0041080491859 1.14230638709231 -0.235301599358665 1.06437957976776 0.136875919664302 -1
-2.065743412898 2.22218815607839 -1.30517812447157 0.0690508980397793 -0.100432667254106 -0.438223742860293 -1.0041080491859 1.14230638709231 -0.235301599358665 1.06437957976776 1
0 -2.065743412898 2.22218815607839 -1.30517812447157 0.0690508980397793 -0.100432667254106 -0.438223742860293 -1.0041080491859 1.14230638709231 -0.235301599358665 -1
-0.642120081160099 0 -2.065743412898 2.22218815607839 -1.30517812447157 0.0690508980397793 -0.100432667254106 -0.438223742860293 -1.0041080491859 1.14230638709231 1
0.0836023843044608 -0.642120081160099 0 -2.065743412898 2.22218815607839 -1.30517812447157 0.0690508980397793 -0.100432667254106 -0.438223742860293 -1.0041080491859 -1
-0.0158883565257131 0.0836023843044608 -0.642120081160099 0 -2.065743412898 2.22218815607839 -1.30517812447157 0.0690508980397793 -0.100432667254106 -0.438223742860293 -1
-1.15624041523656 -0.0158883565257131 0.0836023843044608 -0.642120081160099 0 -2.065743412898 2.22218815607839 -1.30517812447157 0.0690508980397793 -0.100432667254106 1
0.765933686866376 -1.15624041523656 -0.0158883565257131 0.0836023843044608 -0.642120081160099 0 -2.065743412898 2.22218815607839 -1.30517812447157 0.0690508980397793 1
1.30233762988495 0.765933686866376 -1.15624041523656 -0.0158883565257131 0.0836023843044608 -0.642120081160099 0 -2.065743412898 2.22218815607839 -1.30517812447157 1
0.848003016215613 1.30233762988495 0.765933686866376 -1.15624041523656 -0.0158883565257131 0.0836023843044608 -0.642120081160099 0 -2.065743412898 2.22218815607839 -1
-2.64136089067568 0.848003016215613 1.30233762988495 0.765933686866376 -1.15624041523656 -0.0158883565257131 0.0836023843044608 -0.642120081160099 0 -2.065743412898 1
0.299399696895526 -2.64136089067568 0.848003016215613 1.30233762988495 0.765933686866376 -1.15624041523656 -0.0158883565257131 0.0836023843044608 -0.642120081160099 0 1
0.207360229791959 0.299399696895526 -2.64136089067568 0.848003016215613 1.30233762988495 0.765933686866376 -1.15624041523656 -0.0158883565257131 0.0836023843044608 -0.642120081160099 1
0.199900179535639 0.207360229791959 0.299399696895526 -2.64136089067568 0.848003016215613 1.30233762988495 0.765933686866376 -1.15624041523656 -0.0158883565257131 0.0836023843044608 -1
-0.869844697631563 0.199900179535639 0.207360229791959 0.299399696895526 -2.64136089067568 0.848003016215613 1.30233762988495 0.765933686866376 -1.15624041523656 -0.0158883565257131 -1
-1.37441616737993 -0.869844697631563 0.199900179535639 0.207360229791959 0.299399696895526 -2.64136089067568 0.848003016215613 1.30233762988495 0.765933686866376 -1.15624041523656 1
0.805392964457454 -1.37441616737993 -0.869844697631563 0.199900179535639 0.207360229791959 0.299399696895526 -2.64136089067568 0.848003016215613 1.30233762988495 0.765933686866376 1
0.108255656269171 0.805392964457454 -1.37441616737993 -0.869844697631563 0.199900179535639 0.207360229791959 0.299399696895526 -2.64136089067568 0.848003016215613 1.30233762988495 -1
-1.66859666684064 0.108255656269171 0.805392964457454 -1.37441616737993 -0.869844697631563 0.199900179535639 0.207360229791959 0.299399696895526 -2.64136089067568 0.848003016215613 1
0.424210725948623 -1.66859666684064 0.108255656269171 0.805392964457454 -1.37441616737993 -0.869844697631563 0.199900179535639 0.207360229791959 0.299399696895526 -2.64136089067568 -1
-0.323180991378119 0.424210725948623 -1.66859666684064 0.108255656269171 0.805392964457454 -1.37441616737993 -0.869844697631563 0.199900179535639 0.207360229791959 0.299399696895526 1
0.866574153088994 -0.323180991378119 0.424210725948623 -1.66859666684064 0.108255656269171 0.805392964457454 -1.37441616737993 -0.869844697631563 0.199900179535639 0.207360229791959 1
0.901539847466854 0.866574153088994 -0.323180991378119 0.424210725948623 -1.66859666684064 0.108255656269171 0.805392964457454 -1.37441616737993 -0.869844697631563 0.199900179535639 1
1.26373845220578 0.901539847466854 0.866574153088994 -0.323180991378119 0.424210725948623 -1.66859666684064 0.108255656269171 0.805392964457454 -1.37441616737993 -0.869844697631563 1
0.269568272399958 1.26373845220578 0.901539847466854 0.866574153088994 -0.323180991378119 0.424210725948623 -1.66859666684064 0.108255656269171 0.805392964457454 -1.37441616737993 -1
-0.122022930348869 0.269568272399958 1.26373845220578 0.901539847466854 0.866574153088994 -0.323180991378119 0.424210725948623 -1.66859666684064 0.108255656269171 0.805392964457454 1
0.379116916281594 -0.122022930348869 0.269568272399958 1.26373845220578 0.901539847466854 0.866574153088994 -0.323180991378119 0.424210725948623 -1.66859666684064 0.108255656269171 1
0.527580692912083 0.379116916281594 -0.122022930348869 0.269568272399958 1.26373845220578 0.901539847466854 0.866574153088994 -0.323180991378119 0.424210725948623 -1.66859666684064 1
0.35680697775034 0.527580692912083 0.379116916281594 -0.122022930348869 0.269568272399958 1.26373845220578 0.901539847466854 0.866574153088994 -0.323180991378119 0.424210725948623 -1
-0.516527940962517 0.35680697775034 0.527580692912083 0.379116916281594 -0.122022930348869 0.269568272399958 1.26373845220578 0.901539847466854 0.866574153088994 -0.323180991378119 -1
-1.17511873064991 -0.516527940962517 0.35680697775034 0.527580692912083 0.379116916281594 -0.122022930348869 0.269568272399958 1.26373845220578 0.901539847466854 0.866574153088994 -1
-0.663569919779448 -1.17511873064991 -0.516527940962517 0.35680697775034 0.527580692912083 0.379116916281594 -0.122022930348869 0.269568272399958 1.26373845220578 0.901539847466854 1
0.741227755723385 -0.663569919779448 -1.17511873064991 -0.516527940962517 0.35680697775034 0.527580692912083 0.379116916281594 -0.122022930348869 0.269568272399958 1.26373845220578 -1
-0.069249657182687 0.741227755723385 -0.663569919779448 -1.17511873064991 -0.516527940962517 0.35680697775034 0.527580692912083 0.379116916281594 -0.122022930348869 0.269568272399958 -1
-0.244587167795356 -0.069249657182687 0.741227755723385 -0.663569919779448 -1.17511873064991 -0.516527940962517 0.35680697775034 0.527580692912083 0.379116916281594 -0.122022930348869 -1
-0.103715089366887 -0.244587167795356 -0.069249657182687 0.741227755723385 -0.663569919779448 -1.17511873064991 -0.516527940962517 0.35680697775034 0.527580692912083 0.379116916281594 -1
-0.516132997125418 -0.103715089366887 -0.244587167795356 -0.069249657182687 0.741227755723385 -0.663569919779448 -1.17511873064991 -0.516527940962517 0.35680697775034 0.527580692912083 1
1.79172570322928 -0.516132997125418 -0.103715089366887 -0.244587167795356 -0.069249657182687 0.741227755723385 -0.663569919779448 -1.17511873064991 -0.516527940962517 0.35680697775034 1
0.0791526837398086 1.79172570322928 -0.516132997125418 -0.103715089366887 -0.244587167795356 -0.069249657182687 0.741227755723385 -0.663569919779448 -1.17511873064991 -0.516527940962517 -1
-0.0154670830994739 0.0791526837398086 1.79172570322928 -0.516132997125418 -0.103715089366887 -0.244587167795356 -0.069249657182687 0.741227755723385 -0.663569919779448 -1.17511873064991 -1
-0.526068028760894 -0.0154670830994739 0.0791526837398086 1.79172570322928 -0.516132997125418 -0.103715089366887 -0.244587167795356 -0.069249657182687 0.741227755723385 -0.663569919779448 1
0.863774440110446 -0.526068028760894 -0.0154670830994739 0.0791526837398086 1.79172570322928 -0.516132997125418 -0.103715089366887 -0.244587167795356 -0.069249657182687 0.741227755723385 -1
-1.32138837485207 0.863774440110446 -0.526068028760894 -0.0154670830994739 0.0791526837398086 1.79172570322928 -0.516132997125418 -0.103715089366887 -0.244587167795356 -0.069249657182687 1
0.429423984598334 -1.32138837485207 0.863774440110446 -0.526068028760894 -0.0154670830994739 0.0791526837398086 1.79172570322928 -0.516132997125418 -0.103715089366887 -0.244587167795356 1
0.532864163799501 0.429423984598334 -1.32138837485207 0.863774440110446 -0.526068028760894 -0.0154670830994739 0.0791526837398086 1.79172570322928 -0.516132997125418 -0.103715089366887 1
2.07597994758423 0.532864163799501 0.429423984598334 -1.32138837485207 0.863774440110446 -0.526068028760894 -0.0154670830994739 0.0791526837398086 1.79172570322928 -0.516132997125418 -1
-2.11244332750257 2.07597994758423 0.532864163799501 0.429423984598334 -1.32138837485207 0.863774440110446 -0.526068028760894 -0.0154670830994739 0.0791526837398086 1.79172570322928 1
0.211537857935499 -2.11244332750257 2.07597994758423 0.532864163799501 0.429423984598334 -1.32138837485207 0.863774440110446 -0.526068028760894 -0.0154670830994739 0.0791526837398086 -1
-0.13284439148539 0.211537857935499 -2.11244332750257 2.07597994758423 0.532864163799501 0.429423984598334 -1.32138837485207 0.863774440110446 -0.526068028760894 -0.0154670830994739 1
0.199127844920867 -0.13284439148539 0.211537857935499 -2.11244332750257 2.07597994758423 0.532864163799501 0.429423984598334 -1.32138837485207 0.863774440110446 -0.526068028760894 1
0.164012949537881 0.199127844920867 -0.13284439148539 0.211537857935499 -2.11244332750257 2.07597994758423 0.532864163799501 0.429423984598334 -1.32138837485207 0.863774440110446 -1
-0.576603286850179 0.164012949537881 0.199127844920867 -0.13284439148539 0.211537857935499 -2.11244332750257 2.07597994758423 0.532864163799501 0.429423984598334 -1.32138837485207 1
0.109607241845022 -0.576603286850179 0.164012949537881 0.199127844920867 -0.13284439148539 0.211537857935499 -2.11244332750257 2.07597994758423 0.532864163799501 0.429423984598334 -1
-1.1014397637066 0.109607241845022 -0.576603286850179 0.164012949537881 0.199127844920867 -0.13284439148539 0.211537857935499 -2.11244332750257 2.07597994758423 0.532864163799501 -1
-0.563578916755615 -1.1014397637066 0.109607241845022 -0.576603286850179 0.164012949537881 0.199127844920867 -0.13284439148539 0.211537857935499 -2.11244332750257 2.07597994758423 1
0.592219834250671 -0.563578916755615 -1.1014397637066 0.109607241845022 -0.576603286850179 0.164012949537881 0.199127844920867 -0.13284439148539 0.211537857935499 -2.11244332750257 1
0.112266530348158 0.592219834250671 -0.563578916755615 -1.1014397637066 0.109607241845022 -0.576603286850179 0.164012949537881 0.199127844920867 -0.13284439148539 0.211537857935499 -1
-0.31109570996288 0.112266530348158 0.592219834250671 -0.563578916755615 -1.1014397637066 0.109607241845022 -0.576603286850179 0.164012949537881 0.199127844920867 -0.13284439148539 1
0.685531898162669 -0.31109570996288 0.112266530348158 0.592219834250671 -0.563578916755615 -1.1014397637066 0.109607241845022 -0.576603286850179 0.164012949537881 0.199127844920867 -1
-0.107032617598521 0.685531898162669 -0.31109570996288 0.112266530348158 0.592219834250671 -0.563578916755615 -1.1014397637066 0.109607241845022 -0.576603286850179 0.164012949537881 -1
-1.00069397912742 -0.107032617598521 0.685531898162669 -0.31109570996288 0.112266530348158 0.592219834250671 -0.563578916755615 -1.1014397637066 0.109607241845022 -0.576603286850179 1
0.0297671510429677 -1.00069397912742 -0.107032617598521 0.685531898162669 -0.31109570996288 0.112266530348158 0.592219834250671 -0.563578916755615 -1.1014397637066 0.109607241845022 -1
-0.682114727063689 0.0297671510429677 -1.00069397912742 -0.107032617598521 0.685531898162669 -0.31109570996288 0.112266530348158 0.592219834250671 -0.563578916755615 -1.1014397637066 -1
-1.01108539030799 -0.682114727063689 0.0297671510429677 -1.00069397912742 -0.107032617598521 0.685531898162669 -0.31109570996288 0.112266530348158 0.592219834250671 -0.563578916755615 1
0.198750454143194 -1.01108539030799 -0.682114727063689 0.0297671510429677 -1.00069397912742 -0.107032617598521 0.685531898162669 -0.31109570996288 0.112266530348158 0.592219834250671 1
0.881099309764536 0.198750454143194 -1.01108539030799 -0.682114727063689 0.0297671510429677 -1.00069397912742 -0.107032617598521 0.685531898162669 -0.31109570996288 0.112266530348158 1
0.168085259324861 0.881099309764536 0.198750454143194 -1.01108539030799 -0.682114727063689 0.0297671510429677 -1.00069397912742 -0.107032617598521 0.685531898162669 -0.31109570996288 1
0.598775901946519 0.168085259324861 0.881099309764536 0.198750454143194 -1.01108539030799 -0.682114727063689 0.0297671510429677 -1.00069397912742 -0.107032617598521 0.685531898162669 1
0.346468225748051 0.598775901946519 0.168085259324861 0.881099309764536 0.198750454143194 -1.01108539030799 -0.682114727063689 0.0297671510429677 -1.00069397912742 -0.107032617598521 1
0.14766227468197 0.346468225748051 0.598775901946519 0.168085259324861 0.881099309764536 0.198750454143194 -1.01108539030799 -0.682114727063689 0.0297671510429677 -1.00069397912742 1
0.176975883924452 0.14766227468197 0.346468225748051 0.598775901946519 0.168085259324861 0.881099309764536 0.198750454143194 -1.01108539030799 -0.682114727063689 0.0297671510429677 -1
-0.63786346424914 0.176975883924452 0.14766227468197 0.346468225748051 0.598775901946519 0.168085259324861 0.881099309764536 0.198750454143194 -1.01108539030799 -0.682114727063689 1
1.16952240573331 -0.63786346424914 0.176975883924452 0.14766227468197 0.346468225748051 0.598775901946519 0.168085259324861 0.881099309764536 0.198750454143194 -1.01108539030799 -1
-0.62030162829279 1.16952240573331 -0.63786346424914 0.176975883924452 0.14766227468197 0.346468225748051 0.598775901946519 0.168085259324861 0.881099309764536 0.198750454143194 1
0.470787769137202 -0.62030162829279 1.16952240573331 -0.63786346424914 0.176975883924452 0.14766227468197 0.346468225748051 0.598775901946519 0.168085259324861 0.881099309764536 -1
-0.220004108068352 0.470787769137202 -0.62030162829279 1.16952240573331 -0.63786346424914 0.176975883924452 0.14766227468197 0.346468225748051 0.598775901946519 0.168085259324861 -1
-1.30233452884445 -0.220004108068352 0.470787769137202 -0.62030162829279 1.16952240573331 -0.63786346424914 0.176975883924452 0.14766227468197 0.346468225748051 0.598775901946519 1
1.58050973914857 -1.30233452884445 -0.220004108068352 0.470787769137202 -0.62030162829279 1.16952240573331 -0.63786346424914 0.176975883924452 0.14766227468197 0.346468225748051 1
1.36229010435663 1.58050973914857 -1.30233452884445 -0.220004108068352 0.470787769137202 -0.62030162829279 1.16952240573331 -0.63786346424914 0.176975883924452 0.14766227468197 1
0.727887430559142 1.36229010435663 1.58050973914857 -1.30233452884445 -0.220004108068352 0.470787769137202 -0.62030162829279 1.16952240573331 -0.63786346424914 0.176975883924452 -1
-1.90960894929807 0.727887430559142 1.36229010435663 1.58050973914857 -1.30233452884445 -0.220004108068352 0.470787769137202 -0.62030162829279 1.16952240573331 -0.63786346424914 -1
-0.341401067062968 -1.90960894929807 0.727887430559142 1.36229010435663 1.58050973914857 -1.30233452884445 -0.220004108068352 0.470787769137202 -0.62030162829279 1.16952240573331 -1
-1.12638266115185 -0.341401067062968 -1.90960894929807 0.727887430559142 1.36229010435663 1.58050973914857 -1.30233452884445 -0.220004108068352 0.470787769137202 -0.62030162829279 -1
-0.732246264786162 -1.12638266115185 -0.341401067062968 -1.90960894929807 0.727887430559142 1.36229010435663 1.58050973914857 -1.30233452884445 -0.220004108068352 0.470787769137202 1
1.09548360107176 -0.732246264786162 -1.12638266115185 -0.341401067062968 -1.90960894929807 0.727887430559142 1.36229010435663 1.58050973914857 -1.30233452884445 -0.220004108068352 -1
-0.195122646331095 1.09548360107176 -0.732246264786162 -1.12638266115185 -0.341401067062968 -1.90960894929807 0.727887430559142 1.36229010435663 1.58050973914857 -1.30233452884445 1
0.0137148781973089 -0.195122646331095 1.09548360107176 -0.732246264786162 -1.12638266115185 -0.341401067062968 -1.90960894929807 0.727887430559142 1.36229010435663 1.58050973914857 1
0.743957256464227 0.0137148781973089 -0.195122646331095 1.09548360107176 -0.732246264786162 -1.12638266115185 -0.341401067062968 -1.90960894929807 0.727887430559142 1.36229010435663 1
0.403261149522932 0.743957256464227 0.0137148781973089 -0.195122646331095 1.09548360107176 -0.732246264786162 -1.12638266115185 -0.341401067062968 -1.90960894929807 0.727887430559142 -1
-0.0309137753949135 0.403261149522932 0.743957256464227 0.0137148781973089 -0.195122646331095 1.09548360107176 -0.732246264786162 -1.12638266115185 -0.341401067062968 -1.90960894929807 1
0.208773251075803 -0.0309137753949135 0.403261149522932 0.743957256464227 0.0137148781973089 -0.195122646331095 1.09548360107176 -0.732246264786162 -1.12638266115185 -0.341401067062968 1
0.719119677375537 0.208773251075803 -0.0309137753949135 0.403261149522932 0.743957256464227 0.0137148781973089 -0.195122646331095 1.09548360107176 -0.732246264786162 -1.12638266115185 -1
-0.205075231025998 0.719119677375537 0.208773251075803 -0.0309137753949135 0.403261149522932 0.743957256464227 0.0137148781973089 -0.195122646331095 1.09548360107176 -0.732246264786162 -1
-0.765403994043078 -0.205075231025998 0.719119677375537 0.208773251075803 -0.0309137753949135 0.403261149522932 0.743957256464227 0.0137148781973089 -0.195122646331095 1.09548360107176 -1
-1.13008635669087 -0.765403994043078 -0.205075231025998 0.719119677375537 0.208773251075803 -0.0309137753949135 0.403261149522932 0.743957256464227 0.0137148781973089 -0.195122646331095 1
1.25212710339506 -1.13008635669087 -0.765403994043078 -0.205075231025998 0.719119677375537 0.208773251075803 -0.0309137753949135 0.403261149522932 0.743957256464227 0.0137148781973089 1
0.440201563086288 1.25212710339506 -1.13008635669087 -0.765403994043078 -0.205075231025998 0.719119677375537 0.208773251075803 -0.0309137753949135 0.403261149522932 0.743957256464227 1
-0.00488258826521236 0.440201563086288 1.25212710339506 -1.13008635669087 -0.765403994043078 -0.205075231025998 0.719119677375537 0.208773251075803 -0.0309137753949135 0.403261149522932 1
0.558842691750922 -0.00488258826521236 0.440201563086288 1.25212710339506 -1.13008635669087 -0.765403994043078 -0.205075231025998 0.719119677375537 0.208773251075803 -0.0309137753949135 1
0.422736268956785 0.558842691750922 -0.00488258826521236 0.440201563086288 1.25212710339506 -1.13008635669087 -0.765403994043078 -0.205075231025998 0.719119677375537 0.208773251075803 -1
-1.4646739989517 0.422736268956785 0.558842691750922 -0.00488258826521236 0.440201563086288 1.25212710339506 -1.13008635669087 -0.765403994043078 -0.205075231025998 0.719119677375537 1
1.19726501615711 -1.4646739989517 0.422736268956785 0.558842691750922 -0.00488258826521236 0.440201563086288 1.25212710339506 -1.13008635669087 -0.765403994043078 -0.205075231025998 1
-5.54969228872087e-05 1.19726501615711 -1.4646739989517 0.422736268956785 0.558842691750922 -0.00488258826521236 0.440201563086288 1.25212710339506 -1.13008635669087 -0.765403994043078 1
0.125343559621002 -5.54969228872087e-05 1.19726501615711 -1.4646739989517 0.422736268956785 0.558842691750922 -0.00488258826521236 0.440201563086288 1.25212710339506 -1.13008635669087 -1
-0.551309328216396 0.125343559621002 -5.54969228872087e-05 1.19726501615711 -1.4646739989517 0.422736268956785 0.558842691750922 -0.00488258826521236 0.440201563086288 1.25212710339506 -1
-1.06249830136861 -0.551309328216396 0.125343559621002 -5.54969228872087e-05 1.19726501615711 -1.4646739989517 0.422736268956785 0.558842691750922 -0.00488258826521236 0.440201563086288 -1
-0.787187340791534 -1.06249830136861 -0.551309328216396 0.125343559621002 -5.54969228872087e-05 1.19726501615711 -1.4646739989517 0.422736268956785 0.558842691750922 -0.00488258826521236 1
0 -0.787187340791534 -1.06249830136861 -0.551309328216396 0.125343559621002 -5.54969228872087e-05 1.19726501615711 -1.4646739989517 0.422736268956785 0.558842691750922 1
0.479476533553387 0 -0.787187340791534 -1.06249830136861 -0.551309328216396 0.125343559621002 -5.54969228872087e-05 1.19726501615711 -1.4646739989517 0.422736268956785 1
0.107781723664652 0.479476533553387 0 -0.787187340791534 -1.06249830136861 -0.551309328216396 0.125343559621002 -5.54969228872087e-05 1.19726501615711 -1.4646739989517 -1
-0.513956417756515 0.107781723664652 0.479476533553387 0 -0.787187340791534 -1.06249830136861 -0.551309328216396 0.125343559621002 -5.54969228872087e-05 1.19726501615711 -1
-0.192006978282867 -0.513956417756515 0.107781723664652 0.479476533553387 0 -0.787187340791534 -1.06249830136861 -0.551309328216396 0.125343559621002 -5.54969228872087e-05 -1
-1.04910531702609 -0.192006978282867 -0.513956417756515 0.107781723664652 0.479476533553387 0 -0.787187340791534 -1.06249830136861 -0.551309328216396 0.125343559621002 1
0.585119621712596 -1.04910531702609 -0.192006978282867 -0.513956417756515 0.107781723664652 0.479476533553387 0 -0.787187340791534 -1.06249830136861 -0.551309328216396 -1
-0.860111526179494 0.585119621712596 -1.04910531702609 -0.192006978282867 -0.513956417756515 0.107781723664652 0.479476533553387 0 -0.787187340791534 -1.06249830136861 -1
-0.911480554591544 -0.860111526179494 0.585119621712596 -1.04910531702609 -0.192006978282867 -0.513956417756515 0.107781723664652 0.479476533553387 0 -0.787187340791534 -1
-1.19255769519027 -0.911480554591544 -0.860111526179494 0.585119621712596 -1.04910531702609 -0.192006978282867 -0.513956417756515 0.107781723664652 0.479476533553387 0 1
0.424228279008049 -1.19255769519027 -0.911480554591544 -0.860111526179494 0.585119621712596 -1.04910531702609 -0.192006978282867 -0.513956417756515 0.107781723664652 0.479476533553387 -1
-0.0743927035946914 0.424228279008049 -1.19255769519027 -0.911480554591544 -0.860111526179494 0.585119621712596 -1.04910531702609 -0.192006978282867 -0.513956417756515 0.107781723664652 -1
-0.653985949332505 -0.0743927035946914 0.424228279008049 -1.19255769519027 -0.911480554591544 -0.860111526179494 0.585119621712596 -1.04910531702609 -0.192006978282867 -0.513956417756515 1
0.00800135735393879 -0.653985949332505 -0.0743927035946914 0.424228279008049 -1.19255769519027 -0.911480554591544 -0.860111526179494 0.585119621712596 -1.04910531702609 -0.192006978282867 1
0.638437039721004 0.00800135735393879 -0.653985949332505 -0.0743927035946914 0.424228279008049 -1.19255769519027 -0.911480554591544 -0.860111526179494 0.585119621712596 -1.04910531702609 1
1.24371041139999 0.638437039721004 0.00800135735393879 -0.653985949332505 -0.0743927035946914 0.424228279008049 -1.19255769519027 -0.911480554591544 -0.860111526179494 0.585119621712596 1
0.684461161537644 1.24371041139999 0.638437039721004 0.00800135735393879 -0.653985949332505 -0.0743927035946914 0.424228279008049 -1.19255769519027 -0.911480554591544 -0.860111526179494 -1
-0.4380306592066 0.684461161537644 1.24371041139999 0.638437039721004 0.00800135735393879 -0.653985949332505 -0.0743927035946914 0.424228279008049 -1.19255769519027 -0.911480554591544 -1
-0.274506357588057 -0.4380306592066 0.684461161537644 1.24371041139999 0.638437039721004 0.00800135735393879 -0.653985949332505 -0.0743927035946914 0.424228279008049 -1.19255769519027 1
0.32189394255076 -0.274506357588057 -0.4380306592066 0.684461161537644 1.24371041139999 0.638437039721004 0.00800135735393879 -0.653985949332505 -0.0743927035946914 0.424228279008049 1
0.920374280231634 0.32189394255076 -0.274506357588057 -0.4380306592066 0.684461161537644 1.24371041139999 0.638437039721004 0.00800135735393879 -0.653985949332505 -0.0743927035946914 1
0.480380516113858 0.920374280231634 0.32189394255076 -0.274506357588057 -0.4380306592066 0.684461161537644 1.24371041139999 0.638437039721004 0.00800135735393879 -0.653985949332505 -1
-1.39056498205244 0.480380516113858 0.920374280231634 0.32189394255076 -0.274506357588057 -0.4380306592066 0.684461161537644 1.24371041139999 0.638437039721004 0.00800135735393879 1
0.0978203624400361 -1.39056498205244 0.480380516113858 0.920374280231634 0.32189394255076 -0.274506357588057 -0.4380306592066 0.684461161537644 1.24371041139999 0.638437039721004 -1
-0.652046336265862 0.0978203624400361 -1.39056498205244 0.480380516113858 0.920374280231634 0.32189394255076 -0.274506357588057 -0.4380306592066 0.684461161537644 1.24371041139999 1
0.725570426714826 -0.652046336265862 0.0978203624400361 -1.39056498205244 0.480380516113858 0.920374280231634 0.32189394255076 -0.274506357588057 -0.4380306592066 0.684461161537644 -1
-1.90175395520465 0.725570426714826 -0.652046336265862 0.0978203624400361 -1.39056498205244 0.480380516113858 0.920374280231634 0.32189394255076 -0.274506357588057 -0.4380306592066 1
0.527212078664124 -1.90175395520465 0.725570426714826 -0.652046336265862 0.0978203624400361 -1.39056498205244 0.480380516113858 0.920374280231634 0.32189394255076 -0.274506357588057 1
0.838278621293257 0.527212078664124 -1.90175395520465 0.725570426714826 -0.652046336265862 0.0978203624400361 -1.39056498205244 0.480380516113858 0.920374280231634 0.32189394255076 1
0.262634813926437 0.838278621293257 0.527212078664124 -1.90175395520465 0.725570426714826 -0.652046336265862 0.0978203624400361 -1.39056498205244 0.480380516113858 0.920374280231634 1
1.14361409001959 0.262634813926437 0.838278621293257 0.527212078664124 -1.90175395520465 0.725570426714826 -0.652046336265862 0.0978203624400361 -1.39056498205244 0.480380516113858 1
0.308448299029957 1.14361409001959 0.262634813926437 0.838278621293257 0.527212078664124 -1.90175395520465 0.725570426714826 -0.652046336265862 0.0978203624400361 -1.39056498205244 -1
-1.52454748465595 0.308448299029957 1.14361409001959 0.262634813926437 0.838278621293257 0.527212078664124 -1.90175395520465 0.725570426714826 -0.652046336265862 0.0978203624400361 -1
-0.498711585644481 -1.52454748465595 0.308448299029957 1.14361409001959 0.262634813926437 0.838278621293257 0.527212078664124 -1.90175395520465 0.725570426714826 -0.652046336265862 1
0.664108389132459 -0.498711585644481 -1.52454748465595 0.308448299029957 1.14361409001959 0.262634813926437 0.838278621293257 0.527212078664124 -1.90175395520465 0.725570426714826 1
0.45626261246166 0.664108389132459 -0.498711585644481 -1.52454748465595 0.308448299029957 1.14361409001959 0.262634813926437 0.838278621293257 0.527212078664124 -1.90175395520465 1
0.471042288498888 0.45626261246166 0.664108389132459 -0.498711585644481 -1.52454748465595 0.308448299029957 1.14361409001959 0.262634813926437 0.838278621293257 0.527212078664124 -1
0 0.471042288498888 0.45626261246166 0.664108389132459 -0.498711585644481 -1.52454748465595 0.308448299029957 1.14361409001959 0.262634813926437 0.838278621293257 1
0.292281931298025 0 0.471042288498888 0.45626261246166 0.664108389132459 -0.498711585644481 -1.52454748465595 0.308448299029957 1.14361409001959 0.262634813926437 1
0.000242905087365598 0.292281931298025 0 0.471042288498888 0.45626261246166 0.664108389132459 -0.498711585644481 -1.52454748465595 0.308448299029957 1.14361409001959 -1
-0.5840633371065 0.000242905087365598 0.292281931298025 0 0.471042288498888 0.45626261246166 0.664108389132459 -0.498711585644481 -1.52454748465595 0.308448299029957 1
0.179556183660168 -0.5840633371065 0.000242905087365598 0.292281931298025 0 0.471042288498888 0.45626261246166 0.664108389132459 -0.498711585644481 -1.52454748465595 1
1.85415315908011 0.179556183660168 -0.5840633371065 0.000242905087365598 0.292281931298025 0 0.471042288498888 0.45626261246166 0.664108389132459 -0.498711585644481 -1
-0.571881513864414 1.85415315908011 0.179556183660168 -0.5840633371065 0.000242905087365598 0.292281931298025 0 0.471042288498888 0.45626261246166 0.664108389132459 -1
-0.988722792598457 -0.571881513864414 1.85415315908011 0.179556183660168 -0.5840633371065 0.000242905087365598 0.292281931298025 0 0.471042288498888 0.45626261246166 1
0.550311904869577 -0.988722792598457 -0.571881513864414 1.85415315908011 0.179556183660168 -0.5840633371065 0.000242905087365598 0.292281931298025 0 0.471042288498888 1
0.55812301631443 0.550311904869577 -0.988722792598457 -0.571881513864414 1.85415315908011 0.179556183660168 -0.5840633371065 0.000242905087365598 0.292281931298025 0 -1
-0.5723993291175 0.55812301631443 0.550311904869577 -0.988722792598457 -0.571881513864414 1.85415315908011 0.179556183660168 -0.5840633371065 0.000242905087365598 0.292281931298025 1
0.166145646258217 -0.5723993291175 0.55812301631443 0.550311904869577 -0.988722792598457 -0.571881513864414 1.85415315908011 0.179556183660168 -0.5840633371065 0.000242905087365598 -1
-0.366835450172164 0.166145646258217 -0.5723993291175 0.55812301631443 0.550311904869577 -0.988722792598457 -0.571881513864414 1.85415315908011 0.179556183660168 -0.5840633371065 1
0.143001937404198 -0.366835450172164 0.166145646258217 -0.5723993291175 0.55812301631443 0.550311904869577 -0.988722792598457 -0.571881513864414 1.85415315908011 0.179556183660168 1
0.436717280790101 0.143001937404198 -0.366835450172164 0.166145646258217 -0.5723993291175 0.55812301631443 0.550311904869577 -0.988722792598457 -0.571881513864414 1.85415315908011 1
1.67276861949497 0.436717280790101 0.143001937404198 -0.366835450172164 0.166145646258217 -0.5723993291175 0.55812301631443 0.550311904869577 -0.988722792598457 -0.571881513864414 -1
-0.195289400395648 1.67276861949497 0.436717280790101 0.143001937404198 -0.366835450172164 0.166145646258217 -0.5723993291175 0.55812301631443 0.550311904869577 -0.988722792598457 1
0.186551077841682 -0.195289400395648 1.67276861949497 0.436717280790101 0.143001937404198 -0.366835450172164 0.166145646258217 -0.5723993291175 0.55812301631443 0.550311904869577 1
0.322271333328433 0.186551077841682 -0.195289400395648 1.67276861949497 0.436717280790101 0.143001937404198 -0.366835450172164 0.166145646258217 -0.5723993291175 0.55812301631443 -1
-0.169021246963687 0.322271333328433 0.186551077841682 -0.195289400395648 1.67276861949497 0.436717280790101 0.143001937404198 -0.366835450172164 0.166145646258217 -0.5723993291175 -1
-0.286091376809637 -0.169021246963687 0.322271333328433 0.186551077841682 -0.195289400395648 1.67276861949497 0.436717280790101 0.143001937404198 -0.366835450172164 0.166145646258217 -1
-0.0897516305929982 -0.286091376809637 -0.169021246963687 0.322271333328433 0.186551077841682 -0.195289400395648 1.67276861949497 0.436717280790101 0.143001937404198 -0.366835450172164 1
1.04938926701741 -0.0897516305929982 -0.286091376809637 -0.169021246963687 0.322271333328433 0.186551077841682 -0.195289400395648 1.67276861949497 0.436717280790101 0.143001937404198 1
0.0542799985322651 1.04938926701741 -0.0897516305929982 -0.286091376809637 -0.169021246963687 0.322271333328433 0.186551077841682 -0.195289400395648 1.67276861949497 0.436717280790101 1
0.365925792122477 0.0542799985322651 1.04938926701741 -0.0897516305929982 -0.286091376809637 -0.169021246963687 0.322271333328433 0.186551077841682 -0.195289400395648 1.67276861949497 -1
-0.712902793298009 0.365925792122477 0.0542799985322651 1.04938926701741 -0.0897516305929982 -0.286091376809637 -0.169021246963687 0.322271333328433 0.186551077841682 -0.195289400395648 -1
-0.0965797707099596 -0.712902793298009 0.365925792122477 0.0542799985322651 1.04938926701741 -0.0897516305929982 -0.286091376809637 -0.169021246963687 0.322271333328433 0.186551077841682 -1
-0.475006178888809 -0.0965797707099596 -0.712902793298009 0.365925792122477 0.0542799985322651 1.04938926701741 -0.0897516305929982 -0.286091376809637 -0.169021246963687 0.322271333328433 -1
-1.30524833670927 -0.475006178888809 -0.0965797707099596 -0.712902793298009 0.365925792122477 0.0542799985322651 1.04938926701741 -0.0897516305929982 -0.286091376809637 -0.169021246963687 -1
-1.9863333720519 -1.30524833670927 -0.475006178888809 -0.0965797707099596 -0.712902793298009 0.365925792122477 0.0542799985322651 1.04938926701741 -0.0897516305929982 -0.286091376809637 1
1.88931193711166 -1.9863333720519 -1.30524833670927 -0.475006178888809 -0.0965797707099596 -0.712902793298009 0.365925792122477 0.0542799985322651 1.04938926701741 -0.0897516305929982 -1
-0.874329504315069 1.88931193711166 -1.9863333720519 -1.30524833670927 -0.475006178888809 -0.0965797707099596 -0.712902793298009 0.365925792122477 0.0542799985322651 1.04938926701741 1
1.05698096521943 -0.874329504315069 1.88931193711166 -1.9863333720519 -1.30524833670927 -0.475006178888809 -0.0965797707099596 -0.712902793298009 0.365925792122477 0.0542799985322651 1
0.337639036856453 1.05698096521943 -0.874329504315069 1.88931193711166 -1.9863333720519 -1.30524833670927 -0.475006178888809 -0.0965797707099596 -0.712902793298009 0.365925792122477 -1
-0.826962573452291 0.337639036856453 1.05698096521943 -0.874329504315069 1.88931193711166 -1.9863333720519 -1.30524833670927 -0.475006178888809 -0.0965797707099596 -0.712902793298009 -1
-0.214966380012907 -0.826962573452291 0.337639036856453 1.05698096521943 -0.874329504315069 1.88931193711166 -1.9863333720519 -1.30524833670927 -0.475006178888809 -0.0965797707099596 1
0.245380156510053 -0.214966380012907 -0.826962573452291 0.337639036856453 1.05698096521943 -0.874329504315069 1.88931193711166 -1.9863333720519 -1.30524833670927 -0.475006178888809 -1
-0.650791292516857 0.245380156510053 -0.214966380012907 -0.826962573452291 0.337639036856453 1.05698096521943 -0.874329504315069 1.88931193711166 -1.9863333720519 -1.30524833670927 1
0.221569431397821 -0.650791292516857 0.245380156510053 -0.214966380012907 -0.826962573452291 0.337639036856453 1.05698096521943 -0.874329504315069 1.88931193711166 -1.9863333720519 1
1.82160101037342 0.221569431397821 -0.650791292516857 0.245380156510053 -0.214966380012907 -0.826962573452291 0.337639036856453 1.05698096521943 -0.874329504315069 1.88931193711166 -1
-0.845612699093092 1.82160101037342 0.221569431397821 -0.650791292516857 0.245380156510053 -0.214966380012907 -0.826962573452291 0.337639036856453 1.05698096521943 -0.874329504315069 1
0.411133696675779 -0.845612699093092 1.82160101037342 0.221569431397821 -0.650791292516857 0.245380156510053 -0.214966380012907 -0.826962573452291 0.337639036856453 1.05698096521943 1
0.881617125017622 0.411133696675779 -0.845612699093092 1.82160101037342 0.221569431397821 -0.650791292516857 0.245380156510053 -0.214966380012907 -0.826962573452291 0.337639036856453 1
1.02015464654235 0.881617125017622 0.411133696675779 -0.845612699093092 1.82160101037342 0.221569431397821 -0.650791292516857 0.245380156510053 -0.214966380012907 -0.826962573452291 -1
-0.265475308513053 1.02015464654235 0.881617125017622 0.411133696675779 -0.845612699093092 1.82160101037342 0.221569431397821 -0.650791292516857 0.245380156510053 -0.214966380012907 -1
-0.165203456538394 -0.265475308513053 1.02015464654235 0.881617125017622 0.411133696675779 -0.845612699093092 1.82160101037342 0.221569431397821 -0.650791292516857 0.245380156510053 1
0.286015489082716 -0.165203456538394 -0.265475308513053 1.02015464654235 0.881617125017622 0.411133696675779 -0.845612699093092 1.82160101037342 0.221569431397821 -0.650791292516857 -1
-0.404767611593124 0.286015489082716 -0.165203456538394 -0.265475308513053 1.02015464654235 0.881617125017622 0.411133696675779 -0.845612699093092 1.82160101037342 0.221569431397821 1
0.463696333128841 -0.404767611593124 0.286015489082716 -0.165203456538394 -0.265475308513053 1.02015464654235 0.881617125017622 0.411133696675779 -0.845612699093092 1.82160101037342 -1
-0.332185710863984 0.463696333128841 -0.404767611593124 0.286015489082716 -0.165203456538394 -0.265475308513053 1.02015464654235 0.881617125017622 0.411133696675779 -0.845612699093092 1
0.075615742265341 -0.332185710863984 0.463696333128841 -0.404767611593124 0.286015489082716 -0.165203456538394 -0.265475308513053 1.02015464654235 0.881617125017622 0.411133696675779 1
1.19151638919488 0.075615742265341 -0.332185710863984 0.463696333128841 -0.404767611593124 0.286015489082716 -0.165203456538394 -0.265475308513053 1.02015464654235 0.881617125017622 1
0.926412532674397 1.19151638919488 0.075615742265341 -0.332185710863984 0.463696333128841 -0.404767611593124 0.286015489082716 -0.165203456538394 -0.265475308513053 1.02015464654235 1
0.526896123594444 0.926412532674397 1.19151638919488 0.075615742265341 -0.332185710863984 0.463696333128841 -0.404767611593124 0.286015489082716 -0.165203456538394 -0.265475308513053 1
0.299662992786926 0.526896123594444 0.926412532674397 1.19151638919488 0.075615742265341 -0.332185710863984 0.463696333128841 -0.404767611593124 0.286015489082716 -0.165203456538394 1
1.10423380119593 0.299662992786926 0.526896123594444 0.926412532674397 1.19151638919488 0.075615742265341 -0.332185710863984 0.463696333128841 -0.404767611593124 0.286015489082716 -1
-1.04147851270521 1.10423380119593 0.299662992786926 0.526896123594444 0.926412532674397 1.19151638919488 0.075615742265341 -0.332185710863984 0.463696333128841 -0.404767611593124 -1
-0.592076308734759 -1.04147851270521 1.10423380119593 0.299662992786926 0.526896123594444 0.926412532674397 1.19151638919488 0.075615742265341 -0.332185710863984 0.463696333128841 -1
-0.510867079297427 -0.592076308734759 -1.04147851270521 1.10423380119593 0.299662992786926 0.526896123594444 0.926412532674397 1.19151638919488 0.075615742265341 -0.332185710863984 1
0.583926013671585 -0.510867079297427 -0.592076308734759 -1.04147851270521 1.10423380119593 0.299662992786926 0.526896123594444 0.926412532674397 1.19151638919488 0.075615742265341 1
0.149531675510905 0.583926013671585 -0.510867079297427 -0.592076308734759 -1.04147851270521 1.10423380119593 0.299662992786926 0.526896123594444 0.926412532674397 1.19151638919488 -1
-1.31404241948202 0.149531675510905 0.583926013671585 -0.510867079297427 -0.592076308734759 -1.04147851270521 1.10423380119593 0.299662992786926 0.526896123594444 0.926412532674397 -1
-0.327411278699939 -1.31404241948202 0.149531675510905 0.583926013671585 -0.510867079297427 -0.592076308734759 -1.04147851270521 1.10423380119593 0.299662992786926 0.526896123594444 -1
-0.26927554587892 -0.327411278699939 -1.31404241948202 0.149531675510905 0.583926013671585 -0.510867079297427 -0.592076308734759 -1.04147851270521 1.10423380119593 0.299662992786926 -1
-0.0738485587524664 -0.26927554587892 -0.327411278699939 -1.31404241948202 0.149531675510905 0.583926013671585 -0.510867079297427 -0.592076308734759 -1.04147851270521 1.10423380119593 1
0.645089649243699 -0.0738485587524664 -0.26927554587892 -0.327411278699939 -1.31404241948202 0.149531675510905 0.583926013671585 -0.510867079297427 -0.592076308734759 -1.04147851270521 -1
-1.54418935815436 0.645089649243699 -0.0738485587524664 -0.26927554587892 -0.327411278699939 -1.31404241948202 0.149531675510905 0.583926013671585 -0.510867079297427 -0.592076308734759 1
1.87137271037764 -1.54418935815436 0.645089649243699 -0.0738485587524664 -0.26927554587892 -0.327411278699939 -1.31404241948202 0.149531675510905 0.583926013671585 -0.510867079297427 -1
-0.767290947931441 1.87137271037764 -1.54418935815436 0.645089649243699 -0.0738485587524664 -0.26927554587892 -0.327411278699939 -1.31404241948202 0.149531675510905 0.583926013671585 -1
-0.793980374789641 -0.767290947931441 1.87137271037764 -1.54418935815436 0.645089649243699 -0.0738485587524664 -0.26927554587892 -0.327411278699939 -1.31404241948202 0.149531675510905 1
0.0720875773205871 -0.793980374789641 -0.767290947931441 1.87137271037764 -1.54418935815436 0.645089649243699 -0.0738485587524664 -0.26927554587892 -0.327411278699939 -1.31404241948202 -1
-0.184432833140274 0.0720875773205871 -0.793980374789641 -0.767290947931441 1.87137271037764 -1.54418935815436 0.645089649243699 -0.0738485587524664 -0.26927554587892 -0.327411278699939 -1
-0.0683807807410685 -0.184432833140274 0.0720875773205871 -0.793980374789641 -0.767290947931441 1.87137271037764 -1.54418935815436 0.645089649243699 -0.0738485587524664 -0.26927554587892 1
0.609544703904761 -0.0683807807410685 -0.184432833140274 0.0720875773205871 -0.793980374789641 -0.767290947931441 1.87137271037764 -1.54418935815436 0.645089649243699 -0.0738485587524664 1
0.15263856702942 0.609544703904761 -0.0683807807410685 -0.184432833140274 0.0720875773205871 -0.793980374789641 -0.767290947931441 1.87137271037764 -1.54418935815436 0.645089649243699 1
0.00121709988554446 0.15263856702942 0.609544703904761 -0.0683807807410685 -0.184432833140274 0.0720875773205871 -0.793980374789641 -0.767290947931441 1.87137271037764 -1.54418935815436 -1
-0.220679900856277 0.00121709988554446 0.15263856702942 0.609544703904761 -0.0683807807410685 -0.184432833140274 0.0720875773205871 -0.793980374789641 -0.767290947931441 1.87137271037764 1
0.363836978050707 -0.220679900856277 0.00121709988554446 0.15263856702942 0.609544703904761 -0.0683807807410685 -0.184432833140274 0.0720875773205871 -0.793980374789641 -0.767290947931441 1
1.50016060962314 0.363836978050707 -0.220679900856277 0.00121709988554446 0.15263856702942 0.609544703904761 -0.0683807807410685 -0.184432833140274 0.0720875773205871 -0.793980374789641 1
0.516952315429256 1.50016060962314 0.363836978050707 -0.220679900856277 0.00121709988554446 0.15263856702942 0.609544703904761 -0.0683807807410685 -0.184432833140274 0.0720875773205871 1
0.462344747552989 0.516952315429256 1.50016060962314 0.363836978050707 -0.220679900856277 0.00121709988554446 0.15263856702942 0.609544703904761 -0.0683807807410685 -0.184432833140274 -1
-0.0818790834401515 0.462344747552989 0.516952315429256 1.50016060962314 0.363836978050707 -0.220679900856277 0.00121709988554446 0.15263856702942 0.609544703904761 -0.0683807807410685 -1
-0.357602540913753 -0.0818790834401515 0.462344747552989 0.516952315429256 1.50016060962314 0.363836978050707 -0.220679900856277 0.00121709988554446 0.15263856702942 0.609544703904761 1
0.262257423148764 -0.357602540913753 -0.0818790834401515 0.462344747552989 0.516952315429256 1.50016060962314 0.363836978050707 -0.220679900856277 0.00121709988554446 0.15263856702942 1
1.33510919183448 0.262257423148764 -0.357602540913753 -0.0818790834401515 0.462344747552989 0.516952315429256 1.50016060962314 0.363836978050707 -0.220679900856277 0.00121709988554446 -1
-0.328464462265537 1.33510919183448 0.262257423148764 -0.357602540913753 -0.0818790834401515 0.462344747552989 0.516952315429256 1.50016060962314 0.363836978050707 -0.220679900856277 -1
-0.800896280203736 -0.328464462265537 1.33510919183448 0.262257423148764 -0.357602540913753 -0.0818790834401515 0.462344747552989 0.516952315429256 1.50016060962314 0.363836978050707 -1
-0.734247313560799 -0.800896280203736 -0.328464462265537 1.33510919183448 0.262257423148764 -0.357602540913753 -0.0818790834401515 0.462344747552989 0.516952315429256 1.50016060962314 1
0.289780620329729 -0.734247313560799 -0.800896280203736 -0.328464462265537 1.33510919183448 0.262257423148764 -0.357602540913753 -0.0818790834401515 0.462344747552989 0.516952315429256 -1
-1.40873239855901 0.289780620329729 -0.734247313560799 -0.800896280203736 -0.328464462265537 1.33510919183448 0.262257423148764 -0.357602540913753 -0.0818790834401515 0.462344747552989 -1
-1.53068227892556 -1.40873239855901 0.289780620329729 -0.734247313560799 -0.800896280203736 -0.328464462265537 1.33510919183448 0.262257423148764 -0.357602540913753 -0.0818790834401515 1
0.242062628278419 -1.53068227892556 -1.40873239855901 0.289780620329729 -0.734247313560799 -0.800896280203736 -0.328464462265537 1.33510919183448 0.262257423148764 -0.357602540913753 -1
-0.397246125628811 0.242062628278419 -1.53068227892556 -1.40873239855901 0.289780620329729 -0.734247313560799 -0.800896280203736 -0.328464462265537 1.33510919183448 0.262257423148764 1
0.6208400976458 -0.397246125628811 0.242062628278419 -1.53068227892556 -1.40873239855901 0.289780620329729 -0.734247313560799 -0.800896280203736 -0.328464462265537 1.33510919183448 1
1.89527997731672 0.6208400976458 -0.397246125628811 0.242062628278419 -1.53068227892556 -1.40873239855901 0.289780620329729 -0.734247313560799 -0.800896280203736 -0.328464462265537 -1
-0.0483264103461363 1.89527997731672 0.6208400976458 -0.397246125628811 0.242062628278419 -1.53068227892556 -1.40873239855901 0.289780620329729 -0.734247313560799 -0.800896280203736 1
0.18186441097477 -0.0483264103461363 1.89527997731672 0.6208400976458 -0.397246125628811 0.242062628278419 -1.53068227892556 -1.40873239855901 0.289780620329729 -0.734247313560799 -1
-0.180939774314373 0.18186441097477 -0.0483264103461363 1.89527997731672 0.6208400976458 -0.397246125628811 0.242062628278419 -1.53068227892556 -1.40873239855901 0.289780620329729 -1
-0.325401453395588 -0.180939774314373 0.18186441097477 -0.0483264103461363 1.89527997731672 0.6208400976458 -0.397246125628811 0.242062628278419 -1.53068227892556 -1.40873239855901 1
0.323684354612277 -0.325401453395588 -0.180939774314373 0.18186441097477 -0.0483264103461363 1.89527997731672 0.6208400976458 -0.397246125628811 0.242062628278419 -1.53068227892556 1
1.12746527534709 0.323684354612277 -0.325401453395588 -0.180939774314373 0.18186441097477 -0.0483264103461363 1.89527997731672 0.6208400976458 -0.397246125628811 0.242062628278419 -1
-0.851870364778688 1.12746527534709 0.323684354612277 -0.325401453395588 -0.180939774314373 0.18186441097477 -0.0483264103461363 1.89527997731672 0.6208400976458 -0.397246125628811 -1
-0.228526118419983 -0.851870364778688 1.12746527534709 0.323684354612277 -0.325401453395588 -0.180939774314373 0.18186441097477 -0.0483264103461363 1.89527997731672 0.6208400976458 1
0.106605668683068 -0.228526118419983 -0.851870364778688 1.12746527534709 0.323684354612277 -0.325401453395588 -0.180939774314373 0.18186441097477 -0.0483264103461363 1.89527997731672 1
0.333680821955746 0.106605668683068 -0.228526118419983 -0.851870364778688 1.12746527534709 0.323684354612277 -0.325401453395588 -0.180939774314373 0.18186441097477 -0.0483264103461363 1
0.205341627957896 0.333680821955746 0.106605668683068 -0.228526118419983 -0.851870364778688 1.12746527534709 0.323684354612277 -0.325401453395588 -0.180939774314373 0.18186441097477 1
0.319655927473864 0.205341627957896 0.333680821955746 0.106605668683068 -0.228526118419983 -0.851870364778688 1.12746527534709 0.323684354612277 -0.325401453395588 -0.180939774314373 1
0.313029647540309 0.319655927473864 0.205341627957896 0.333680821955746 0.106605668683068 -0.228526118419983 -0.851870364778688 1.12746527534709 0.323684354612277 -0.325401453395588 1
0.348995866305487 0.313029647540309 0.319655927473864 0.205341627957896 0.333680821955746 0.106605668683068 -0.228526118419983 -0.851870364778688 1.12746527534709 0.323684354612277 1
0.712739140273955 0.348995866305487 0.313029647540309 0.319655927473864 0.205341627957896 0.333680821955746 0.106605668683068 -0.228526118419983 -0.851870364778688 1.12746527534709 -1
-1.78643035477165 0.712739140273955 0.348995866305487 0.313029647540309 0.319655927473864 0.205341627957896 0.333680821955746 0.106605668683068 -0.228526118419983 -0.851870364778688 -1
-0.0162481942439589 -1.78643035477165 0.712739140273955 0.348995866305487 0.313029647540309 0.319655927473864 0.205341627957896 0.333680821955746 0.106605668683068 -0.228526118419983 -1
-0.138443817442487 -0.0162481942439589 -1.78643035477165 0.712739140273955 0.348995866305487 0.313029647540309 0.319655927473864 0.205341627957896 0.333680821955746 0.106605668683068 -1
-0.487135342952614 -0.138443817442487 -0.0162481942439589 -1.78643035477165 0.712739140273955 0.348995866305487 0.313029647540309 0.319655927473864 0.205341627957896 0.333680821955746 -1
-0.308006371503792 -0.487135342952614 -0.138443817442487 -0.0162481942439589 -1.78643035477165 0.712739140273955 0.348995866305487 0.313029647540309 0.319655927473864 0.205341627957896 1
0.647415429617728 -0.308006371503792 -0.487135342952614 -0.138443817442487 -0.0162481942439589 -1.78643035477165 0.712739140273955 0.348995866305487 0.313029647540309 0.319655927473864 1
0.0584576266758043 0.647415429617728 -0.308006371503792 -0.487135342952614 -0.138443817442487 -0.0162481942439589 -1.78643035477165 0.712739140273955 0.348995866305487 0.313029647540309 1
0.638077202002758 0.0584576266758043 0.647415429617728 -0.308006371503792 -0.487135342952614 -0.138443817442487 -0.0162481942439589 -1.78643035477165 0.712739140273955 0.348995866305487 1
0.0831196751702283 0.638077202002758 0.0584576266758043 0.647415429617728 -0.308006371503792 -0.487135342952614 -0.138443817442487 -0.0162481942439589 -1.78643035477165 0.712739140273955 1
0.0939323597770362 0.0831196751702283 0.638077202002758 0.0584576266758043 0.647415429617728 -0.308006371503792 -0.487135342952614 -0.138443817442487 -0.0162481942439589 -1.78643035477165 -1
-0.328587333681522 0.0939323597770362 0.0831196751702283 0.638077202002758 0.0584576266758043 0.647415429617728 -0.308006371503792 -0.487135342952614 -0.138443817442487 -0.0162481942439589 -1
-0.300423449831486 -0.328587333681522 0.0939323597770362 0.0831196751702283 0.638077202002758 0.0584576266758043 0.647415429617728 -0.308006371503792 -0.487135342952614 -0.138443817442487 1
0.829984800714172 -0.300423449831486 -0.328587333681522 0.0939323597770362 0.0831196751702283 0.638077202002758 0.0584576266758043 0.647415429617728 -0.308006371503792 -0.487135342952614 1
0.0765723840040924 0.829984800714172 -0.300423449831486 -0.328587333681522 0.0939323597770362 0.0831196751702283 0.638077202002758 0.0584576266758043 0.647415429617728 -0.308006371503792 -1
-1.33667708961267 0.0765723840040924 0.829984800714172 -0.300423449831486 -0.328587333681522 0.0939323597770362 0.0831196751702283 0.638077202002758 0.0584576266758043 0.647415429617728 -1
-1.15311597065862 -1.33667708961267 0.0765723840040924 0.829984800714172 -0.300423449831486 -0.328587333681522 0.0939323597770362 0.0831196751702283 0.638077202002758 0.0584576266758043 1
0.121990925270514 -1.15311597065862 -1.33667708961267 0.0765723840040924 0.829984800714172 -0.300423449831486 -0.328587333681522 0.0939323597770362 0.0831196751702283 0.638077202002758 -1
-0.120785439659291 0.121990925270514 -1.15311597065862 -1.33667708961267 0.0765723840040924 0.829984800714172 -0.300423449831486 -0.328587333681522 0.0939323597770362 0.0831196751702283 -1
-1.74260914191305 -0.120785439659291 0.121990925270514 -1.15311597065862 -1.33667708961267 0.0765723840040924 0.829984800714172 -0.300423449831486 -0.328587333681522 0.0939323597770362 1
0.74026233745492 -1.74260914191305 -0.120785439659291 0.121990925270514 -1.15311597065862 -1.33667708961267 0.0765723840040924 0.829984800714172 -0.300423449831486 -0.328587333681522 -1
-0.48410744020152 0.74026233745492 -1.74260914191305 -0.120785439659291 0.121990925270514 -1.15311597065862 -1.33667708961267 0.0765723840040924 0.829984800714172 -0.300423449831486 1
0.142940501696204 -0.48410744020152 0.74026233745492 -1.74260914191305 -0.120785439659291 0.121990925270514 -1.15311597065862 -1.33667708961267 0.0765723840040924 0.829984800714172 -1
-0.424620121804649 0.142940501696204 -0.48410744020152 0.74026233745492 -1.74260914191305 -0.120785439659291 0.121990925270514 -1.15311597065862 -1.33667708961267 0.0765723840040924 1
0.365311435042544 -0.424620121804649 0.142940501696204 -0.48410744020152 0.74026233745492 -1.74260914191305 -0.120785439659291 0.121990925270514 -1.15311597065862 -1.33667708961267 1
0.683750262630866 0.365311435042544 -0.424620121804649 0.142940501696204 -0.48410744020152 0.74026233745492 -1.74260914191305 -0.120785439659291 0.121990925270514 -1.15311597065862 1
0.69442252276226 0.683750262630866 0.365311435042544 -0.424620121804649 0.142940501696204 -0.48410744020152 0.74026233745492 -1.74260914191305 -0.120785439659291 0.121990925270514 -1
-0.133511407743603 0.69442252276226 0.683750262630866 0.365311435042544 -0.424620121804649 0.142940501696204 -0.48410744020152 0.74026233745492 -1.74260914191305 -0.120785439659291 -1
-2.19291532844398 -0.133511407743603 0.69442252276226 0.683750262630866 0.365311435042544 -0.424620121804649 0.142940501696204 -0.48410744020152 0.74026233745492 -1.74260914191305 -1
-0.538609689721225 -2.19291532844398 -0.133511407743603 0.69442252276226 0.683750262630866 0.365311435042544 -0.424620121804649 0.142940501696204 -0.48410744020152 0.74026233745492 -1
-0.631272290434438 -0.538609689721225 -2.19291532844398 -0.133511407743603 0.69442252276226 0.683750262630866 0.365311435042544 -0.424620121804649 0.142940501696204 -0.48410744020152 1
0.455700914560008 -0.631272290434438 -0.538609689721225 -2.19291532844398 -0.133511407743603 0.69442252276226 0.683750262630866 0.365311435042544 -0.424620121804649 0.142940501696204 -1
-0.00915675823559816 0.455700914560008 -0.631272290434438 -0.538609689721225 -2.19291532844398 -0.133511407743603 0.69442252276226 0.683750262630866 0.365311435042544 -0.424620121804649 -1
-0.406110420639262 -0.00915675823559816 0.455700914560008 -0.631272290434438 -0.538609689721225 -2.19291532844398 -0.133511407743603 0.69442252276226 0.683750262630866 0.365311435042544 -1
