0.780759263476308 -0.997612901309265 0.144681618408223 -0.340723991008248 -1.31778621258515 -0.960106884845519 -0.153689415004587 -0.601589007957312 0.920301464974047 -0.0187592338240368 1
0.103707057738988 0.780759263476308 -0.997612901309265 0.144681618408223 -0.340723991008248 -1.31778621258515 -0.960106884845519 -0.153689415004587 -0.601589007957312 0.920301464974047 1
0.457269871476498 0.103707057738988 0.780759263476308 -0.997612901309265 0.144681618408223 -0.340723991008248 -1.31778621258515 -0.960106884845519 -0.153689415004587 -0.601589007957312 -1
-0.28156816016299 0.457269871476498 0.103707057738988 0.780759263476308 -0.997612901309265 0.144681618408223 -0.340723991008248 -1.31778621258515 -0.960106884845519 -0.153689415004587 -1
-0.655904123263042 -0.28156816016299 0.457269871476498 0.103707057738988 0.780759263476308 -0.997612901309265 0.144681618408223 -0.340723991008248 -1.31778621258515 -0.960106884845519 -1
-0.39012215903367 -0.655904123263042 -0.28156816016299 0.457269871476498 0.103707057738988 0.780759263476308 -0.997612901309265 0.144681618408223 -0.340723991008248 -1.31778621258515 1
0.303586682064074 -0.39012215903367 -0.655904123263042 -0.28156816016299 0.457269871476498 0.103707057738988 0.780759263476308 -0.997612901309265 0.144681618408223 -0.340723991008248 -1
-0.138290603367033 0.303586682064074 -0.39012215903367 -0.655904123263042 -0.28156816016299 0.457269871476498 0.103707057738988 0.780759263476308 -0.997612901309265 0.144681618408223 -1
-0.52467118151032 -0.138290603367033 0.303586682064074 -0.39012215903367 -0.655904123263042 -0.28156816016299 0.457269871476498 0.103707057738988 0.780759263476308 -0.997612901309265 -1
-1.16048201548568 -0.52467118151032 -0.138290603367033 0.303586682064074 -0.39012215903367 -0.655904123263042 -0.28156816016299 0.457269871476498 0.103707057738988 0.780759263476308 1
0 -1.16048201548568 -0.52467118151032 -0.138290603367033 0.303586682064074 -0.39012215903367 -0.655904123263042 -0.28156816016299 0.457269871476498 0.103707057738988 -1
-1.17820589521702 0 -1.16048201548568 -0.52467118151032 -0.138290603367033 0.303586682064074 -0.39012215903367 -0.655904123263042 -0.28156816016299 0.457269871476498 -1
-0.689789132039739 -1.17820589521702 0 -1.16048201548568 -0.52467118151032 -0.138290603367033 0.303586682064074 -0.39012215903367 -0.655904123263042 -0.28156816016299 1
1.03964225516509 -0.689789132039739 -1.17820589521702 0 -1.16048201548568 -0.52467118151032 -0.138290603367033 0.303586682064074 -0.39012215903367 -0.655904123263042 -1
-0.169964891661111 1.03964225516509 -0.689789132039739 -1.17820589521702 0 -1.16048201548568 -0.52467118151032 -0.138290603367033 0.303586682064074 -0.39012215903367 -1
-1.50436339814413 -0.169964891661111 1.03964225516509 -0.689789132039739 -1.17820589521702 0 -1.16048201548568 -0.52467118151032 -0.138290603367033 0.303586682064074 1
0.325732002760656 -1.50436339814413 -0.169964891661111 1.03964225516509 -0.689789132039739 -1.17820589521702 0 -1.16048201548568 -0.52467118151032 -0.138290603367033 -1
-0.595033078250234 0.325732002760656 -1.50436339814413 -0.169964891661111 1.03964225516509 -0.689789132039739 -1.17820589521702 0 -1.16048201548568 -0.52467118151032 1
1.01460012831887 -0.595033078250234 0.325732002760656 -1.50436339814413 -0.169964891661111 1.03964225516509 -0.689789132039739 -1.17820589521702 0 -1.16048201548568 -1
-0.622857663634924 1.01460012831887 -0.595033078250234 0.325732002760656 -1.50436339814413 -0.169964891661111 1.03964225516509 -0.689789132039739 -1.17820589521702 0 -1
-0.0705205858136377 -0.622857663634924 1.01460012831887 -0.595033078250234 0.325732002760656 -1.50436339814413 -0.169964891661111 1.03964225516509 -0.689789132039739 -1.17820589521702 1
0.602529453532734 -0.0705205858136377 -0.622857663634924 1.01460012831887 -0.595033078250234 0.325732002760656 -1.50436339814413 -0.169964891661111 1.03964225516509 -0.689789132039739 1
1.07825363187015 0.602529453532734 -0.0705205858136377 -0.622857663634924 1.01460012831887 -0.595033078250234 0.325732002760656 -1.50436339814413 -0.169964891661111 1.03964225516509 -1
-0.115116154169921 1.07825363187015 0.602529453532734 -0.0705205858136377 -0.622857663634924 1.01460012831887 -0.595033078250234 0.325732002760656 -1.50436339814413 -0.169964891661111 -1
-0.447753355063328 -0.115116154169921 1.07825363187015 0.602529453532734 -0.0705205858136377 -0.622857663634924 1.01460012831887 -0.595033078250234 0.325732002760656 -1.50436339814413 -1
-0.887534267622986 -0.447753355063328 -0.115116154169921 1.07825363187015 0.602529453532734 -0.0705205858136377 -0.622857663634924 1.01460012831887 -0.595033078250234 0.325732002760656 -1
-0.615425068908877 -0.887534267622986 -0.447753355063328 -0.115116154169921 1.07825363187015 0.602529453532734 -0.0705205858136377 -0.622857663634924 1.01460012831887 -0.595033078250234 -1
-1.48530546294914 -0.615425068908877 -0.887534267622986 -0.447753355063328 -0.115116154169921 1.07825363187015 0.602529453532734 -0.0705205858136377 -0.622857663634924 1.01460012831887 1
1.71593214349461 -1.48530546294914 -0.615425068908877 -0.887534267622986 -0.447753355063328 -0.115116154169921 1.07825363187015 0.602529453532734 -0.0705205858136377 -0.622857663634924 -1
-0.694629847579267 1.71593214349461 -1.48530546294914 -0.615425068908877 -0.887534267622986 -0.447753355063328 -0.115116154169921 1.07825363187015 0.602529453532734 -0.0705205858136377 1
0.887674279920219 -0.694629847579267 1.71593214349461 -1.48530546294914 -0.615425068908877 -0.887534267622986 -0.447753355063328 -0.115116154169921 1.07825363187015 0.602529453532734 -1
-0.868819375261503 0.887674279920219 -0.694629847579267 1.71593214349461 -1.48530546294914 -0.615425068908877 -0.887534267622986 -0.447753355063328 -0.115116154169921 1.07825363187015 1
0.678456267349586 -0.868819375261503 0.887674279920219 -0.694629847579267 1.71593214349461 -1.48530546294914 -0.615425068908877 -0.887534267622986 -0.447753355063328 -0.115116154169921 1
0.0129150544700415 0.678456267349586 -0.868819375261503 0.887674279920219 -0.694629847579267 1.71593214349461 -1.48530546294914 -0.615425068908877 -0.887534267622986 -0.447753355063328 -1
-1.98881611080085 0.0129150544700415 0.678456267349586 -0.868819375261503 0.887674279920219 -0.694629847579267 1.71593214349461 -1.48530546294914 -0.615425068908877 -0.887534267622986 1
0.501369933517711 -1.98881611080085 0.0129150544700415 0.678456267349586 -0.868819375261503 0.887674279920219 -0.694629847579267 1.71593214349461 -1.48530546294914 -0.615425068908877 1
1.11911384492821 0.501369933517711 -1.98881611080085 0.0129150544700415 0.678456267349586 -0.868819375261503 0.887674279920219 -0.694629847579267 1.71593214349461 -1.48530546294914 1
0.697399854933409 1.11911384492821 0.501369933517711 -1.98881611080085 0.0129150544700415 0.678456267349586 -0.868819375261503 0.887674279920219 -0.694629847579267 1.71593214349461 -1
-0.214903502850904 0.697399854933409 1.11911384492821 0.501369933517711 -1.98881611080085 0.0129150544700415 0.678456267349586 -0.868819375261503 0.887674279920219 -0.694629847579267 1
0.31433535751405 -0.214903502850904 0.697399854933409 1.11911384492821 0.501369933517711 -1.98881611080085 0.0129150544700415 0.678456267349586 -0.868819375261503 0.887674279920219 1
1.46966550490491 0.31433535751405 -0.214903502850904 0.697399854933409 1.11911384492821 0.501369933517711 -1.98881611080085 0.0129150544700415 0.678456267349586 -0.868819375261503 -1
-0.186392831799195 1.46966550490491 0.31433535751405 -0.214903502850904 0.697399854933409 1.11911384492821 0.501369933517711 -1.98881611080085 0.0129150544700415 0.678456267349586 -1
-1.15026696222116 -0.186392831799195 1.46966550490491 0.31433535751405 -0.214903502850904 0.697399854933409 1.11911384492821 0.501369933517711 -1.98881611080085 0.0129150544700415 1
0.526602639715882 -1.15026696222116 -0.186392831799195 1.46966550490491 0.31433535751405 -0.214903502850904 0.697399854933409 1.11911384492821 0.501369933517711 -1.98881611080085 1
0 0.526602639715882 -1.15026696222116 -0.186392831799195 1.46966550490491 0.31433535751405 -0.214903502850904 0.697399854933409 1.11911384492821 0.501369933517711 1
0.683601909852234 0 0.526602639715882 -1.15026696222116 -0.186392831799195 1.46966550490491 0.31433535751405 -0.214903502850904 0.697399854933409 1.11911384492821 1
0.0651719127747123 0.683601909852234 0 0.526602639715882 -1.15026696222116 -0.186392831799195 1.46966550490491 0.31433535751405 -0.214903502850904 0.697399854933409 1
1.01059796192792 0.0651719127747123 0.683601909852234 0 0.526602639715882 -1.15026696222116 -0.186392831799195 1.46966550490491 0.31433535751405 -0.214903502850904 -1
-0.355703528071512 1.01059796192792 0.0651719127747123 0.683601909852234 0 0.526602639715882 -1.15026696222116 -0.186392831799195 1.46966550490491 0.31433535751405 -1
-1.1516391335552 -0.355703528071512 1.01059796192792 0.0651719127747123 0.683601909852234 0 0.526602639715882 -1.15026696222116 -0.186392831799195 1.46966550490491 -1
-1.79854168581404 -1.1516391335552 -0.355703528071512 1.01059796192792 0.0651719127747123 0.683601909852234 0 0.526602639715882 -1.15026696222116 -0.186392831799195 1
0.0943305536230515 -1.79854168581404 -1.1516391335552 -0.355703528071512 1.01059796192792 0.0651719127747123 0.683601909852234 0 0.526602639715882 -1.15026696222116 1
0.386183773199174 0.0943305536230515 -1.79854168581404 -1.1516391335552 -0.355703528071512 1.01059796192792 0.0651719127747123 0.683601909852234 0 0.526602639715882 -1
-0.164133163491443 0.386183773199174 0.0943305536230515 -1.79854168581404 -1.1516391335552 -0.355703528071512 1.01059796192792 0.0651719127747123 0.683601909852234 0 -1
-0.953703418620002 -0.164133163491443 0.386183773199174 0.0943305536230515 -1.79854168581404 -1.1516391335552 -0.355703528071512 1.01059796192792 0.0651719127747123 0.683601909852234 1
0.844298419416415 -0.953703418620002 -0.164133163491443 0.386183773199174 0.0943305536230515 -1.79854168581404 -1.1516391335552 -0.355703528071512 1.01059796192792 0.0651719127747123 -1
-0.913796102321687 0.844298419416415 -0.953703418620002 -0.164133163491443 0.386183773199174 0.0943305536230515 -1.79854168581404 -1.1516391335552 -0.355703528071512 1.01059796192792 1
0.229680009377892 -0.913796102321687 0.844298419416415 -0.953703418620002 -0.164133163491443 0.386183773199174 0.0943305536230515 -1.79854168581404 -1.1516391335552 -0.355703528071512 -1
-0.128342361195246 0.229680009377892 -0.913796102321687 0.844298419416415 -0.953703418620002 -0.164133163491443 0.386183773199174 0.0943305536230515 -1.79854168581404 -1.1516391335552 1
0.410616046119155 -0.128342361195246 0.229680009377892 -0.913796102321687 0.844298419416415 -0.953703418620002 -0.164133163491443 0.386183773199174 0.0943305536230515 -1.79854168581404 1
0.934976075074191 0.410616046119155 -0.128342361195246 0.229680009377892 -0.913796102321687 0.844298419416415 -0.953703418620002 -0.164133163491443 0.386183773199174 0.0943305536230515 -1
-1.55174142503888 0.934976075074191 0.410616046119155 -0.128342361195246 0.229680009377892 -0.913796102321687 0.844298419416415 -0.953703418620002 -0.164133163491443 0.386183773199174 1
-0.00141651279659328 -1.55174142503888 0.934976075074191 0.410616046119155 -0.128342361195246 0.229680009377892 -0.913796102321687 0.844298419416415 -0.953703418620002 -0.164133163491443 1
-0.00610476485456136 -0.00141651279659328 -1.55174142503888 0.934976075074191 0.410616046119155 -0.128342361195246 0.229680009377892 -0.913796102321687 0.844298419416415 -0.953703418620002 1
0.28837844977847 -0.00610476485456136 -0.00141651279659328 -1.55174142503888 0.934976075074191 0.410616046119155 -0.128342361195246 0.229680009377892 -0.913796102321687 0.844298419416415 1
0.983116419376744 0.28837844977847 -0.00610476485456136 -0.00141651279659328 -1.55174142503888 0.934976075074191 0.410616046119155 -0.128342361195246 0.229680009377892 -0.913796102321687 1
0.31616491929277 0.983116419376744 0.28837844977847 -0.00610476485456136 -0.00141651279659328 -1.55174142503888 0.934976075074191 0.410616046119155 -0.128342361195246 0.229680009377892 1
0.860154621498649 0.31616491929277 0.983116419376744 0.28837844977847 -0.00610476485456136 -0.00141651279659328 -1.55174142503888 0.934976075074191 0.410616046119155 -0.128342361195246 -1
-0.573421379739112 0.860154621498649 0.31616491929277 0.983116419376744 0.28837844977847 -0.00610476485456136 -0.00141651279659328 -1.55174142503888 0.934976075074191 0.410616046119155 -1
-1.31462259534278 -0.573421379739112 0.860154621498649 0.31616491929277 0.983116419376744 0.28837844977847 -0.00610476485456136 -0.00141651279659328 -1.55174142503888 0.934976075074191 -1
-0.17206126453256 -1.31462259534278 -0.573421379739112 0.860154621498649 0.31616491929277 0.983116419376744 0.28837844977847 -0.00610476485456136 -0.00141651279659328 -1.55174142503888 -1
-0.0191403925279367 -0.17206126453256 -1.31462259534278 -0.573421379739112 0.860154621498649 0.31616491929277 0.983116419376744 0.28837844977847 -0.00610476485456136 -0.00141651279659328 1
1.01216071261391 -0.0191403925279367 -0.17206126453256 -1.31462259534278 -0.573421379739112 0.860154621498649 0.31616491929277 0.983116419376744 0.28837844977847 -0.00610476485456136 1
2.1251441280015 1.01216071261391 -0.0191403925279367 -0.17206126453256 -1.31462259534278 -0.573421379739112 0.860154621498649 0.31616491929277 0.983116419376744 0.28837844977847 1
0.769324502359312 2.1251441280015 1.01216071261391 -0.0191403925279367 -0.17206126453256 -1.31462259534278 -0.573421379739112 0.860154621498649 0.31616491929277 0.983116419376744 -1
-1.34545833448828 0.769324502359312 2.1251441280015 1.01216071261391 -0.0191403925279367 -0.17206126453256 -1.31462259534278 -0.573421379739112 0.860154621498649 0.31616491929277 -1
-2.06176988672728 -1.34545833448828 0.769324502359312 2.1251441280015 1.01216071261391 -0.0191403925279367 -0.17206126453256 -1.31462259534278 -0.573421379739112 0.860154621498649 -1
-0.895805411497613 -2.06176988672728 -1.34545833448828 0.769324502359312 2.1251441280015 1.01216071261391 -0.0191403925279367 -0.17206126453256 -1.31462259534278 -0.573421379739112 1
1.76586393370549 -0.895805411497613 -2.06176988672728 -1.34545833448828 0.769324502359312 2.1251441280015 1.01216071261391 -0.0191403925279367 -0.17206126453256 -1.31462259534278 -1
-0.628384464841472 1.76586393370549 -0.895805411497613 -2.06176988672728 -1.34545833448828 0.769324502359312 2.1251441280015 1.01216071261391 -0.0191403925279367 -0.17206126453256 1
0.432151512889497 -0.628384464841472 1.76586393370549 -0.895805411497613 -2.06176988672728 -1.34545833448828 0.769324502359312 2.1251441280015 1.01216071261391 -0.0191403925279367 -1
-0.609517108998429 0.432151512889497 -0.628384464841472 1.76586393370549 -0.895805411497613 -2.06176988672728 -1.34545833448828 0.769324502359312 2.1251441280015 1.01216071261391 -1
-0.286751918536028 -0.609517108998429 0.432151512889497 -0.628384464841472 1.76586393370549 -0.895805411497613 -2.06176988672728 -1.34545833448828 0.769324502359312 2.1251441280015 1
0.111749506391275 -0.286751918536028 -0.609517108998429 0.432151512889497 -0.628384464841472 1.76586393370549 -0.895805411497613 -2.06176988672728 -1.34545833448828 0.769324502359312 1
0.250986780925894 0.111749506391275 -0.286751918536028 -0.609517108998429 0.432151512889497 -0.628384464841472 1.76586393370549 -0.895805411497613 -2.06176988672728 -1.34545833448828 -1
-0.0370929674816198 0.250986780925894 0.111749506391275 -0.286751918536028 -0.609517108998429 0.432151512889497 -0.628384464841472 1.76586393370549 -0.895805411497613 -2.06176988672728 1
1.71044345815846 -0.0370929674816198 0.250986780925894 0.111749506391275 -0.286751918536028 -0.609517108998429 0.432151512889497 -0.628384464841472 1.76586393370549 -0.895805411497613 -1
-0.480952278173006 1.71044345815846 -0.0370929674816198 0.250986780925894 0.111749506391275 -0.286751918536028 -0.609517108998429 0.432151512889497 -0.628384464841472 1.76586393370549 -1
-0.392866501701749 -0.480952278173006 1.71044345815846 -0.0370929674816198 0.250986780925894 0.111749506391275 -0.286751918536028 -0.609517108998429 0.432151512889497 -0.628384464841472 -1
-1.3883768045474 -0.392866501701749 -0.480952278173006 1.71044345815846 -0.0370929674816198 0.250986780925894 0.111749506391275 -0.286751918536028 -0.609517108998429 0.432151512889497 -1
-0.745019028234829 -1.3883768045474 -0.392866501701749 -0.480952278173006 1.71044345815846 -0.0370929674816198 0.250986780925894 0.111749506391275 -0.286751918536028 -0.609517108998429 -1
-0.378420586823944 -0.745019028234829 -1.3883768045474 -0.392866501701749 -0.480952278173006 1.71044345815846 -0.0370929674816198 0.250986780925894 0.111749506391275 -0.286751918536028 -1
-0.0834418658758429 -0.378420586823944 -0.745019028234829 -1.3883768045474 -0.392866501701749 -0.480952278173006 1.71044345815846 -0.0370929674816198 0.250986780925894 0.111749506391275 1
0.414923139473223 -0.0834418658758429 -0.378420586823944 -0.745019028234829 -1.3883768045474 -0.392866501701749 -0.480952278173006 1.71044345815846 -0.0370929674816198 0.250986780925894 1
0.0211861983446685 0.414923139473223 -0.0834418658758429 -0.378420586823944 -0.745019028234829 -1.3883768045474 -0.392866501701749 -0.480952278173006 1.71044345815846 -0.0370929674816198 -1
-1.33680603190975 0.0211861983446685 0.414923139473223 -0.0834418658758429 -0.378420586823944 -0.745019028234829 -1.3883768045474 -0.392866501701749 -0.480952278173006 1.71044345815846 1
1.10154242867843 -1.33680603190975 0.0211861983446685 0.414923139473223 -0.0834418658758429 -0.378420586823944 -0.745019028234829 -1.3883768045474 -0.392866501701749 -0.480952278173006 1
0.88462501028902 1.10154242867843 -1.33680603190975 0.0211861983446685 0.414923139473223 -0.0834418658758429 -0.378420586823944 -0.745019028234829 -1.3883768045474 -0.392866501701749 -1
-1.20583990124976 0.88462501028902 1.10154242867843 -1.33680603190975 0.0211861983446685 0.414923139473223 -0.0834418658758429 -0.378420586823944 -0.745019028234829 -1.3883768045474 1
0.119067753506152 -1.20583990124976 0.88462501028902 1.10154242867843 -1.33680603190975 0.0211861983446685 0.414923139473223 -0.0834418658758429 -0.378420586823944 -0.745019028234829 1
0.190458778746596 0.119067753506152 -1.20583990124976 0.88462501028902 1.10154242867843 -1.33680603190975 0.0211861983446685 0.414923139473223 -0.0834418658758429 -0.378420586823944 1
0.708224762124165 0.190458778746596 0.119067753506152 -1.20583990124976 0.88462501028902 1.10154242867843 -1.33680603190975 0.0211861983446685 0.414923139473223 -0.0834418658758429 -1
-1.83642886098169 0.708224762124165 0.190458778746596 0.119067753506152 -1.20583990124976 0.88462501028902 1.10154242867843 -1.33680603190975 0.0211861983446685 0.414923139473223 -1
-0.744104247345469 -1.83642886098169 0.708224762124165 0.190458778746596 0.119067753506152 -1.20583990124976 0.88462501028902 1.10154242867843 -1.33680603190975 0.0211861983446685 1
0.620901303060707 -0.744104247345469 -1.83642886098169 0.708224762124165 0.190458778746596 0.119067753506152 -1.20583990124976 0.88462501028902 1.10154242867843 -1.33680603190975 -1
-1.68255509221731 0.620901303060707 -0.744104247345469 -1.83642886098169 0.708224762124165 0.190458778746596 0.119067753506152 -1.20583990124976 0.88462501028902 1.10154242867843 1
0.533272917034129 -1.68255509221731 0.620901303060707 -0.744104247345469 -1.83642886098169 0.708224762124165 0.190458778746596 0.119067753506152 -1.20583990124976 0.88462501028902 1
1.37971205078455 0.533272917034129 -1.68255509221731 0.620901303060707 -0.744104247345469 -1.83642886098169 0.708224762124165 0.190458778746596 0.119067753506152 -1.20583990124976 -1
-0.968149333497806 1.37971205078455 0.533272917034129 -1.68255509221731 0.620901303060707 -0.744104247345469 -1.83642886098169 0.708224762124165 0.190458778746596 0.119067753506152 -1
-0.766287683912441 -0.968149333497806 1.37971205078455 0.533272917034129 -1.68255509221731 0.620901303060707 -0.744104247345469 -1.83642886098169 0.708224762124165 0.190458778746596 -1
-0.279014396846861 -0.766287683912441 -0.968149333497806 1.37971205078455 0.533272917034129 -1.68255509221731 0.620901303060707 -0.744104247345469 -1.83642886098169 0.708224762124165 1
0.140450756794934 -0.279014396846861 -0.766287683912441 -0.968149333497806 1.37971205078455 0.533272917034129 -1.68255509221731 0.620901303060707 -0.744104247345469 -1.83642886098169 1
0.728654868653198 0.140450756794934 -0.279014396846861 -0.766287683912441 -0.968149333497806 1.37971205078455 0.533272917034129 -1.68255509221731 0.620901303060707 -0.744104247345469 1
0.446711775378471 0.728654868653198 0.140450756794934 -0.279014396846861 -0.766287683912441 -0.968149333497806 1.37971205078455 0.533272917034129 -1.68255509221731 0.620901303060707 -1
-0.0569513359548027 0.446711775378471 0.728654868653198 0.140450756794934 -0.279014396846861 -0.766287683912441 -0.968149333497806 1.37971205078455 0.533272917034129 -1.68255509221731 -1
-0.917569573490295 -0.0569513359548027 0.446711775378471 0.728654868653198 0.140450756794934 -0.279014396846861 -0.766287683912441 -0.968149333497806 1.37971205078455 0.533272917034129 -1
-0.06423146719929 -0.917569573490295 -0.0569513359548027 0.446711775378471 0.728654868653198 0.140450756794934 -0.279014396846861 -0.766287683912441 -0.968149333497806 1.37971205078455 1
1.18901835122345 -0.06423146719929 -0.917569573490295 -0.0569513359548027 0.446711775378471 0.728654868653198 0.140450756794934 -0.279014396846861 -0.766287683912441 -0.968149333497806 -1
-1.57198095221596 1.18901835122345 -0.06423146719929 -0.917569573490295 -0.0569513359548027 0.446711775378471 0.728654868653198 0.140450756794934 -0.279014396846861 -0.766287683912441 1
0.20585759038415 -1.57198095221596 1.18901835122345 -0.06423146719929 -0.917569573490295 -0.0569513359548027 0.446711775378471 0.728654868653198 0.140450756794934 -0.279014396846861 1
0.177994889129071 0.20585759038415 -1.57198095221596 1.18901835122345 -0.06423146719929 -0.917569573490295 -0.0569513359548027 0.446711775378471 0.728654868653198 0.140450756794934 -1
-0.928356364810661 0.177994889129071 0.20585759038415 -1.57198095221596 1.18901835122345 -0.06423146719929 -0.917569573490295 -0.0569513359548027 0.446711775378471 0.728654868653198 -1
-0.509462949224716 -0.928356364810661 0.177994889129071 0.20585759038415 -1.57198095221596 1.18901835122345 -0.06423146719929 -0.917569573490295 -0.0569513359548027 0.446711775378471 -1
-2.01770794055646 -0.509462949224716 -0.928356364810661 0.177994889129071 0.20585759038415 -1.57198095221596 1.18901835122345 -0.06423146719929 -0.917569573490295 -0.0569513359548027 1
0.0584635195860747 -2.01770794055646 -0.509462949224716 -0.928356364810661 0.177994889129071 0.20585759038415 -1.57198095221596 1.18901835122345 -0.06423146719929 -0.917569573490295 -1
-0.568923707033094 0.0584635195860747 -2.01770794055646 -0.509462949224716 -0.928356364810661 0.177994889129071 0.20585759038415 -1.57198095221596 1.18901835122345 -0.06423146719929 -1
-0.0502048268957749 -0.568923707033094 0.0584635195860747 -2.01770794055646 -0.509462949224716 -0.928356364810661 0.177994889129071 0.20585759038415 -1.57198095221596 1.18901835122345 1
1.80699095785629 -0.0502048268957749 -0.568923707033094 0.0584635195860747 -2.01770794055646 -0.509462949224716 -0.928356364810661 0.177994889129071 0.20585759038415 -1.57198095221596 -1
-0.645689069998525 1.80699095785629 -0.0502048268957749 -0.568923707033094 0.0584635195860747 -2.01770794055646 -0.509462949224716 -0.928356364810661 0.177994889129071 0.20585759038415 1
0.656044135560274 -0.645689069998525 1.80699095785629 -0.0502048268957749 -0.568923707033094 0.0584635195860747 -2.01770794055646 -0.509462949224716 -0.928356364810661 0.177994889129071 -1
-0.712620538403341 0.656044135560274 -0.645689069998525 1.80699095785629 -0.0502048268957749 -0.568923707033094 0.0584635195860747 -2.01770794055646 -0.509462949224716 -0.928356364810661 1
0.653871530948045 -0.712620538403341 0.656044135560274 -0.645689069998525 1.80699095785629 -0.0502048268957749 -0.568923707033094 0.0584635195860747 -2.01770794055646 -0.509462949224716 -1
-0.608411748757119 0.653871530948045 -0.712620538403341 0.656044135560274 -0.645689069998525 1.80699095785629 -0.0502048268957749 -0.568923707033094 0.0584635195860747 -2.01770794055646 1
0.826155265110781 -0.608411748757119 0.653871530948045 -0.712620538403341 0.656044135560274 -0.645689069998525 1.80699095785629 -0.0502048268957749 -0.568923707033094 0.0584635195860747 -1
-0.398774461612196 0.826155265110781 -0.608411748757119 0.653871530948045 -0.712620538403341 0.656044135560274 -0.645689069998525 1.80699095785629 -0.0502048268957749 -0.568923707033094 1
0.500721963721082 -0.398774461612196 0.826155265110781 -0.608411748757119 0.653871530948045 -0.712620538403341 0.656044135560274 -0.645689069998525 1.80699095785629 -0.0502048268957749 1
-0.000234920814503603 0.500721963721082 -0.398774461612196 0.826155265110781 -0.608411748757119 0.653871530948045 -0.712620538403341 0.656044135560274 -0.645689069998525 1.80699095785629 1
0.880775307379631 -0.000234920814503603 0.500721963721082 -0.398774461612196 0.826155265110781 -0.608411748757119 0.653871530948045 -0.712620538403341 0.656044135560274 -0.645689069998525 1
1.73990702596991 0.880775307379631 -0.000234920814503603 0.500721963721082 -0.398774461612196 0.826155265110781 -0.608411748757119 0.653871530948045 -0.712620538403341 0.656044135560274 1
0.687832771465522 1.73990702596991 0.880775307379631 -0.000234920814503603 0.500721963721082 -0.398774461612196 0.826155265110781 -0.608411748757119 0.653871530948045 -0.712620538403341 -1
-0.685253343463331 0.687832771465522 1.73990702596991 0.880775307379631 -0.000234920814503603 0.500721963721082 -0.398774461612196 0.826155265110781 -0.608411748757119 0.653871530948045 -1
-0.718223571350669 -0.685253343463331 0.687832771465522 1.73990702596991 0.880775307379631 -0.000234920814503603 0.500721963721082 -0.398774461612196 0.826155265110781 -0.608411748757119 -1
-0.0729218856482068 -0.718223571350669 -0.685253343463331 0.687832771465522 1.73990702596991 0.880775307379631 -0.000234920814503603 0.500721963721082 -0.398774461612196 0.826155265110781 1
1.27222529628479 -0.0729218856482068 -0.718223571350669 -0.685253343463331 0.687832771465522 1.73990702596991 0.880775307379631 -0.000234920814503603 0.500721963721082 -0.398774461612196 1
0.164425639270236 1.27222529628479 -0.0729218856482068 -0.718223571350669 -0.685253343463331 0.687832771465522 1.73990702596991 0.880775307379631 -0.000234920814503603 0.500721963721082 -1
-1.17771038890195 0.164425639270236 1.27222529628479 -0.0729218856482068 -0.718223571350669 -0.685253343463331 0.687832771465522 1.73990702596991 0.880775307379631 -0.000234920814503603 -1
-0.684834068889041 -1.17771038890195 0.164425639270236 1.27222529628479 -0.0729218856482068 -0.718223571350669 -0.685253343463331 0.687832771465522 1.73990702596991 0.880775307379631 1
0.265204000581358 -0.684834068889041 -1.17771038890195 0.164425639270236 1.27222529628479 -0.0729218856482068 -0.718223571350669 -0.685253343463331 0.687832771465522 1.73990702596991 -1
-0.0328239899979416 0.265204000581358 -0.684834068889041 -1.17771038890195 0.164425639270236 1.27222529628479 -0.0729218856482068 -0.718223571350669 -0.685253343463331 0.687832771465522 -1
-0.536563333071996 -0.0328239899979416 0.265204000581358 -0.684834068889041 -1.17771038890195 0.164425639270236 1.27222529628479 -0.0729218856482068 -0.718223571350669 -0.685253343463331 -1
-0.512588450596695 -0.536563333071996 -0.0328239899979416 0.265204000581358 -0.684834068889041 -1.17771038890195 0.164425639270236 1.27222529628479 -0.0729218856482068 -0.718223571350669 1
0.146854223020452 -0.512588450596695 -0.536563333071996 -0.0328239899979416 0.265204000581358 -0.684834068889041 -1.17771038890195 0.164425639270236 1.27222529628479 -0.0729218856482068 -1
-0.0295460251444027 0.146854223020452 -0.512588450596695 -0.536563333071996 -0.0328239899979416 0.265204000581358 -0.684834068889041 -1.17771038890195 0.164425639270236 1.27222529628479 -1
-0.330775748836462 -0.0295460251444027 0.146854223020452 -0.512588450596695 -0.536563333071996 -0.0328239899979416 0.265204000581358 -0.684834068889041 -1.17771038890195 0.164425639270236 1
0.182225750742359 -0.330775748836462 -0.0295460251444027 0.146854223020452 -0.512588450596695 -0.536563333071996 -0.0328239899979416 0.265204000581358 -0.684834068889041 -1.17771038890195 1
0.219884230687665 0.182225750742359 -0.330775748836462 -0.0295460251444027 0.146854223020452 -0.512588450596695 -0.536563333071996 -0.0328239899979416 0.265204000581358 -0.684834068889041 -1
-0.353607155200063 0.219884230687665 0.182225750742359 -0.330775748836462 -0.0295460251444027 0.146854223020452 -0.512588450596695 -0.536563333071996 -0.0328239899979416 0.265204000581358 -1
-0.0581329279368926 -0.353607155200063 0.219884230687665 0.182225750742359 -0.330775748836462 -0.0295460251444027 0.146854223020452 -0.512588450596695 -0.536563333071996 -0.0328239899979416 -1
-0.148924931205839 -0.0581329279368926 -0.353607155200063 0.219884230687665 0.182225750742359 -0.330775748836462 -0.0295460251444027 0.146854223020452 -0.512588450596695 -0.536563333071996 -1
-0.327078509408633 -0.148924931205839 -0.0581329279368926 -0.353607155200063 0.219884230687665 0.182225750742359 -0.330775748836462 -0.0295460251444027 0.146854223020452 -0.512588450596695 -1
-0.127427580305886 -0.327078509408633 -0.148924931205839 -0.0581329279368926 -0.353607155200063 0.219884230687665 0.182225750742359 -0.330775748836462 -0.0295460251444027 0.146854223020452 1
1.82158933621565 -0.127427580305886 -0.327078509408633 -0.148924931205839 -0.0581329279368926 -0.353607155200063 0.219884230687665 0.182225750742359 -0.330775748836462 -0.0295460251444027 1
1.42114400189846 1.82158933621565 -0.127427580305886 -0.327078509408633 -0.148924931205839 -0.0581329279368926 -0.353607155200063 0.219884230687665 0.182225750742359 -0.330775748836462 -1
-0.112981665428082 1.42114400189846 1.82158933621565 -0.127427580305886 -0.327078509408633 -0.148924931205839 -0.0581329279368926 -0.353607155200063 0.219884230687665 0.182225750742359 -1
-0.748487572440317 -0.112981665428082 1.42114400189846 1.82158933621565 -0.127427580305886 -0.327078509408633 -0.148924931205839 -0.0581329279368926 -0.353607155200063 0.219884230687665 -1
-1.3579222241058 -0.748487572440317 -0.112981665428082 1.42114400189846 1.82158933621565 -0.127427580305886 -0.327078509408633 -0.148924931205839 -0.0581329279368926 -0.353607155200063 -1
-0.100289080588217 -1.3579222241058 -0.748487572440317 -0.112981665428082 1.42114400189846 1.82158933621565 -0.127427580305886 -0.327078509408633 -0.148924931205839 -0.0581329279368926 -1
-0.55165721774643 -0.100289080588217 -1.3579222241058 -0.748487572440317 -0.112981665428082 1.42114400189846 1.82158933621565 -0.127427580305886 -0.327078509408633 -0.148924931205839 -1
-0.0914843145281296 -0.55165721774643 -0.100289080588217 -1.3579222241058 -0.748487572440317 -0.112981665428082 1.42114400189846 1.82158933621565 -0.127427580305886 -0.327078509408633 1
1.63268708256288 -0.0914843145281296 -0.55165721774643 -0.100289080588217 -1.3579222241058 -0.748487572440317 -0.112981665428082 1.42114400189846 1.82158933621565 -0.127427580305886 1
0.576343850574814 1.63268708256288 -0.0914843145281296 -0.55165721774643 -0.100289080588217 -1.3579222241058 -0.748487572440317 -0.112981665428082 1.42114400189846 1.82158933621565 -1
-0.106273272239444 0.576343850574814 1.63268708256288 -0.0914843145281296 -0.55165721774643 -0.100289080588217 -1.3579222241058 -0.748487572440317 -0.112981665428082 1.42114400189846 -1
-1.00897143068548 -0.106273272239444 0.576343850574814 1.63268708256288 -0.0914843145281296 -0.55165721774643 -0.100289080588217 -1.3579222241058 -0.748487572440317 -0.112981665428082 1
0.626351872526475 -1.00897143068548 -0.106273272239444 0.576343850574814 1.63268708256288 -0.0914843145281296 -0.55165721774643 -0.100289080588217 -1.3579222241058 -0.748487572440317 -1
-1.1436348007733 0.626351872526475 -1.00897143068548 -0.106273272239444 0.576343850574814 1.63268708256288 -0.0914843145281296 -0.55165721774643 -0.100289080588217 -1.3579222241058 -1
-0.435823087631263 -1.1436348007733 0.626351872526475 -1.00897143068548 -0.106273272239444 0.576343850574814 1.63268708256288 -0.0914843145281296 -0.55165721774643 -0.100289080588217 1
2.36111948158591 -0.435823087631263 -1.1436348007733 0.626351872526475 -1.00897143068548 -0.106273272239444 0.576343850574814 1.63268708256288 -0.0914843145281296 -0.55165721774643 -1
-1.76801087363166 2.36111948158591 -0.435823087631263 -1.1436348007733 0.626351872526475 -1.00897143068548 -0.106273272239444 0.576343850574814 1.63268708256288 -0.0914843145281296 1
-0.0177301053235069 -1.76801087363166 2.36111948158591 -0.435823087631263 -1.1436348007733 0.626351872526475 -1.00897143068548 -0.106273272239444 0.576343850574814 1.63268708256288 1
0.577258631464173 -0.0177301053235069 -1.76801087363166 2.36111948158591 -0.435823087631263 -1.1436348007733 0.626351872526475 -1.00897143068548 -0.106273272239444 0.576343850574814 -1
-0.925116515827512 0.577258631464173 -0.0177301053235069 -1.76801087363166 2.36111948158591 -0.435823087631263 -1.1436348007733 0.626351872526475 -1.00897143068548 -0.106273272239444 1
0.379665959362486 -0.925116515827512 0.577258631464173 -0.0177301053235069 -1.76801087363166 2.36111948158591 -0.435823087631263 -1.1436348007733 0.626351872526475 -1.00897143068548 -1
-0.139357847737952 0.379665959362486 -0.925116515827512 0.577258631464173 -0.0177301053235069 -1.76801087363166 2.36111948158591 -0.435823087631263 -1.1436348007733 0.626351872526475 1
0.771115948267642 -0.139357847737952 0.379665959362486 -0.925116515827512 0.577258631464173 -0.0177301053235069 -1.76801087363166 2.36111948158591 -0.435823087631263 -1.1436348007733 1
1.31487695525118 0.771115948267642 -0.139357847737952 0.379665959362486 -0.925116515827512 0.577258631464173 -0.0177301053235069 -1.76801087363166 2.36111948158591 -0.435823087631263 1
0.022558369678708 1.31487695525118 0.771115948267642 -0.139357847737952 0.379665959362486 -0.925116515827512 0.577258631464173 -0.0177301053235069 -1.76801087363166 2.36111948158591 -1
-0.384785937179072 0.022558369678708 1.31487695525118 0.771115948267642 -0.139357847737952 0.379665959362486 -0.925116515827512 0.577258631464173 -0.0177301053235069 -1.76801087363166 -1
-0.558060683971948 -0.384785937179072 0.022558369678708 1.31487695525118 0.771115948267642 -0.139357847737952 0.379665959362486 -0.925116515827512 0.577258631464173 -0.0177301053235069 -1
-0.662726864062849 -0.558060683971948 -0.384785937179072 0.022558369678708 1.31487695525118 0.771115948267642 -0.139357847737952 0.379665959362486 -0.925116515827512 0.577258631464173 1
0.516044543617856 -0.662726864062849 -0.558060683971948 -0.384785937179072 0.022558369678708 1.31487695525118 0.771115948267642 -0.139357847737952 0.379665959362486 -0.925116515827512 1
0.175059967109042 0.516044543617856 -0.662726864062849 -0.558060683971948 -0.384785937179072 0.022558369678708 1.31487695525118 0.771115948267642 -0.139357847737952 0.379665959362486 1
0.402916640300378 0.175059967109042 0.516044543617856 -0.662726864062849 -0.558060683971948 -0.384785937179072 0.022558369678708 1.31487695525118 0.771115948267642 -0.139357847737952 -1
-0.868895607002283 0.402916640300378 0.175059967109042 0.516044543617856 -0.662726864062849 -0.558060683971948 -0.384785937179072 0.022558369678708 1.31487695525118 0.771115948267642 1
1.80058749163077 -0.868895607002283 0.402916640300378 0.175059967109042 0.516044543617856 -0.662726864062849 -0.558060683971948 -0.384785937179072 0.022558369678708 1.31487695525118 -1
-1.48229430918833 1.80058749163077 -0.868895607002283 0.402916640300378 0.175059967109042 0.516044543617856 -0.662726864062849 -0.558060683971948 -0.384785937179072 0.022558369678708 -1
-0.981032497689622 -1.48229430918833 1.80058749163077 -0.868895607002283 0.402916640300378 0.175059967109042 0.516044543617856 -0.662726864062849 -0.558060683971948 -0.384785937179072 1
1.04555021507554 -0.981032497689622 -1.48229430918833 1.80058749163077 -0.868895607002283 0.402916640300378 0.175059967109042 0.516044543617856 -0.662726864062849 -0.558060683971948 -1
-0.366604667003048 1.04555021507554 -0.981032497689622 -1.48229430918833 1.80058749163077 -0.868895607002283 0.402916640300378 0.175059967109042 0.516044543617856 -0.662726864062849 -1
-0.460941446218264 -0.366604667003048 1.04555021507554 -0.981032497689622 -1.48229430918833 1.80058749163077 -0.868895607002283 0.402916640300378 0.175059967109042 0.516044543617856 1
0 -0.460941446218264 -0.366604667003048 1.04555021507554 -0.981032497689622 -1.48229430918833 1.80058749163077 -0.868895607002283 0.402916640300378 0.175059967109042 -1
0 0 -0.460941446218264 -0.366604667003048 1.04555021507554 -0.981032497689622 -1.48229430918833 1.80058749163077 -0.868895607002283 0.402916640300378 -1
-1.57918485171967 0 0 -0.460941446218264 -0.366604667003048 1.04555021507554 -0.981032497689622 -1.48229430918833 1.80058749163077 -0.868895607002283 1
0.0633042351256029 -1.57918485171967 0 0 -0.460941446218264 -0.366604667003048 1.04555021507554 -0.981032497689622 -1.48229430918833 1.80058749163077 1
0.20707729823663 0.0633042351256029 -1.57918485171967 0 0 -0.460941446218264 -0.366604667003048 1.04555021507554 -0.981032497689622 -1.48229430918833 1
0.0673826332573314 0.20707729823663 0.0633042351256029 -1.57918485171967 0 0 -0.460941446218264 -0.366604667003048 1.04555021507554 -0.981032497689622 -1
-0.299711314468623 0.0673826332573314 0.20707729823663 0.0633042351256029 -1.57918485171967 0 0 -0.460941446218264 -0.366604667003048 1.04555021507554 1
0.331144456356034 -0.299711314468623 0.0673826332573314 0.20707729823663 0.0633042351256029 -1.57918485171967 0 0 -0.460941446218264 -0.366604667003048 1
0 0.331144456356034 -0.299711314468623 0.0673826332573314 0.20707729823663 0.0633042351256029 -1.57918485171967 0 0 -0.460941446218264 1
0.09734170738386 0 0.331144456356034 -0.299711314468623 0.0673826332573314 0.20707729823663 0.0633042351256029 -1.57918485171967 0 0 -1
-0.411162119488942 0.09734170738386 0 0.331144456356034 -0.299711314468623 0.0673826332573314 0.20707729823663 0.0633042351256029 -1.57918485171967 0 -1
-0.826358295647059 -0.411162119488942 0.09734170738386 0 0.331144456356034 -0.299711314468623 0.0673826332573314 0.20707729823663 0.0633042351256029 -1.57918485171967 1
0.0314774833499647 -0.826358295647059 -0.411162119488942 0.09734170738386 0 0.331144456356034 -0.299711314468623 0.0673826332573314 0.20707729823663 0.0633042351256029 -1
-0.271429338639254 0.0314774833499647 -0.826358295647059 -0.411162119488942 0.09734170738386 0 0.331144456356034 -0.299711314468623 0.0673826332573314 0.20707729823663 1
0.00372912970605467 -0.271429338639254 0.0314774833499647 -0.826358295647059 -0.411162119488942 0.09734170738386 0 0.331144456356034 -0.299711314468623 0.0673826332573314 -1
-0.90518191561355 0.00372912970605467 -0.271429338639254 0.0314774833499647 -0.826358295647059 -0.411162119488942 0.09734170738386 0 0.331144456356034 -0.299711314468623 1
0.304234651860704 -0.90518191561355 0.00372912970605467 -0.271429338639254 0.0314774833499647 -0.826358295647059 -0.411162119488942 0.09734170738386 0 0.331144456356034 1
0.221942487688724 0.304234651860704 -0.90518191561355 0.00372912970605467 -0.271429338639254 0.0314774833499647 -0.826358295647059 -0.411162119488942 0.09734170738386 0 -1
-1.09046316157927 0.221942487688724 0.304234651860704 -0.90518191561355 0.00372912970605467 -0.271429338639254 0.0314774833499647 -0.826358295647059 -0.411162119488942 0.09734170738386 -1
-0.384938400660632 -1.09046316157927 0.221942487688724 0.304234651860704 -0.90518191561355 0.00372912970605467 -0.271429338639254 0.0314774833499647 -0.826358295647059 -0.411162119488942 1
0.230785369619201 -0.384938400660632 -1.09046316157927 0.221942487688724 0.304234651860704 -0.90518191561355 0.00372912970605467 -0.271429338639254 0.0314774833499647 -0.826358295647059 1
0.110186755705286 0.230785369619201 -0.384938400660632 -1.09046316157927 0.221942487688724 0.304234651860704 -0.90518191561355 0.00372912970605467 -0.271429338639254 0.0314774833499647 -1
-0.062630600642911 0.110186755705286 0.230785369619201 -0.384938400660632 -1.09046316157927 0.221942487688724 0.304234651860704 -0.90518191561355 0.00372912970605467 -0.271429338639254 -1
-1.07540739277523 -0.062630600642911 0.110186755705286 0.230785369619201 -0.384938400660632 -1.09046316157927 0.221942487688724 0.304234651860704 -0.90518191561355 0.00372912970605467 -1
-0.130057575362796 -1.07540739277523 -0.062630600642911 0.110186755705286 0.230785369619201 -0.384938400660632 -1.09046316157927 0.221942487688724 0.304234651860704 -0.90518191561355 1
0.219846114817275 -0.130057575362796 -1.07540739277523 -0.062630600642911 0.110186755705286 0.230785369619201 -0.384938400660632 -1.09046316157927 0.221942487688724 0.304234651860704 1
0.467713619963354 0.219846114817275 -0.130057575362796 -1.07540739277523 -0.062630600642911 0.110186755705286 0.230785369619201 -0.384938400660632 -1.09046316157927 0.221942487688724 1
0.392892166387811 0.467713619963354 0.219846114817275 -0.130057575362796 -1.07540739277523 -0.062630600642911 0.110186755705286 0.230785369619201 -0.384938400660632 -1.09046316157927 1
0.494470960977124 0.392892166387811 0.467713619963354 0.219846114817275 -0.130057575362796 -1.07540739277523 -0.062630600642911 0.110186755705286 0.230785369619201 -0.384938400660632 -1
-0.302036382562412 0.494470960977124 0.392892166387811 0.467713619963354 0.219846114817275 -0.130057575362796 -1.07540739277523 -0.062630600642911 0.110186755705286 0.230785369619201 -1
-1.69330376766729 -0.302036382562412 0.494470960977124 0.392892166387811 0.467713619963354 0.219846114817275 -0.130057575362796 -1.07540739277523 -0.062630600642911 0.110186755705286 1
1.3148007235104 -1.69330376766729 -0.302036382562412 0.494470960977124 0.392892166387811 0.467713619963354 0.219846114817275 -0.130057575362796 -1.07540739277523 -0.062630600642911 -1
-1.22931927740999 1.3148007235104 -1.69330376766729 -0.302036382562412 0.494470960977124 0.392892166387811 0.467713619963354 0.219846114817275 -0.130057575362796 -1.07540739277523 1
0.0159643241012404 -1.22931927740999 1.3148007235104 -1.69330376766729 -0.302036382562412 0.494470960977124 0.392892166387811 0.467713619963354 0.219846114817275 -0.130057575362796 1
0.128101214788579 0.0159643241012404 -1.22931927740999 1.3148007235104 -1.69330376766729 -0.302036382562412 0.494470960977124 0.392892166387811 0.467713619963354 0.219846114817275 -1
-0.358028596165302 0.128101214788579 0.0159643241012404 -1.22931927740999 1.3148007235104 -1.69330376766729 -0.302036382562412 0.494470960977124 0.392892166387811 0.467713619963354 -1
-1.09572315169309 -0.358028596165302 0.128101214788579 0.0159643241012404 -1.22931927740999 1.3148007235104 -1.69330376766729 -0.302036382562412 0.494470960977124 0.392892166387811 1
0.74931367040457 -1.09572315169309 -0.358028596165302 0.128101214788579 0.0159643241012404 -1.22931927740999 1.3148007235104 -1.69330376766729 -0.302036382562412 0.494470960977124 -1
-0.0984214029391074 0.74931367040457 -1.09572315169309 -0.358028596165302 0.128101214788579 0.0159643241012404 -1.22931927740999 1.3148007235104 -1.69330376766729 -0.302036382562412 1
0.306026097769033 -0.0984214029391074 0.74931367040457 -1.09572315169309 -0.358028596165302 0.128101214788579 0.0159643241012404 -1.22931927740999 1.3148007235104 -1.69330376766729 -1
-0.547578819614702 0.306026097769033 -0.0984214029391074 0.74931367040457 -1.09572315169309 -0.358028596165302 0.128101214788579 0.0159643241012404 -1.22931927740999 1.3148007235104 1
0.442900188339473 -0.547578819614702 0.306026097769033 -0.0984214029391074 0.74931367040457 -1.09572315169309 -0.358028596165302 0.128101214788579 0.0159643241012404 -1.22931927740999 -1
-1.79347227505217 0.442900188339473 -0.547578819614702 0.306026097769033 -0.0984214029391074 0.74931367040457 -1.09572315169309 -0.358028596165302 0.128101214788579 0.0159643241012404 -1
-0.375409433063135 -1.79347227505217 0.442900188339473 -0.547578819614702 0.306026097769033 -0.0984214029391074 0.74931367040457 -1.09572315169309 -0.358028596165302 0.128101214788579 -1
-1.17580459538245 -0.375409433063135 -1.79347227505217 0.442900188339473 -0.547578819614702 0.306026097769033 -0.0984214029391074 0.74931367040457 -1.09572315169309 -0.358028596165302 -1
-0.11770803335644 -1.17580459538245 -0.375409433063135 -1.79347227505217 0.442900188339473 -0.547578819614702 0.306026097769033 -0.0984214029391074 0.74931367040457 -1.09572315169309 1
0.752477287646939 -0.11770803335644 -1.17580459538245 -0.375409433063135 -1.79347227505217 0.442900188339473 -0.547578819614702 0.306026097769033 -0.0984214029391074 0.74931367040457 1
1.08675347096712 0.752477287646939 -0.11770803335644 -1.17580459538245 -0.375409433063135 -1.79347227505217 0.442900188339473 -0.547578819614702 0.306026097769033 -0.0984214029391074 -1
-0.313356796068238 1.08675347096712 0.752477287646939 -0.11770803335644 -1.17580459538245 -0.375409433063135 -1.79347227505217 0.442900188339473 -0.547578819614702 0.306026097769033 -1
-0.778942152881916 -0.313356796068238 1.08675347096712 0.752477287646939 -0.11770803335644 -1.17580459538245 -0.375409433063135 -1.79347227505217 0.442900188339473 -0.547578819614702 1
0.890837897162588 -0.778942152881916 -0.313356796068238 1.08675347096712 0.752477287646939 -0.11770803335644 -1.17580459538245 -0.375409433063135 -1.79347227505217 0.442900188339473 1
0.0789698578558872 0.890837897162588 -0.778942152881916 -0.313356796068238 1.08675347096712 0.752477287646939 -0.11770803335644 -1.17580459538245 -0.375409433063135 -1.79347227505217 1
0.187333277374617 0.0789698578558872 0.890837897162588 -0.778942152881916 -0.313356796068238 1.08675347096712 0.752477287646939 -0.11770803335644 -1.17580459538245 -0.375409433063135 -1
-0.771852600989379 0.187333277374617 0.0789698578558872 0.890837897162588 -0.778942152881916 -0.313356796068238 1.08675347096712 0.752477287646939 -0.11770803335644 -1.17580459538245 -1
-0.134555248068814 -0.771852600989379 0.187333277374617 0.0789698578558872 0.890837897162588 -0.778942152881916 -0.313356796068238 1.08675347096712 0.752477287646939 -0.11770803335644 -1
-0.703739540602474 -0.134555248068814 -0.771852600989379 0.187333277374617 0.0789698578558872 0.890837897162588 -0.778942152881916 -0.313356796068238 1.08675347096712 0.752477287646939 1
0.148950595891901 -0.703739540602474 -0.134555248068814 -0.771852600989379 0.187333277374617 0.0789698578558872 0.890837897162588 -0.778942152881916 -0.313356796068238 1.08675347096712 1
0.375892488193878 0.148950595891901 -0.703739540602474 -0.134555248068814 -0.771852600989379 0.187333277374617 0.0789698578558872 0.890837897162588 -0.778942152881916 -0.313356796068238 1
0.74721729753312 0.375892488193878 0.148950595891901 -0.703739540602474 -0.134555248068814 -0.771852600989379 0.187333277374617 0.0789698578558872 0.890837897162588 -0.778942152881916 -1
-0.0789823090402146 0.74721729753312 0.375892488193878 0.148950595891901 -0.703739540602474 -0.134555248068814 -0.771852600989379 0.187333277374617 0.0789698578558872 0.890837897162588 1
1.818006444399 -0.0789823090402146 0.74721729753312 0.375892488193878 0.148950595891901 -0.703739540602474 -0.134555248068814 -0.771852600989379 0.187333277374617 0.0789698578558872 1
1.77981434226823 1.818006444399 -0.0789823090402146 0.74721729753312 0.375892488193878 0.148950595891901 -0.703739540602474 -0.134555248068814 -0.771852600989379 0.187333277374617 -1
-0.0477272953204262 1.77981434226823 1.818006444399 -0.0789823090402146 0.74721729753312 0.375892488193878 0.148950595891901 -0.703739540602474 -0.134555248068814 -0.771852600989379 -1
-0.899159608091932 -0.0477272953204262 1.77981434226823 1.818006444399 -0.0789823090402146 0.74721729753312 0.375892488193878 0.148950595891901 -0.703739540602474 -0.134555248068814 1
0.889770652791668 -0.899159608091932 -0.0477272953204262 1.77981434226823 1.818006444399 -0.0789823090402146 0.74721729753312 0.375892488193878 0.148950595891901 -0.703739540602474 1
0.626008829692965 0.889770652791668 -0.899159608091932 -0.0477272953204262 1.77981434226823 1.818006444399 -0.0789823090402146 0.74721729753312 0.375892488193878 0.148950595891901 -1
-0.233961438045897 0.626008829692965 0.889770652791668 -0.899159608091932 -0.0477272953204262 1.77981434226823 1.818006444399 -0.0789823090402146 0.74721729753312 0.375892488193878 -1
-0.879834861804209 -0.233961438045897 0.626008829692965 0.889770652791668 -0.899159608091932 -0.0477272953204262 1.77981434226823 1.818006444399 -0.0789823090402146 0.74721729753312 -1
-0.0973922744385778 -0.879834861804209 -0.233961438045897 0.626008829692965 0.889770652791668 -0.899159608091932 -0.0477272953204262 1.77981434226823 1.818006444399 -0.0789823090402146 1
0.821657592404763 -0.0973922744385778 -0.879834861804209 -0.233961438045897 0.626008829692965 0.889770652791668 -0.899159608091932 -0.0477272953204262 1.77981434226823 1.818006444399 -1
-0.807910214378306 0.821657592404763 -0.0973922744385778 -0.879834861804209 -0.233961438045897 0.626008829692965 0.889770652791668 -0.899159608091932 -0.0477272953204262 1.77981434226823 1
0.379475380010536 -0.807910214378306 0.821657592404763 -0.0973922744385778 -0.879834861804209 -0.233961438045897 0.626008829692965 0.889770652791668 -0.899159608091932 -0.0477272953204262 1
0.660274997173563 0.379475380010536 -0.807910214378306 0.821657592404763 -0.0973922744385778 -0.879834861804209 -0.233961438045897 0.626008829692965 0.889770652791668 -0.899159608091932 1
0.165683462993106 0.660274997173563 0.379475380010536 -0.807910214378306 0.821657592404763 -0.0973922744385778 -0.879834861804209 -0.233961438045897 0.626008829692965 0.889770652791668 -1
-0.0202457527692466 0.165683462993106 0.660274997173563 0.379475380010536 -0.807910214378306 0.821657592404763 -0.0973922744385778 -0.879834861804209 -0.233961438045897 0.626008829692965 -1
-0.557908220490388 -0.0202457527692466 0.165683462993106 0.660274997173563 0.379475380010536 -0.807910214378306 0.821657592404763 -0.0973922744385778 -0.879834861804209 -0.233961438045897 -1
-1.3560164305863 -0.557908220490388 -0.0202457527692466 0.165683462993106 0.660274997173563 0.379475380010536 -0.807910214378306 0.821657592404763 -0.0973922744385778 -0.879834861804209 1
0.459594939570287 -1.3560164305863 -0.557908220490388 -0.0202457527692466 0.165683462993106 0.660274997173563 0.379475380010536 -0.807910214378306 0.821657592404763 -0.0973922744385778 1
0.367659460189641 0.459594939570287 -1.3560164305863 -0.557908220490388 -0.0202457527692466 0.165683462993106 0.660274997173563 0.379475380010536 -0.807910214378306 0.821657592404763 -1
-1.0260473406202 0.367659460189641 0.459594939570287 -1.3560164305863 -0.557908220490388 -0.0202457527692466 0.165683462993106 0.660274997173563 0.379475380010536 -0.807910214378306 1
1.46532029568046 -1.0260473406202 0.367659460189641 0.459594939570287 -1.3560164305863 -0.557908220490388 -0.0202457527692466 0.165683462993106 0.660274997173563 0.379475380010536 1
0.731970949377126 1.46532029568046 -1.0260473406202 0.367659460189641 0.459594939570287 -1.3560164305863 -0.557908220490388 -0.0202457527692466 0.165683462993106 0.660274997173563 1
0.886759499030859 0.731970949377126 1.46532029568046 -1.0260473406202 0.367659460189641 0.459594939570287 -1.3560164305863 -0.557908220490388 -0.0202457527692466 0.165683462993106 1
0.000108122019006081 0.886759499030859 0.731970949377126 1.46532029568046 -1.0260473406202 0.367659460189641 0.459594939570287 -1.3560164305863 -0.557908220490388 -0.0202457527692466 -1
-0.770823472488849 0.000108122019006081 0.886759499030859 0.731970949377126 1.46532029568046 -1.0260473406202 0.367659460189641 0.459594939570287 -1.3560164305863 -0.557908220490388 1
0.960323128883532 -0.770823472488849 0.000108122019006081 0.886759499030859 0.731970949377126 1.46532029568046 -1.0260473406202 0.367659460189641 0.459594939570287 -1.3560164305863 -1
-0.0432677384847974 0.960323128883532 -0.770823472488849 0.000108122019006081 0.886759499030859 0.731970949377126 1.46532029568046 -1.0260473406202 0.367659460189641 0.459594939570287 1
0.177499382814001 -0.0432677384847974 0.960323128883532 -0.770823472488849 0.000108122019006081 0.886759499030859 0.731970949377126 1.46532029568046 -1.0260473406202 0.367659460189641 1
0.25967719937481 0.177499382814001 -0.0432677384847974 0.960323128883532 -0.770823472488849 0.000108122019006081 0.886759499030859 0.731970949377126 1.46532029568046 -1.0260473406202 1
0.472859262466002 0.25967719937481 0.177499382814001 -0.0432677384847974 0.960323128883532 -0.770823472488849 0.000108122019006081 0.886759499030859 0.731970949377126 1.46532029568046 1
0.0427216651150105 0.472859262466002 0.25967719937481 0.177499382814001 -0.0432677384847974 0.960323128883532 -0.770823472488849 0.000108122019006081 0.886759499030859 0.731970949377126 1
2.47748723388653 0.0427216651150105 0.472859262466002 0.25967719937481 0.177499382814001 -0.0432677384847974 0.960323128883532 -0.770823472488849 0.000108122019006081 0.886759499030859 1
0.701706948287477 2.47748723388653 0.0427216651150105 0.472859262466002 0.25967719937481 0.177499382814001 -0.0432677384847974 0.960323128883532 -0.770823472488849 0.000108122019006081 1
0.255827496465423 0.701706948287477 2.47748723388653 0.0427216651150105 0.472859262466002 0.25967719937481 0.177499382814001 -0.0432677384847974 0.960323128883532 -0.770823472488849 1
0.457841609532347 0.255827496465423 0.701706948287477 2.47748723388653 0.0427216651150105 0.472859262466002 0.25967719937481 0.177499382814001 -0.0432677384847974 0.960323128883532 -1
-0.518648873988702 0.457841609532347 0.255827496465423 0.701706948287477 2.47748723388653 0.0427216651150105 0.472859262466002 0.25967719937481 0.177499382814001 -0.0432677384847974 -1
-0.311069843844839 -0.518648873988702 0.457841609532347 0.255827496465423 0.701706948287477 2.47748723388653 0.0427216651150105 0.472859262466002 0.25967719937481 0.177499382814001 -1
-0.185287471557885 -0.311069843844839 -0.518648873988702 0.457841609532347 0.255827496465423 0.701706948287477 2.47748723388653 0.0427216651150105 0.472859262466002 0.25967719937481 1
0.0206525761592079 -0.185287471557885 -0.311069843844839 -0.518648873988702 0.457841609532347 0.255827496465423 0.701706948287477 2.47748723388653 0.0427216651150105 0.472859262466002 1
0.645905314036538 0.0206525761592079 -0.185287471557885 -0.311069843844839 -0.518648873988702 0.457841609532347 0.255827496465423 0.701706948287477 2.47748723388653 0.0427216651150105 1
0.958264871882473 0.645905314036538 0.0206525761592079 -0.185287471557885 -0.311069843844839 -0.518648873988702 0.457841609532347 0.255827496465423 0.701706948287477 2.47748723388653 1
0.953271692861385 0.958264871882473 0.645905314036538 0.0206525761592079 -0.185287471557885 -0.311069843844839 -0.518648873988702 0.457841609532347 0.255827496465423 0.701706948287477 1
0.167551140642214 0.953271692861385 0.958264871882473 0.645905314036538 0.0206525761592079 -0.185287471557885 -0.311069843844839 -0.518648873988702 0.457841609532347 0.255827496465423 -1
-0.0995267631804162 0.167551140642214 0.953271692861385 0.958264871882473 0.645905314036538 0.0206525761592079 -0.185287471557885 -0.311069843844839 -0.518648873988702 0.457841609532347 -1
-0.320598811442336 -0.0995267631804162 0.167551140642214 0.953271692861385 0.958264871882473 0.645905314036538 0.0206525761592079 -0.185287471557885 -0.311069843844839 -0.518648873988702 -1
-1.58779903842781 -0.320598811442336 -0.0995267631804162 0.167551140642214 0.953271692861385 0.958264871882473 0.645905314036538 0.0206525761592079 -0.185287471557885 -0.311069843844839 1
0.195604421249245 -1.58779903842781 -0.320598811442336 -0.0995267631804162 0.167551140642214 0.953271692861385 0.958264871882473 0.645905314036538 0.0206525761592079 -0.185287471557885 1
0.0248834377724964 0.195604421249245 -1.58779903842781 -0.320598811442336 -0.0995267631804162 0.167551140642214 0.953271692861385 0.958264871882473 0.645905314036538 0.0206525761592079 -1
-4.33301837152576 0.0248834377724964 0.195604421249245 -1.58779903842781 -0.320598811442336 -0.0995267631804162 0.167551140642214 0.953271692861385 0.958264871882473 0.645905314036538 1
2.33386663425707 -4.33301837152576 0.0248834377724964 0.195604421249245 -1.58779903842781 -0.320598811442336 -0.0995267631804162 0.167551140642214 0.953271692861385 0.958264871882473 1
0.564680394235478 2.33386663425707 -4.33301837152576 0.0248834377724964 0.195604421249245 -1.58779903842781 -0.320598811442336 -0.0995267631804162 0.167551140642214 0.953271692861385 1
0.674568448569807 0.564680394235478 2.33386663425707 -4.33301837152576 0.0248834377724964 0.195604421249245 -1.58779903842781 -0.320598811442336 -0.0995267631804162 0.167551140642214 1
0.105536619517707 0.674568448569807 0.564680394235478 2.33386663425707 -4.33301837152576 0.0248834377724964 0.195604421249245 -1.58779903842781 -0.320598811442336 -0.0995267631804162 -1
-0.736671652619422 0.105536619517707 0.674568448569807 0.564680394235478 2.33386663425707 -4.33301837152576 0.0248834377724964 0.195604421249245 -1.58779903842781 -0.320598811442336 1
0.758232784075827 -0.736671652619422 0.105536619517707 0.674568448569807 0.564680394235478 2.33386663425707 -4.33301837152576 0.0248834377724964 0.195604421249245 -1.58779903842781 -1
-2.39295868454587 0.758232784075827 -0.736671652619422 0.105536619517707 0.674568448569807 0.564680394235478 2.33386663425707 -4.33301837152576 0.0248834377724964 0.195604421249245 1
0.193355584896235 -2.39295868454587 0.758232784075827 -0.736671652619422 0.105536619517707 0.674568448569807 0.564680394235478 2.33386663425707 -4.33301837152576 0.0248834377724964 1
0.249004755665614 0.193355584896235 -2.39295868454587 0.758232784075827 -0.736671652619422 0.105536619517707 0.674568448569807 0.564680394235478 2.33386663425707 -4.33301837152576 1
0.174373881442023 0.249004755665614 0.193355584896235 -2.39295868454587 0.758232784075827 -0.736671652619422 0.105536619517707 0.674568448569807 0.564680394235478 2.33386663425707 -1
-0.36286931170483 0.174373881442023 0.249004755665614 0.193355584896235 -2.39295868454587 0.758232784075827 -0.736671652619422 0.105536619517707 0.674568448569807 0.564680394235478 1
0.0497349852667676 -0.36286931170483 0.174373881442023 0.249004755665614 0.193355584896235 -2.39295868454587 0.758232784075827 -0.736671652619422 0.105536619517707 0.674568448569807 -1
-0.0598100262340512 0.0497349852667676 -0.36286931170483 0.174373881442023 0.249004755665614 0.193355584896235 -2.39295868454587 0.758232784075827 -0.736671652619422 0.105536619517707 -1
-1.10033517201028 -0.0598100262340512 0.0497349852667676 -0.36286931170483 0.174373881442023 0.249004755665614 0.193355584896235 -2.39295868454587 0.758232784075827 -0.736671652619422 1
0.406804459080156 -1.10033517201028 -0.0598100262340512 0.0497349852667676 -0.36286931170483 0.174373881442023 0.249004755665614 0.193355584896235 -2.39295868454587 0.758232784075827 -1
-0.484039663674595 0.406804459080156 -1.10033517201028 -0.0598100262340512 0.0497349852667676 -0.36286931170483 0.174373881442023 0.249004755665614 0.193355584896235 -2.39295868454587 1
0.0584635195860747 -0.484039663674595 0.406804459080156 -1.10033517201028 -0.0598100262340512 0.0497349852667676 -0.36286931170483 0.174373881442023 0.249004755665614 0.193355584896235 -1
-0.168630836197461 0.0584635195860747 -0.484039663674595 0.406804459080156 -1.10033517201028 -0.0598100262340512 0.0497349852667676 -0.36286931170483 0.174373881442023 0.249004755665614 -1
-0.708808951364342 -0.168630836197461 0.0584635195860747 -0.484039663674595 0.406804459080156 -1.10033517201028 -0.0598100262340512 0.0497349852667676 -0.36286931170483 0.174373881442023 -1
-0.188832247504154 -0.708808951364342 -0.168630836197461 0.0584635195860747 -0.484039663674595 0.406804459080156 -1.10033517201028 -0.0598100262340512 0.0497349852667676 -0.36286931170483 -1
-0.670998007937476 -0.188832247504154 -0.708808951364342 -0.168630836197461 0.0584635195860747 -0.484039663674595 0.406804459080156 -1.10033517201028 -0.0598100262340512 0.0497349852667676 1
1.27611311506457 -0.670998007937476 -0.188832247504154 -0.708808951364342 -0.168630836197461 0.0584635195860747 -0.484039663674595 0.406804459080156 -1.10033517201028 -0.0598100262340512 -1
-0.597548725695973 1.27611311506457 -0.670998007937476 -0.188832247504154 -0.708808951364342 -0.168630836197461 0.0584635195860747 -0.484039663674595 0.406804459080156 -1.10033517201028 1
1.18299604370183 -0.597548725695973 1.27611311506457 -0.670998007937476 -0.188832247504154 -0.708808951364342 -0.168630836197461 0.0584635195860747 -0.484039663674595 0.406804459080156 -1
-0.539383907480855 1.18299604370183 -0.597548725695973 1.27611311506457 -0.670998007937476 -0.188832247504154 -0.708808951364342 -0.168630836197461 0.0584635195860747 -0.484039663674595 1
0.617089716021709 -0.539383907480855 1.18299604370183 -0.597548725695973 1.27611311506457 -0.670998007937476 -0.188832247504154 -0.708808951364342 -0.168630836197461 0.0584635195860747 1
0.518217148230085 0.617089716021709 -0.539383907480855 1.18299604370183 -0.597548725695973 1.27611311506457 -0.670998007937476 -0.188832247504154 -0.708808951364342 -0.168630836197461 -1
-0.278137731827891 0.518217148230085 0.617089716021709 -0.539383907480855 1.18299604370183 -0.597548725695973 1.27611311506457 -0.670998007937476 -0.188832247504154 -0.708808951364342 -1
-0.0718546412772876 -0.278137731827891 0.518217148230085 0.617089716021709 -0.539383907480855 1.18299604370183 -0.597548725695973 1.27611311506457 -0.670998007937476 -0.188832247504154 1
0.18100604288988 -0.0718546412772876 -0.278137731827891 0.518217148230085 0.617089716021709 -0.539383907480855 1.18299604370183 -0.597548725695973 1.27611311506457 -0.670998007937476 -1
-0.685215227592941 0.18100604288988 -0.0718546412772876 -0.278137731827891 0.518217148230085 0.617089716021709 -0.539383907480855 1.18299604370183 -0.597548725695973 1.27611311506457 1
0.271302539843757 -0.685215227592941 0.18100604288988 -0.0718546412772876 -0.278137731827891 0.518217148230085 0.617089716021709 -0.539383907480855 1.18299604370183 -0.597548725695973 1
1.93037203030867 0.271302539843757 -0.685215227592941 0.18100604288988 -0.0718546412772876 -0.278137731827891 0.518217148230085 0.617089716021709 -0.539383907480855 1.18299604370183 1
0.718173004295951 1.93037203030867 0.271302539843757 -0.685215227592941 0.18100604288988 -0.0718546412772876 -0.278137731827891 0.518217148230085 0.617089716021709 -0.539383907480855 -1
-1.34968919610157 0.718173004295951 1.93037203030867 0.271302539843757 -0.685215227592941 0.18100604288988 -0.0718546412772876 -0.278137731827891 0.518217148230085 0.617089716021709 1
0.20669613953273 -1.34968919610157 0.718173004295951 1.93037203030867 0.271302539843757 -0.685215227592941 0.18100604288988 -0.0718546412772876 -0.278137731827891 0.518217148230085 1
0.589455709988969 0.20669613953273 -1.34968919610157 0.718173004295951 1.93037203030867 0.271302539843757 -0.685215227592941 0.18100604288988 -0.0718546412772876 -0.278137731827891 -1
-0.0620588625870608 0.589455709988969 0.20669613953273 -1.34968919610157 0.718173004295951 1.93037203030867 0.271302539843757 -0.685215227592941 0.18100604288988 -0.0718546412772876 -1
-0.27870946988374 -0.0620588625870608 0.589455709988969 0.20669613953273 -1.34968919610157 0.718173004295951 1.93037203030867 0.271302539843757 -0.685215227592941 0.18100604288988 -1
-2.4910308190593 -0.27870946988374 -0.0620588625870608 0.589455709988969 0.20669613953273 -1.34968919610157 0.718173004295951 1.93037203030867 0.271302539843757 -0.685215227592941 1
0.389499853923103 -2.4910308190593 -0.27870946988374 -0.0620588625870608 0.589455709988969 0.20669613953273 -1.34968919610157 0.718173004295951 1.93037203030867 0.271302539843757 -1
-0.673056264938535 0.389499853923103 -2.4910308190593 -0.27870946988374 -0.0620588625870608 0.589455709988969 0.20669613953273 -1.34968919610157 0.718173004295951 1.93037203030867 -1
-0.0345773200358809 -0.673056264938535 0.389499853923103 -2.4910308190593 -0.27870946988374 -0.0620588625870608 0.589455709988969 0.20669613953273 -1.34968919610157 0.718173004295951 -1
-0.57868136985293 -0.0345773200358809 -0.673056264938535 0.389499853923103 -2.4910308190593 -0.27870946988374 -0.0620588625870608 0.589455709988969 0.20669613953273 -1.34968919610157 1
0.36872670456056 -0.57868136985293 -0.0345773200358809 -0.673056264938535 0.389499853923103 -2.4910308190593 -0.27870946988374 -0.0620588625870608 0.589455709988969 0.20669613953273 -1
-0.46982244401913 0.36872670456056 -0.57868136985293 -0.0345773200358809 -0.673056264938535 0.389499853923103 -2.4910308190593 -0.27870946988374 -0.0620588625870608 0.589455709988969 -1
-1.26960775241221 -0.46982244401913 0.36872670456056 -0.57868136985293 -0.0345773200358809 -0.673056264938535 0.389499853923103 -2.4910308190593 -0.27870946988374 -0.0620588625870608 1
0.437068460169805 -1.26960775241221 -0.46982244401913 0.36872670456056 -0.57868136985293 -0.0345773200358809 -0.673056264938535 0.389499853923103 -2.4910308190593 -0.27870946988374 -1
-0.403538945410945 0.437068460169805 -1.26960775241221 -0.46982244401913 0.36872670456056 -0.57868136985293 -0.0345773200358809 -0.673056264938535 0.389499853923103 -2.4910308190593 -1
-0.0284787807734834 -0.403538945410945 0.437068460169805 -1.26960775241221 -0.46982244401913 0.36872670456056 -0.57868136985293 -0.0345773200358809 -0.673056264938535 0.389499853923103 -1
-0.858451858515427 -0.0284787807734834 -0.403538945410945 0.437068460169805 -1.26960775241221 -0.46982244401913 0.36872670456056 -0.57868136985293 -0.0345773200358809 -0.673056264938535 -1
-2.90394004299402 -0.858451858515427 -0.0284787807734834 -0.403538945410945 0.437068460169805 -1.26960775241221 -0.46982244401913 0.36872670456056 -0.57868136985293 -0.0345773200358809 -1
-0.638485170494818 -2.90394004299402 -0.858451858515427 -0.0284787807734834 -0.403538945410945 0.437068460169805 -1.26960775241221 -0.46982244401913 0.36872670456056 -0.57868136985293 -1
-0.840308704209794 -0.638485170494818 -2.90394004299402 -0.858451858515427 -0.0284787807734834 -0.403538945410945 0.437068460169805 -1.26960775241221 -0.46982244401913 0.36872670456056 -1
-1.1915845657239 -0.840308704209794 -0.638485170494818 -2.90394004299402 -0.858451858515427 -0.0284787807734834 -0.403538945410945 0.437068460169805 -1.26960775241221 -0.46982244401913 1
0.0170696843425504 -1.1915845657239 -0.840308704209794 -0.638485170494818 -2.90394004299402 -0.858451858515427 -0.0284787807734834 -0.403538945410945 0.437068460169805 -1.26960775241221 1
0.461538848960176 0.0170696843425504 -1.1915845657239 -0.840308704209794 -0.638485170494818 -2.90394004299402 -0.858451858515427 -0.0284787807734834 -0.403538945410945 0.437068460169805 -1
-0.17225184388451 0.461538848960176 0.0170696843425504 -1.1915845657239 -0.840308704209794 -0.638485170494818 -2.90394004299402 -0.858451858515427 -0.0284787807734834 -0.403538945410945 -1
-0.668634823973297 -0.17225184388451 0.461538848960176 0.0170696843425504 -1.1915845657239 -0.840308704209794 -0.638485170494818 -2.90394004299402 -0.858451858515427 -0.0284787807734834 1
0.375168286656468 -0.668634823973297 -0.17225184388451 0.461538848960176 0.0170696843425504 -1.1915845657239 -0.840308704209794 -0.638485170494818 -2.90394004299402 -0.858451858515427 -1
-0.0323665995532621 0.375168286656468 -0.668634823973297 -0.17225184388451 0.461538848960176 0.0170696843425504 -1.1915845657239 -0.840308704209794 -0.638485170494818 -2.90394004299402 -1
-4.88040038619635 -0.0323665995532621 0.375168286656468 -0.668634823973297 -0.17225184388451 0.461538848960176 0.0170696843425504 -1.1915845657239 -0.840308704209794 -0.638485170494818 -1
-0.100555891680946 -4.88040038619635 -0.0323665995532621 0.375168286656468 -0.668634823973297 -0.17225184388451 0.461538848960176 0.0170696843425504 -1.1915845657239 -0.840308704209794 1
0.226020885820452 -0.100555891680946 -4.88040038619635 -0.0323665995532621 0.375168286656468 -0.668634823973297 -0.17225184388451 0.461538848960176 0.0170696843425504 -1.1915845657239 -1
-0.406359519819804 0.226020885820452 -0.100555891680946 -4.88040038619635 -0.0323665995532621 0.375168286656468 -0.668634823973297 -0.17225184388451 0.461538848960176 0.0170696843425504 1
0.240047526123967 -0.406359519819804 0.226020885820452 -0.100555891680946 -4.88040038619635 -0.0323665995532621 0.375168286656468 -0.668634823973297 -0.17225184388451 0.461538848960176 -1
-0.0251245841791644 0.240047526123967 -0.406359519819804 0.226020885820452 -0.100555891680946 -4.88040038619635 -0.0323665995532621 0.375168286656468 -0.668634823973297 -0.17225184388451 1
0.0977990978285406 -0.0251245841791644 0.240047526123967 -0.406359519819804 0.226020885820452 -0.100555891680946 -4.88040038619635 -0.0323665995532621 0.375168286656468 -0.668634823973297 1
0.432875714426907 0.0977990978285406 -0.0251245841791644 0.240047526123967 -0.406359519819804 0.226020885820452 -0.100555891680946 -4.88040038619635 -0.0323665995532621 0.375168286656468 -1
-0.485869225453314 0.432875714426907 0.0977990978285406 -0.0251245841791644 0.240047526123967 -0.406359519819804 0.226020885820452 -0.100555891680946 -4.88040038619635 -0.0323665995532621 -1
-0.691733041429629 -0.485869225453314 0.432875714426907 0.0977990978285406 -0.0251245841791644 0.240047526123967 -0.406359519819804 0.226020885820452 -0.100555891680946 -4.88040038619635 -1
-1.06690755367826 -0.691733041429629 -0.485869225453314 0.432875714426907 0.0977990978285406 -0.0251245841791644 0.240047526123967 -0.406359519819804 0.226020885820452 -0.100555891680946 -1
-0.785841125422504 -1.06690755367826 -0.691733041429629 -0.485869225453314 0.432875714426907 0.0977990978285406 -0.0251245841791644 0.240047526123967 -0.406359519819804 0.226020885820452 -1
-0.0487183079505639 -0.785841125422504 -1.06690755367826 -0.691733041429629 -0.485869225453314 0.432875714426907 0.0977990978285406 -0.0251245841791644 0.240047526123967 -0.406359519819804 -1
-0.376171750470936 -0.0487183079505639 -0.785841125422504 -1.06690755367826 -0.691733041429629 -0.485869225453314 0.432875714426907 0.0977990978285406 -0.0251245841791644 0.240047526123967 -1
-0.213874374350374 -0.376171750470936 -0.0487183079505639 -0.785841125422504 -1.06690755367826 -0.691733041429629 -0.485869225453314 0.432875714426907 0.0977990978285406 -0.0251245841791644 -1
-0.555849963489329 -0.213874374350374 -0.376171750470936 -0.0487183079505639 -0.785841125422504 -1.06690755367826 -0.691733041429629 -0.485869225453314 0.432875714426907 0.0977990978285406 -1
-0.259842114040697 -0.555849963489329 -0.213874374350374 -0.376171750470936 -0.0487183079505639 -0.785841125422504 -1.06690755367826 -0.691733041429629 -0.485869225453314 0.432875714426907 1
0.473087957688342 -0.259842114040697 -0.555849963489329 -0.213874374350374 -0.376171750470936 -0.0487183079505639 -0.785841125422504 -1.06690755367826 -0.691733041429629 -0.485869225453314 1
0.568568213015257 0.473087957688342 -0.259842114040697 -0.555849963489329 -0.213874374350374 -0.376171750470936 -0.0487183079505639 -0.785841125422504 -1.06690755367826 -0.691733041429629 -1
-0.376171750470936 0.568568213015257 0.473087957688342 -0.259842114040697 -0.555849963489329 -0.213874374350374 -0.376171750470936 -0.0487183079505639 -0.785841125422504 -1.06690755367826 1
0.333469524449823 -0.376171750470936 0.568568213015257 0.473087957688342 -0.259842114040697 -0.555849963489329 -0.213874374350374 -0.376171750470936 -0.0487183079505639 -0.785841125422504 -1
-0.167296780733811 0.333469524449823 -0.376171750470936 0.568568213015257 0.473087957688342 -0.259842114040697 -0.555849963489329 -0.213874374350374 -0.376171750470936 -0.0487183079505639 -1
-1.01983445374663 -0.167296780733811 0.333469524449823 -0.376171750470936 0.568568213015257 0.473087957688342 -0.259842114040697 -0.555849963489329 -0.213874374350374 -0.376171750470936 1
1.13996322603154 -1.01983445374663 -0.167296780733811 0.333469524449823 -0.376171750470936 0.568568213015257 0.473087957688342 -0.259842114040697 -0.555849963489329 -0.213874374350374 1
1.23967434297174 1.13996322603154 -1.01983445374663 -0.167296780733811 0.333469524449823 -0.376171750470936 0.568568213015257 0.473087957688342 -0.259842114040697 -0.555849963489329 1
1.23304218152388 1.23967434297174 1.13996322603154 -1.01983445374663 -0.167296780733811 0.333469524449823 -0.376171750470936 0.568568213015257 0.473087957688342 -0.259842114040697 -1
-0.0301939949410324 1.23304218152388 1.23967434297174 1.13996322603154 -1.01983445374663 -0.167296780733811 0.333469524449823 -0.376171750470936 0.568568213015257 0.473087957688342 -1
-0.196607885063711 -0.0301939949410324 1.23304218152388 1.23967434297174 1.13996322603154 -1.01983445374663 -0.167296780733811 0.333469524449823 -0.376171750470936 0.568568213015257 -1
-0.997422321957316 -0.196607885063711 -0.0301939949410324 1.23304218152388 1.23967434297174 1.13996322603154 -1.01983445374663 -0.167296780733811 0.333469524449823 -0.376171750470936 -1
-0.637799084827798 -0.997422321957316 -0.196607885063711 -0.0301939949410324 1.23304218152388 1.23967434297174 1.13996322603154 -1.01983445374663 -0.167296780733811 0.333469524449823 -1
-0.645727185868915 -0.637799084827798 -0.997422321957316 -0.196607885063711 -0.0301939949410324 1.23304218152388 1.23967434297174 1.13996322603154 -1.01983445374663 -0.167296780733811 -1
-0.113896446317442 -0.645727185868915 -0.637799084827798 -0.997422321957316 -0.196607885063711 -0.0301939949410324 1.23304218152388 1.23967434297174 1.13996322603154 -1.01983445374663 1
0.582175578744481 -0.113896446317442 -0.645727185868915 -0.637799084827798 -0.997422321957316 -0.196607885063711 -0.0301939949410324 1.23304218152388 1.23967434297174 1.13996322603154 1
0.138506847405046 0.582175578744481 -0.113896446317442 -0.645727185868915 -0.637799084827798 -0.997422321957316 -0.196607885063711 -0.0301939949410324 1.23304218152388 1.23967434297174 1
0.800884443042221 0.138506847405046 0.582175578744481 -0.113896446317442 -0.645727185868915 -0.637799084827798 -0.997422321957316 -0.196607885063711 -0.0301939949410324 1.23304218152388 -1
-0.681479872294722 0.800884443042221 0.138506847405046 0.582175578744481 -0.113896446317442 -0.645727185868915 -0.637799084827798 -0.997422321957316 -0.196607885063711 -0.0301939949410324 -1
-0.901179749222601 -0.681479872294722 0.800884443042221 0.138506847405046 0.582175578744481 -0.113896446317442 -0.645727185868915 -0.637799084827798 -0.997422321957316 -0.196607885063711 1
0.04317905555969 -0.901179749222601 -0.681479872294722 0.800884443042221 0.138506847405046 0.582175578744481 -0.113896446317442 -0.645727185868915 -0.637799084827798 -0.997422321957316 1
0.234025218602349 0.04317905555969 -0.901179749222601 -0.681479872294722 0.800884443042221 0.138506847405046 0.582175578744481 -0.113896446317442 -0.645727185868915 -0.637799084827798 -1
-0.631281270991111 0.234025218602349 0.04317905555969 -0.901179749222601 -0.681479872294722 0.800884443042221 0.138506847405046 0.582175578744481 -0.113896446317442 -0.645727185868915 1
4.0316999649086 -0.631281270991111 0.234025218602349 0.04317905555969 -0.901179749222601 -0.681479872294722 0.800884443042221 0.138506847405046 0.582175578744481 -0.113896446317442 -1
-1.4660188325318 4.0316999649086 -0.631281270991111 0.234025218602349 0.04317905555969 -0.901179749222601 -0.681479872294722 0.800884443042221 0.138506847405046 0.582175578744481 -1
-0.598959012900403 -1.4660188325318 4.0316999649086 -0.631281270991111 0.234025218602349 0.04317905555969 -0.901179749222601 -0.681479872294722 0.800884443042221 0.138506847405046 -1
-0.131925253011905 -0.598959012900403 -1.4660188325318 4.0316999649086 -0.631281270991111 0.234025218602349 0.04317905555969 -0.901179749222601 -0.681479872294722 0.800884443042221 1
0.840563064118196 -0.131925253011905 -0.598959012900403 -1.4660188325318 4.0316999649086 -0.631281270991111 0.234025218602349 0.04317905555969 -0.901179749222601 -0.681479872294722 1
0.255141410798402 0.840563064118196 -0.131925253011905 -0.598959012900403 -1.4660188325318 4.0316999649086 -0.631281270991111 0.234025218602349 0.04317905555969 -0.901179749222601 1
0.45063771002864 0.255141410798402 0.840563064118196 -0.131925253011905 -0.598959012900403 -1.4660188325318 4.0316999649086 -0.631281270991111 0.234025218602349 0.04317905555969 1
0.297030752356997 0.45063771002864 0.255141410798402 0.840563064118196 -0.131925253011905 -0.598959012900403 -1.4660188325318 4.0316999649086 -0.631281270991111 0.234025218602349 1
1.16592013376712 0.297030752356997 0.45063771002864 0.255141410798402 0.840563064118196 -0.131925253011905 -0.598959012900403 -1.4660188325318 4.0316999649086 -0.631281270991111 1
0.102944740331188 1.16592013376712 0.297030752356997 0.45063771002864 0.255141410798402 0.840563064118196 -0.131925253011905 -0.598959012900403 -1.4660188325318 4.0316999649086 1
0.566433724273417 0.102944740331188 1.16592013376712 0.297030752356997 0.45063771002864 0.255141410798402 0.840563064118196 -0.131925253011905 -0.598959012900403 -1.4660188325318 -1
-1.10872066349607 0.566433724273417 0.102944740331188 1.16592013376712 0.297030752356997 0.45063771002864 0.255141410798402 0.840563064118196 -0.131925253011905 -0.598959012900403 -1
-0.921038117695784 -1.10872066349607 0.566433724273417 0.102944740331188 1.16592013376712 0.297030752356997 0.45063771002864 0.255141410798402 0.840563064118196 -0.131925253011905 1
1.17259041108536 -0.921038117695784 -1.10872066349607 0.566433724273417 0.102944740331188 1.16592013376712 0.297030752356997 0.45063771002864 0.255141410798402 0.840563064118196 1
1.01075042540948 1.17259041108536 -0.921038117695784 -1.10872066349607 0.566433724273417 0.102944740331188 1.16592013376712 0.297030752356997 0.45063771002864 0.255141410798402 -1
-0.502106586239448 1.01075042540948 1.17259041108536 -0.921038117695784 -1.10872066349607 0.566433724273417 0.102944740331188 1.16592013376712 0.297030752356997 0.45063771002864 1
0.439889034578664 -0.502106586239448 1.01075042540948 1.17259041108536 -0.921038117695784 -1.10872066349607 0.566433724273417 0.102944740331188 1.16592013376712 0.297030752356997 -1
-0.946575750857074 0.439889034578664 -0.502106586239448 1.01075042540948 1.17259041108536 -0.921038117695784 -1.10872066349607 0.566433724273417 0.102944740331188 1.16592013376712 1
