0.080511 -0.043804 -0.139063 0.008376 0.053723 -0.166834 0.136281 -0.03716 -0.039412 0.0 1
0.067867 0.080511 -0.043804 -0.139063 0.008376 0.053723 -0.166834 0.136281 -0.03716 -0.039412 -1
-0.167249 0.067867 0.080511 -0.043804 -0.139063 0.008376 0.053723 -0.166834 0.136281 -0.03716 -1
-0.059307 -0.167249 0.067867 0.080511 -0.043804 -0.139063 0.008376 0.053723 -0.166834 0.136281 -1
-0.0781 -0.059307 -0.167249 0.067867 0.080511 -0.043804 -0.139063 0.008376 0.053723 -0.166834 1
0.251348 -0.0781 -0.059307 -0.167249 0.067867 0.080511 -0.043804 -0.139063 0.008376 0.053723 -1
-0.055359 0.251348 -0.0781 -0.059307 -0.167249 0.067867 0.080511 -0.043804 -0.139063 0.008376 1
0.043125 -0.055359 0.251348 -0.0781 -0.059307 -0.167249 0.067867 0.080511 -0.043804 -0.139063 -1
-0.037145 0.043125 -0.055359 0.251348 -0.0781 -0.059307 -0.167249 0.067867 0.080511 -0.043804 -1
-0.115939 -0.037145 0.043125 -0.055359 0.251348 -0.0781 -0.059307 -0.167249 0.067867 0.080511 1
0.110231 -0.115939 -0.037145 0.043125 -0.055359 0.251348 -0.0781 -0.059307 -0.167249 0.067867 -1
-0.131502 0.110231 -0.115939 -0.037145 0.043125 -0.055359 0.251348 -0.0781 -0.059307 -0.167249 -1
-0.164686 -0.131502 0.110231 -0.115939 -0.037145 0.043125 -0.055359 0.251348 -0.0781 -0.059307 1
0.141956 -0.164686 -0.131502 0.110231 -0.115939 -0.037145 0.043125 -0.055359 0.251348 -0.0781 1
0.11791 0.141956 -0.164686 -0.131502 0.110231 -0.115939 -0.037145 0.043125 -0.055359 0.251348 1
0.187945 0.11791 0.141956 -0.164686 -0.131502 0.110231 -0.115939 -0.037145 0.043125 -0.055359 -1
-0.091009 0.187945 0.11791 0.141956 -0.164686 -0.131502 0.110231 -0.115939 -0.037145 0.043125 1
0.11158 -0.091009 0.187945 0.11791 0.141956 -0.164686 -0.131502 0.110231 -0.115939 -0.037145 1
0.185742 0.11158 -0.091009 0.187945 0.11791 0.141956 -0.164686 -0.131502 0.110231 -0.115939 -1
-0.069718 0.185742 0.11158 -0.091009 0.187945 0.11791 0.141956 -0.164686 -0.131502 0.110231 -1
-0.087661 -0.069718 0.185742 0.11158 -0.091009 0.187945 0.11791 0.141956 -0.164686 -0.131502 1
0.148476 -0.087661 -0.069718 0.185742 0.11158 -0.091009 0.187945 0.11791 0.141956 -0.164686 -1
-0.096411 0.148476 -0.087661 -0.069718 0.185742 0.11158 -0.091009 0.187945 0.11791 0.141956 -1
-0.087905 -0.096411 0.148476 -0.087661 -0.069718 0.185742 0.11158 -0.091009 0.187945 0.11791 -1
-0.161535 -0.087905 -0.096411 0.148476 -0.087661 -0.069718 0.185742 0.11158 -0.091009 0.187945 -1
-0.00670999999999999 -0.161535 -0.087905 -0.096411 0.148476 -0.087661 -0.069718 0.185742 0.11158 -0.091009 1
0.049859 -0.00670999999999999 -0.161535 -0.087905 -0.096411 0.148476 -0.087661 -0.069718 0.185742 0.11158 1
0.028488 0.049859 -0.00670999999999999 -0.161535 -0.087905 -0.096411 0.148476 -0.087661 -0.069718 0.185742 1
0.021182 0.028488 0.049859 -0.00670999999999999 -0.161535 -0.087905 -0.096411 0.148476 -0.087661 -0.069718 -1
-0.249049 0.021182 0.028488 0.049859 -0.00670999999999999 -0.161535 -0.087905 -0.096411 0.148476 -0.087661 1
0.175882 -0.249049 0.021182 0.028488 0.049859 -0.00670999999999999 -0.161535 -0.087905 -0.096411 0.148476 1
0.031953 0.175882 -0.249049 0.021182 0.028488 0.049859 -0.00670999999999999 -0.161535 -0.087905 -0.096411 -1
-0.131692 0.031953 0.175882 -0.249049 0.021182 0.028488 0.049859 -0.00670999999999999 -0.161535 -0.087905 1
0.092296 -0.131692 0.031953 0.175882 -0.249049 0.021182 0.028488 0.049859 -0.00670999999999999 -0.161535 -1
-0.015285 0.092296 -0.131692 0.031953 0.175882 -0.249049 0.021182 0.028488 0.049859 -0.00670999999999999 -1
-0.04826 -0.015285 0.092296 -0.131692 0.031953 0.175882 -0.249049 0.021182 0.028488 0.049859 1
0.141333 -0.04826 -0.015285 0.092296 -0.131692 0.031953 0.175882 -0.249049 0.021182 0.028488 -1
-0.069545 0.141333 -0.04826 -0.015285 0.092296 -0.131692 0.031953 0.175882 -0.249049 0.021182 1
0.148056 -0.069545 0.141333 -0.04826 -0.015285 0.092296 -0.131692 0.031953 0.175882 -0.249049 -1
-0.015476 0.148056 -0.069545 0.141333 -0.04826 -0.015285 0.092296 -0.131692 0.031953 0.175882 -1
-0.06965 -0.015476 0.148056 -0.069545 0.141333 -0.04826 -0.015285 0.092296 -0.131692 0.031953 1
0.009301 -0.06965 -0.015476 0.148056 -0.069545 0.141333 -0.04826 -0.015285 0.092296 -0.131692 -1
-0.033295 0.009301 -0.06965 -0.015476 0.148056 -0.069545 0.141333 -0.04826 -0.015285 0.092296 -1
-0.00854199999999999 -0.033295 0.009301 -0.06965 -0.015476 0.148056 -0.069545 0.141333 -0.04826 -0.015285 -1
-0.1099 -0.00854199999999999 -0.033295 0.009301 -0.06965 -0.015476 0.148056 -0.069545 0.141333 -0.04826 -1
-0.090264 -0.1099 -0.00854199999999999 -0.033295 0.009301 -0.06965 -0.015476 0.148056 -0.069545 0.141333 -1
-0.061972 -0.090264 -0.1099 -0.00854199999999999 -0.033295 0.009301 -0.06965 -0.015476 0.148056 -0.069545 1
0.164406 -0.061972 -0.090264 -0.1099 -0.00854199999999999 -0.033295 0.009301 -0.06965 -0.015476 0.148056 1
0.193356 0.164406 -0.061972 -0.090264 -0.1099 -0.00854199999999999 -0.033295 0.009301 -0.06965 -0.015476 -1
-0.072786 0.193356 0.164406 -0.061972 -0.090264 -0.1099 -0.00854199999999999 -0.033295 0.009301 -0.06965 -1
-0.112738 -0.072786 0.193356 0.164406 -0.061972 -0.090264 -0.1099 -0.00854199999999999 -0.033295 0.009301 -1
-0.165013 -0.112738 -0.072786 0.193356 0.164406 -0.061972 -0.090264 -0.1099 -0.00854199999999999 -0.033295 1
0.132973 -0.165013 -0.112738 -0.072786 0.193356 0.164406 -0.061972 -0.090264 -0.1099 -0.00854199999999999 1
0.101087 0.132973 -0.165013 -0.112738 -0.072786 0.193356 0.164406 -0.061972 -0.090264 -0.1099 -1
-0.291676 0.101087 0.132973 -0.165013 -0.112738 -0.072786 0.193356 0.164406 -0.061972 -0.090264 1
0.00176400000000004 -0.291676 0.101087 0.132973 -0.165013 -0.112738 -0.072786 0.193356 0.164406 -0.061972 1
0.043237 0.00176400000000004 -0.291676 0.101087 0.132973 -0.165013 -0.112738 -0.072786 0.193356 0.164406 1
0.019465 0.043237 0.00176400000000004 -0.291676 0.101087 0.132973 -0.165013 -0.112738 -0.072786 0.193356 1
0.251907 0.019465 0.043237 0.00176400000000004 -0.291676 0.101087 0.132973 -0.165013 -0.112738 -0.072786 1
0.131633 0.251907 0.019465 0.043237 0.00176400000000004 -0.291676 0.101087 0.132973 -0.165013 -0.112738 1
0.012039 0.131633 0.251907 0.019465 0.043237 0.00176400000000004 -0.291676 0.101087 0.132973 -0.165013 -1
-0.114226 0.012039 0.131633 0.251907 0.019465 0.043237 0.00176400000000004 -0.291676 0.101087 0.132973 1
0.132798 -0.114226 0.012039 0.131633 0.251907 0.019465 0.043237 0.00176400000000004 -0.291676 0.101087 1
0.014429 0.132798 -0.114226 0.012039 0.131633 0.251907 0.019465 0.043237 0.00176400000000004 -0.291676 -1
-0.042744 0.014429 0.132798 -0.114226 0.012039 0.131633 0.251907 0.019465 0.043237 0.00176400000000004 1
0.011446 -0.042744 0.014429 0.132798 -0.114226 0.012039 0.131633 0.251907 0.019465 0.043237 1
0.167079 0.011446 -0.042744 0.014429 0.132798 -0.114226 0.012039 0.131633 0.251907 0.019465 -1
-0.057475 0.167079 0.011446 -0.042744 0.014429 0.132798 -0.114226 0.012039 0.131633 0.251907 -1
-0.090737 -0.057475 0.167079 0.011446 -0.042744 0.014429 0.132798 -0.114226 0.012039 0.131633 -1
-0.022578 -0.090737 -0.057475 0.167079 0.011446 -0.042744 0.014429 0.132798 -0.114226 0.012039 1
0.00718 -0.022578 -0.090737 -0.057475 0.167079 0.011446 -0.042744 0.014429 0.132798 -0.114226 -1
-0.098062 0.00718 -0.022578 -0.090737 -0.057475 0.167079 0.011446 -0.042744 0.014429 0.132798 1
0.045525 -0.098062 0.00718 -0.022578 -0.090737 -0.057475 0.167079 0.011446 -0.042744 0.014429 1
0.048749 0.045525 -0.098062 0.00718 -0.022578 -0.090737 -0.057475 0.167079 0.011446 -0.042744 1
0.052638 0.048749 0.045525 -0.098062 0.00718 -0.022578 -0.090737 -0.057475 0.167079 0.011446 1
0.062187 0.052638 0.048749 0.045525 -0.098062 0.00718 -0.022578 -0.090737 -0.057475 0.167079 -1
-0.111157 0.062187 0.052638 0.048749 0.045525 -0.098062 0.00718 -0.022578 -0.090737 -0.057475 1
0.066889 -0.111157 0.062187 0.052638 0.048749 0.045525 -0.098062 0.00718 -0.022578 -0.090737 -1
-0.146535 0.066889 -0.111157 0.062187 0.052638 0.048749 0.045525 -0.098062 0.00718 -0.022578 1
0.037745 -0.146535 0.066889 -0.111157 0.062187 0.052638 0.048749 0.045525 -0.098062 0.00718 -1
-0.155009 0.037745 -0.146535 0.066889 -0.111157 0.062187 0.052638 0.048749 0.045525 -0.098062 1
0.175282 -0.155009 0.037745 -0.146535 0.066889 -0.111157 0.062187 0.052638 0.048749 0.045525 -1
-0.138274 0.175282 -0.155009 0.037745 -0.146535 0.066889 -0.111157 0.062187 0.052638 0.048749 -1
-0.072298 -0.138274 0.175282 -0.155009 0.037745 -0.146535 0.066889 -0.111157 0.062187 0.052638 1
0.073588 -0.072298 -0.138274 0.175282 -0.155009 0.037745 -0.146535 0.066889 -0.111157 0.062187 1
0.060077 0.073588 -0.072298 -0.138274 0.175282 -0.155009 0.037745 -0.146535 0.066889 -0.111157 -1
-0.108917 0.060077 0.073588 -0.072298 -0.138274 0.175282 -0.155009 0.037745 -0.146535 0.066889 1
0.08293 -0.108917 0.060077 0.073588 -0.072298 -0.138274 0.175282 -0.155009 0.037745 -0.146535 1
0.00564100000000001 0.08293 -0.108917 0.060077 0.073588 -0.072298 -0.138274 0.175282 -0.155009 0.037745 -1
-0.062491 0.00564100000000001 0.08293 -0.108917 0.060077 0.073588 -0.072298 -0.138274 0.175282 -0.155009 1
0.341184 -0.062491 0.00564100000000001 0.08293 -0.108917 0.060077 0.073588 -0.072298 -0.138274 0.175282 -1
-0.087106 0.341184 -0.062491 0.00564100000000001 0.08293 -0.108917 0.060077 0.073588 -0.072298 -0.138274 1
0.077707 -0.087106 0.341184 -0.062491 0.00564100000000001 0.08293 -0.108917 0.060077 0.073588 -0.072298 -1
-0.145589 0.077707 -0.087106 0.341184 -0.062491 0.00564100000000001 0.08293 -0.108917 0.060077 0.073588 -1
-0.207037 -0.145589 0.077707 -0.087106 0.341184 -0.062491 0.00564100000000001 0.08293 -0.108917 0.060077 -1
-0.026828 -0.207037 -0.145589 0.077707 -0.087106 0.341184 -0.062491 0.00564100000000001 0.08293 -0.108917 1
0.144983 -0.026828 -0.207037 -0.145589 0.077707 -0.087106 0.341184 -0.062491 0.00564100000000001 0.08293 1
0.077058 0.144983 -0.026828 -0.207037 -0.145589 0.077707 -0.087106 0.341184 -0.062491 0.00564100000000001 -1
-0.0173 0.077058 0.144983 -0.026828 -0.207037 -0.145589 0.077707 -0.087106 0.341184 -0.062491 -1
-0.042884 -0.0173 0.077058 0.144983 -0.026828 -0.207037 -0.145589 0.077707 -0.087106 0.341184 -1
-0.053422 -0.042884 -0.0173 0.077058 0.144983 -0.026828 -0.207037 -0.145589 0.077707 -0.087106 -1
-0.091951 -0.053422 -0.042884 -0.0173 0.077058 0.144983 -0.026828 -0.207037 -0.145589 0.077707 1
0.149244 -0.091951 -0.053422 -0.042884 -0.0173 0.077058 0.144983 -0.026828 -0.207037 -0.145589 -1
-0.048669 0.149244 -0.091951 -0.053422 -0.042884 -0.0173 0.077058 0.144983 -0.026828 -0.207037 -1
-0.162133 -0.048669 0.149244 -0.091951 -0.053422 -0.042884 -0.0173 0.077058 0.144983 -0.026828 1
0.102415 -0.162133 -0.048669 0.149244 -0.091951 -0.053422 -0.042884 -0.0173 0.077058 0.144983 -1
-0.028701 0.102415 -0.162133 -0.048669 0.149244 -0.091951 -0.053422 -0.042884 -0.0173 0.077058 -1
-0.134423 -0.028701 0.102415 -0.162133 -0.048669 0.149244 -0.091951 -0.053422 -0.042884 -0.0173 1
0.143976 -0.134423 -0.028701 0.102415 -0.162133 -0.048669 0.149244 -0.091951 -0.053422 -0.042884 -1
-0.010272 0.143976 -0.134423 -0.028701 0.102415 -0.162133 -0.048669 0.149244 -0.091951 -0.053422 -1
-0.015192 -0.010272 0.143976 -0.134423 -0.028701 0.102415 -0.162133 -0.048669 0.149244 -0.091951 1
0.046903 -0.015192 -0.010272 0.143976 -0.134423 -0.028701 0.102415 -0.162133 -0.048669 0.149244 1
0.07256 0.046903 -0.015192 -0.010272 0.143976 -0.134423 -0.028701 0.102415 -0.162133 -0.048669 -1
-0.02886 0.07256 0.046903 -0.015192 -0.010272 0.143976 -0.134423 -0.028701 0.102415 -0.162133 -1
-0.023055 -0.02886 0.07256 0.046903 -0.015192 -0.010272 0.143976 -0.134423 -0.028701 0.102415 -1
-0.109313 -0.023055 -0.02886 0.07256 0.046903 -0.015192 -0.010272 0.143976 -0.134423 -0.028701 -1
-0.255841 -0.109313 -0.023055 -0.02886 0.07256 0.046903 -0.015192 -0.010272 0.143976 -0.134423 1
0.081848 -0.255841 -0.109313 -0.023055 -0.02886 0.07256 0.046903 -0.015192 -0.010272 0.143976 1
0.026733 0.081848 -0.255841 -0.109313 -0.023055 -0.02886 0.07256 0.046903 -0.015192 -0.010272 1
0.00504299999999996 0.026733 0.081848 -0.255841 -0.109313 -0.023055 -0.02886 0.07256 0.046903 -0.015192 -1
-0.00718999999999997 0.00504299999999996 0.026733 0.081848 -0.255841 -0.109313 -0.023055 -0.02886 0.07256 0.046903 1
0.113603 -0.00718999999999997 0.00504299999999996 0.026733 0.081848 -0.255841 -0.109313 -0.023055 -0.02886 0.07256 1
0.061025 0.113603 -0.00718999999999997 0.00504299999999996 0.026733 0.081848 -0.255841 -0.109313 -0.023055 -0.02886 -1
-0.014659 0.061025 0.113603 -0.00718999999999997 0.00504299999999996 0.026733 0.081848 -0.255841 -0.109313 -0.023055 -1
-0.096869 -0.014659 0.061025 0.113603 -0.00718999999999997 0.00504299999999996 0.026733 0.081848 -0.255841 -0.109313 -1
-0.30941 -0.096869 -0.014659 0.061025 0.113603 -0.00718999999999997 0.00504299999999996 0.026733 0.081848 -0.255841 1
0.171196 -0.30941 -0.096869 -0.014659 0.061025 0.113603 -0.00718999999999997 0.00504299999999996 0.026733 0.081848 1
0.263775 0.171196 -0.30941 -0.096869 -0.014659 0.061025 0.113603 -0.00718999999999997 0.00504299999999996 0.026733 1
0.138888 0.263775 0.171196 -0.30941 -0.096869 -0.014659 0.061025 0.113603 -0.00718999999999997 0.00504299999999996 -1
-0.082523 0.138888 0.263775 0.171196 -0.30941 -0.096869 -0.014659 0.061025 0.113603 -0.00718999999999997 -1
-0.104756 -0.082523 0.138888 0.263775 0.171196 -0.30941 -0.096869 -0.014659 0.061025 0.113603 1
0.016158 -0.104756 -0.082523 0.138888 0.263775 0.171196 -0.30941 -0.096869 -0.014659 0.061025 1
0.121838 0.016158 -0.104756 -0.082523 0.138888 0.263775 0.171196 -0.30941 -0.096869 -0.014659 -1
-0.026248 0.121838 0.016158 -0.104756 -0.082523 0.138888 0.263775 0.171196 -0.30941 -0.096869 1
0.130717 -0.026248 0.121838 0.016158 -0.104756 -0.082523 0.138888 0.263775 0.171196 -0.30941 -1
-0.113846 0.130717 -0.026248 0.121838 0.016158 -0.104756 -0.082523 0.138888 0.263775 0.171196 -1
-0.049369 -0.113846 0.130717 -0.026248 0.121838 0.016158 -0.104756 -0.082523 0.138888 0.263775 -1
-0.010881 -0.049369 -0.113846 0.130717 -0.026248 0.121838 0.016158 -0.104756 -0.082523 0.138888 1
0.00842999999999999 -0.010881 -0.049369 -0.113846 0.130717 -0.026248 0.121838 0.016158 -0.104756 -0.082523 -1
-0.14815 0.00842999999999999 -0.010881 -0.049369 -0.113846 0.130717 -0.026248 0.121838 0.016158 -0.104756 1
0.253759 -0.14815 0.00842999999999999 -0.010881 -0.049369 -0.113846 0.130717 -0.026248 0.121838 0.016158 -1
-0.234809 0.253759 -0.14815 0.00842999999999999 -0.010881 -0.049369 -0.113846 0.130717 -0.026248 0.121838 1
0.470648 -0.234809 0.253759 -0.14815 0.00842999999999999 -0.010881 -0.049369 -0.113846 0.130717 -0.026248 -1
-0.072601 0.470648 -0.234809 0.253759 -0.14815 0.00842999999999999 -0.010881 -0.049369 -0.113846 0.130717 1
0.010088 -0.072601 0.470648 -0.234809 0.253759 -0.14815 0.00842999999999999 -0.010881 -0.049369 -0.113846 -1
-0.001248 0.010088 -0.072601 0.470648 -0.234809 0.253759 -0.14815 0.00842999999999999 -0.010881 -0.049369 -1
-0.13118 -0.001248 0.010088 -0.072601 0.470648 -0.234809 0.253759 -0.14815 0.00842999999999999 -0.010881 1
0.087833 -0.13118 -0.001248 0.010088 -0.072601 0.470648 -0.234809 0.253759 -0.14815 0.00842999999999999 1
0.148951 0.087833 -0.13118 -0.001248 0.010088 -0.072601 0.470648 -0.234809 0.253759 -0.14815 1
0.097184 0.148951 0.087833 -0.13118 -0.001248 0.010088 -0.072601 0.470648 -0.234809 0.253759 -1
-0.300395 0.097184 0.148951 0.087833 -0.13118 -0.001248 0.010088 -0.072601 0.470648 -0.234809 1
0.034676 -0.300395 0.097184 0.148951 0.087833 -0.13118 -0.001248 0.010088 -0.072601 0.470648 1
0.024189 0.034676 -0.300395 0.097184 0.148951 0.087833 -0.13118 -0.001248 0.010088 -0.072601 1
0.023339 0.024189 0.034676 -0.300395 0.097184 0.148951 0.087833 -0.13118 -0.001248 0.010088 -1
-0.098548 0.023339 0.024189 0.034676 -0.300395 0.097184 0.148951 0.087833 -0.13118 -0.001248 -1
-0.156039 -0.098548 0.023339 0.024189 0.034676 -0.300395 0.097184 0.148951 0.087833 -0.13118 1
0.092329 -0.156039 -0.098548 0.023339 0.024189 0.034676 -0.300395 0.097184 0.148951 0.087833 1
0.012897 0.092329 -0.156039 -0.098548 0.023339 0.024189 0.034676 -0.300395 0.097184 0.148951 -1
-0.189558 0.012897 0.092329 -0.156039 -0.098548 0.023339 0.024189 0.034676 -0.300395 0.097184 1
0.048897 -0.189558 0.012897 0.092329 -0.156039 -0.098548 0.023339 0.024189 0.034676 -0.300395 -1
-0.036261 0.048897 -0.189558 0.012897 0.092329 -0.156039 -0.098548 0.023339 0.024189 0.034676 1
0.0993 -0.036261 0.048897 -0.189558 0.012897 0.092329 -0.156039 -0.098548 0.023339 0.024189 1
0.103284 0.0993 -0.036261 0.048897 -0.189558 0.012897 0.092329 -0.156039 -0.098548 0.023339 1
0.144553 0.103284 0.0993 -0.036261 0.048897 -0.189558 0.012897 0.092329 -0.156039 -0.098548 1
0.031277 0.144553 0.103284 0.0993 -0.036261 0.048897 -0.189558 0.012897 0.092329 -0.156039 -1
-0.013341 0.031277 0.144553 0.103284 0.0993 -0.036261 0.048897 -0.189558 0.012897 0.092329 1
0.043759 -0.013341 0.031277 0.144553 0.103284 0.0993 -0.036261 0.048897 -0.189558 0.012897 1
0.060675 0.043759 -0.013341 0.031277 0.144553 0.103284 0.0993 -0.036261 0.048897 -0.189558 1
0.041217 0.060675 0.043759 -0.013341 0.031277 0.144553 0.103284 0.0993 -0.036261 0.048897 -1
-0.058291 0.041217 0.060675 0.043759 -0.013341 0.031277 0.144553 0.103284 0.0993 -0.036261 -1
-0.133331 -0.058291 0.041217 0.060675 0.043759 -0.013341 0.031277 0.144553 0.103284 0.0993 -1
-0.075045 -0.133331 -0.058291 0.041217 0.060675 0.043759 -0.013341 0.031277 0.144553 0.103284 1
0.085018 -0.075045 -0.133331 -0.058291 0.041217 0.060675 0.043759 -0.013341 0.031277 0.144553 -1
-0.00732799999999999 0.085018 -0.075045 -0.133331 -0.058291 0.041217 0.060675 0.043759 -0.013341 0.031277 -1
-0.027306 -0.00732799999999999 0.085018 -0.075045 -0.133331 -0.058291 0.041217 0.060675 0.043759 -0.013341 -1
-0.011255 -0.027306 -0.00732799999999999 0.085018 -0.075045 -0.133331 -0.058291 0.041217 0.060675 0.043759 -1
-0.058246 -0.011255 -0.027306 -0.00732799999999999 0.085018 -0.075045 -0.133331 -0.058291 0.041217 0.060675 1
0.204712 -0.058246 -0.011255 -0.027306 -0.00732799999999999 0.085018 -0.075045 -0.133331 -0.058291 0.041217 1
0.00958100000000001 0.204712 -0.058246 -0.011255 -0.027306 -0.00732799999999999 0.085018 -0.075045 -0.133331 -0.058291 -1
-0.00120000000000001 0.00958100000000001 0.204712 -0.058246 -0.011255 -0.027306 -0.00732799999999999 0.085018 -0.075045 -0.133331 -1
-0.059378 -0.00120000000000001 0.00958100000000001 0.204712 -0.058246 -0.011255 -0.027306 -0.00732799999999999 0.085018 -0.075045 1
0.098981 -0.059378 -0.00120000000000001 0.00958100000000001 0.204712 -0.058246 -0.011255 -0.027306 -0.00732799999999999 0.085018 -1
-0.149997 0.098981 -0.059378 -0.00120000000000001 0.00958100000000001 0.204712 -0.058246 -0.011255 -0.027306 -0.00732799999999999 1
0.049491 -0.149997 0.098981 -0.059378 -0.00120000000000001 0.00958100000000001 0.204712 -0.058246 -0.011255 -0.027306 1
0.061277 0.049491 -0.149997 0.098981 -0.059378 -0.00120000000000001 0.00958100000000001 0.204712 -0.058246 -0.011255 1
0.2371 0.061277 0.049491 -0.149997 0.098981 -0.059378 -0.00120000000000001 0.00958100000000001 0.204712 -0.058246 -1
-0.24013 0.2371 0.061277 0.049491 -0.149997 0.098981 -0.059378 -0.00120000000000001 0.00958100000000001 0.204712 1
0.024665 -0.24013 0.2371 0.061277 0.049491 -0.149997 0.098981 -0.059378 -0.00120000000000001 0.00958100000000001 -1
-0.014574 0.024665 -0.24013 0.2371 0.061277 0.049491 -0.149997 0.098981 -0.059378 -0.00120000000000001 1
0.023251 -0.014574 0.024665 -0.24013 0.2371 0.061277 0.049491 -0.149997 0.098981 -0.059378 1
0.01925 0.023251 -0.014574 0.024665 -0.24013 0.2371 0.061277 0.049491 -0.149997 0.098981 -1
-0.065136 0.01925 0.023251 -0.014574 0.024665 -0.24013 0.2371 0.061277 0.049491 -0.149997 1
0.013051 -0.065136 0.01925 0.023251 -0.014574 0.024665 -0.24013 0.2371 0.061277 0.049491 -1
-0.124936 0.013051 -0.065136 0.01925 0.023251 -0.014574 0.024665 -0.24013 0.2371 0.061277 -1
-0.063652 -0.124936 0.013051 -0.065136 0.01925 0.023251 -0.014574 0.024665 -0.24013 0.2371 1
0.06804 -0.063652 -0.124936 0.013051 -0.065136 0.01925 0.023251 -0.014574 0.024665 -0.24013 1
0.013354 0.06804 -0.063652 -0.124936 0.013051 -0.065136 0.01925 0.023251 -0.014574 0.024665 -1
-0.034884 0.013354 0.06804 -0.063652 -0.124936 0.013051 -0.065136 0.01925 0.023251 -0.014574 1
0.078672 -0.034884 0.013354 0.06804 -0.063652 -0.124936 0.013051 -0.065136 0.01925 0.023251 -1
-0.011633 0.078672 -0.034884 0.013354 0.06804 -0.063652 -0.124936 0.013051 -0.065136 0.01925 -1
-0.113457 -0.011633 0.078672 -0.034884 0.013354 0.06804 -0.063652 -0.124936 0.013051 -0.065136 1
0.003954 -0.113457 -0.011633 0.078672 -0.034884 0.013354 0.06804 -0.063652 -0.124936 0.013051 -1
-0.077158 0.003954 -0.113457 -0.011633 0.078672 -0.034884 0.013354 0.06804 -0.063652 -0.124936 -1
-0.114641 -0.077158 0.003954 -0.113457 -0.011633 0.078672 -0.034884 0.013354 0.06804 -0.063652 1
0.023208 -0.114641 -0.077158 0.003954 -0.113457 -0.011633 0.078672 -0.034884 0.013354 0.06804 1
0.100955 0.023208 -0.114641 -0.077158 0.003954 -0.113457 -0.011633 0.078672 -0.034884 0.013354 1
0.019714 0.100955 0.023208 -0.114641 -0.077158 0.003954 -0.113457 -0.011633 0.078672 -0.034884 1
0.068787 0.019714 0.100955 0.023208 -0.114641 -0.077158 0.003954 -0.113457 -0.011633 0.078672 1
0.040039 0.068787 0.019714 0.100955 0.023208 -0.114641 -0.077158 0.003954 -0.113457 -0.011633 1
0.017387 0.040039 0.068787 0.019714 0.100955 0.023208 -0.114641 -0.077158 0.003954 -0.113457 1
0.020727 0.017387 0.040039 0.068787 0.019714 0.100955 0.023208 -0.114641 -0.077158 0.003954 -1
-0.072116 0.020727 0.017387 0.040039 0.068787 0.019714 0.100955 0.023208 -0.114641 -0.077158 1
0.133818 -0.072116 0.020727 0.017387 0.040039 0.068787 0.019714 0.100955 0.023208 -0.114641 -1
-0.070115 0.133818 -0.072116 0.020727 0.017387 0.040039 0.068787 0.019714 0.100955 0.023208 1
0.054204 -0.070115 0.133818 -0.072116 0.020727 0.017387 0.040039 0.068787 0.019714 0.100955 -1
-0.024505 0.054204 -0.070115 0.133818 -0.072116 0.020727 0.017387 0.040039 0.068787 0.019714 -1
-0.147826 -0.024505 0.054204 -0.070115 0.133818 -0.072116 0.020727 0.017387 0.040039 0.068787 1
0.180646 -0.147826 -0.024505 0.054204 -0.070115 0.133818 -0.072116 0.020727 0.017387 0.040039 1
0.155782 0.180646 -0.147826 -0.024505 0.054204 -0.070115 0.133818 -0.072116 0.020727 0.017387 1
0.083498 0.155782 0.180646 -0.147826 -0.024505 0.054204 -0.070115 0.133818 -0.072116 0.020727 -1
-0.217019 0.083498 0.155782 0.180646 -0.147826 -0.024505 0.054204 -0.070115 0.133818 -0.072116 -1
-0.038337 -0.217019 0.083498 0.155782 0.180646 -0.147826 -0.024505 0.054204 -0.070115 0.133818 -1
-0.127778 -0.038337 -0.217019 0.083498 0.155782 0.180646 -0.147826 -0.024505 0.054204 -0.070115 -1
-0.08287 -0.127778 -0.038337 -0.217019 0.083498 0.155782 0.180646 -0.147826 -0.024505 0.054204 1
0.125382 -0.08287 -0.127778 -0.038337 -0.217019 0.083498 0.155782 0.180646 -0.147826 -0.024505 -1
-0.02167 0.125382 -0.08287 -0.127778 -0.038337 -0.217019 0.083498 0.155782 0.180646 -0.147826 1
0.002125 -0.02167 0.125382 -0.08287 -0.127778 -0.038337 -0.217019 0.083498 0.155782 0.180646 1
0.085329 0.002125 -0.02167 0.125382 -0.08287 -0.127778 -0.038337 -0.217019 0.083498 0.155782 1
0.04651 0.085329 0.002125 -0.02167 0.125382 -0.08287 -0.127778 -0.038337 -0.217019 0.083498 -1
-0.00295999999999999 0.04651 0.085329 0.002125 -0.02167 0.125382 -0.08287 -0.127778 -0.038337 -0.217019 1
0.02435 -0.00295999999999999 0.04651 0.085329 0.002125 -0.02167 0.125382 -0.08287 -0.127778 -0.038337 1
0.082499 0.02435 -0.00295999999999999 0.04651 0.085329 0.002125 -0.02167 0.125382 -0.08287 -0.127778 -1
-0.022804 0.082499 0.02435 -0.00295999999999999 0.04651 0.085329 0.002125 -0.02167 0.125382 -0.08287 -1
-0.086648 -0.022804 0.082499 0.02435 -0.00295999999999999 0.04651 0.085329 0.002125 -0.02167 0.125382 -1
-0.1282 -0.086648 -0.022804 0.082499 0.02435 -0.00295999999999999 0.04651 0.085329 0.002125 -0.02167 1
0.14323 -0.1282 -0.086648 -0.022804 0.082499 0.02435 -0.00295999999999999 0.04651 0.085329 0.002125 1
0.050719 0.14323 -0.1282 -0.086648 -0.022804 0.082499 0.02435 -0.00295999999999999 0.04651 0.085329 1
5.99999999997824e-06 0.050719 0.14323 -0.1282 -0.086648 -0.022804 0.082499 0.02435 -0.00295999999999999 0.04651 1
0.064237 5.99999999997824e-06 0.050719 0.14323 -0.1282 -0.086648 -0.022804 0.082499 0.02435 -0.00295999999999999 1
0.048729 0.064237 5.99999999997824e-06 0.050719 0.14323 -0.1282 -0.086648 -0.022804 0.082499 0.02435 -1
-0.166323 0.048729 0.064237 5.99999999997824e-06 0.050719 0.14323 -0.1282 -0.086648 -0.022804 0.082499 1
0.136979 -0.166323 0.048729 0.064237 5.99999999997824e-06 0.050719 0.14323 -0.1282 -0.086648 -0.022804 1
0.000556000000000001 0.136979 -0.166323 0.048729 0.064237 5.99999999997824e-06 0.050719 0.14323 -0.1282 -0.086648 1
0.014844 0.000556000000000001 0.136979 -0.166323 0.048729 0.064237 5.99999999997824e-06 0.050719 0.14323 -0.1282 -1
-0.062254 0.014844 0.000556000000000001 0.136979 -0.166323 0.048729 0.064237 5.99999999997824e-06 0.050719 0.14323 -1
-0.120499 -0.062254 0.014844 0.000556000000000001 0.136979 -0.166323 0.048729 0.064237 5.99999999997824e-06 0.050719 -1
-0.08913 -0.120499 -0.062254 0.014844 0.000556000000000001 0.136979 -0.166323 0.048729 0.064237 5.99999999997824e-06 1
0.378525 -0.08913 -0.120499 -0.062254 0.014844 0.000556000000000001 0.136979 -0.166323 0.048729 0.064237 1
0.055194 0.378525 -0.08913 -0.120499 -0.062254 0.014844 0.000556000000000001 0.136979 -0.166323 0.048729 1
0.012843 0.055194 0.378525 -0.08913 -0.120499 -0.062254 0.014844 0.000556000000000001 0.136979 -0.166323 -1
-0.057998 0.012843 0.055194 0.378525 -0.08913 -0.120499 -0.062254 0.014844 0.000556000000000001 0.136979 -1
-0.021315 -0.057998 0.012843 0.055194 0.378525 -0.08913 -0.120499 -0.062254 0.014844 0.000556000000000001 -1
-0.118973 -0.021315 -0.057998 0.012843 0.055194 0.378525 -0.08913 -0.120499 -0.062254 0.014844 1
0.067231 -0.118973 -0.021315 -0.057998 0.012843 0.055194 0.378525 -0.08913 -0.120499 -0.062254 -1
-0.097439 0.067231 -0.118973 -0.021315 -0.057998 0.012843 0.055194 0.378525 -0.08913 -0.120499 -1
-0.103292 -0.097439 0.067231 -0.118973 -0.021315 -0.057998 0.012843 0.055194 0.378525 -0.08913 -1
-0.135318 -0.103292 -0.097439 0.067231 -0.118973 -0.021315 -0.057998 0.012843 0.055194 0.378525 1
0.048899 -0.135318 -0.103292 -0.097439 0.067231 -0.118973 -0.021315 -0.057998 0.012843 0.055194 -1
-0.007914 0.048899 -0.135318 -0.103292 -0.097439 0.067231 -0.118973 -0.021315 -0.057998 0.012843 -1
-0.073953 -0.007914 0.048899 -0.135318 -0.103292 -0.097439 0.067231 -0.118973 -0.021315 -0.057998 1
0.001474 -0.073953 -0.007914 0.048899 -0.135318 -0.103292 -0.097439 0.067231 -0.118973 -0.021315 1
0.073306 0.001474 -0.073953 -0.007914 0.048899 -0.135318 -0.103292 -0.097439 0.067231 -0.118973 1
0.142271 0.073306 0.001474 -0.073953 -0.007914 0.048899 -0.135318 -0.103292 -0.097439 0.067231 1
0.07855 0.142271 0.073306 0.001474 -0.073953 -0.007914 0.048899 -0.135318 -0.103292 -0.097439 -1
-0.049347 0.07855 0.142271 0.073306 0.001474 -0.073953 -0.007914 0.048899 -0.135318 -0.103292 -1
-0.030715 -0.049347 0.07855 0.142271 0.073306 0.001474 -0.073953 -0.007914 0.048899 -0.135318 1
0.037239 -0.030715 -0.049347 0.07855 0.142271 0.073306 0.001474 -0.073953 -0.007914 0.048899 1
0.10543 0.037239 -0.030715 -0.049347 0.07855 0.142271 0.073306 0.001474 -0.073953 -0.007914 1
0.055297 0.10543 0.037239 -0.030715 -0.049347 0.07855 0.142271 0.073306 0.001474 -0.073953 -1
-0.157879 0.055297 0.10543 0.037239 -0.030715 -0.049347 0.07855 0.142271 0.073306 0.001474 1
0.011708 -0.157879 0.055297 0.10543 0.037239 -0.030715 -0.049347 0.07855 0.142271 0.073306 -1
-0.073732 0.011708 -0.157879 0.055297 0.10543 0.037239 -0.030715 -0.049347 0.07855 0.142271 1
0.083234 -0.073732 0.011708 -0.157879 0.055297 0.10543 0.037239 -0.030715 -0.049347 0.07855 -1
-0.216124 0.083234 -0.073732 0.011708 -0.157879 0.055297 0.10543 0.037239 -0.030715 -0.049347 1
0.060633 -0.216124 0.083234 -0.073732 0.011708 -0.157879 0.055297 0.10543 0.037239 -0.030715 1
0.096076 0.060633 -0.216124 0.083234 -0.073732 0.011708 -0.157879 0.055297 0.10543 0.037239 1
0.030487 0.096076 0.060633 -0.216124 0.083234 -0.073732 0.011708 -0.157879 0.055297 0.10543 1
0.130866 0.030487 0.096076 0.060633 -0.216124 0.083234 -0.073732 0.011708 -0.157879 0.055297 1
0.035707 0.130866 0.030487 0.096076 0.060633 -0.216124 0.083234 -0.073732 0.011708 -0.157879 -1
-0.173145 0.035707 0.130866 0.030487 0.096076 0.060633 -0.216124 0.083234 -0.073732 0.011708 -1
-0.056261 -0.173145 0.035707 0.130866 0.030487 0.096076 0.060633 -0.216124 0.083234 -0.073732 1
0.076231 -0.056261 -0.173145 0.035707 0.130866 0.030487 0.096076 0.060633 -0.216124 0.083234 1
0.052549 0.076231 -0.056261 -0.173145 0.035707 0.130866 0.030487 0.096076 0.060633 -0.216124 1
0.054233 0.052549 0.076231 -0.056261 -0.173145 0.035707 0.130866 0.030487 0.096076 0.060633 -1
-0.349621 0.054233 0.052549 0.076231 -0.056261 -0.173145 0.035707 0.130866 0.030487 0.096076 1
0.033865 -0.349621 0.054233 0.052549 0.076231 -0.056261 -0.173145 0.035707 0.130866 0.030487 1
0.00059 0.033865 -0.349621 0.054233 0.052549 0.076231 -0.056261 -0.173145 0.035707 0.130866 -1
-0.065986 0.00059 0.033865 -0.349621 0.054233 0.052549 0.076231 -0.056261 -0.173145 0.035707 1
0.021021 -0.065986 0.00059 0.033865 -0.349621 0.054233 0.052549 0.076231 -0.056261 -0.173145 1
0.211825 0.021021 -0.065986 0.00059 0.033865 -0.349621 0.054233 0.052549 0.076231 -0.056261 -1
-0.064598 0.211825 0.021021 -0.065986 0.00059 0.033865 -0.349621 0.054233 0.052549 0.076231 -1
-0.112093 -0.064598 0.211825 0.021021 -0.065986 0.00059 0.033865 -0.349621 0.054233 0.052549 1
0.063265 -0.112093 -0.064598 0.211825 0.021021 -0.065986 0.00059 0.033865 -0.349621 0.054233 1
0.064155 0.063265 -0.112093 -0.064598 0.211825 0.021021 -0.065986 0.00059 0.033865 -0.349621 -1
-0.064657 0.064155 0.063265 -0.112093 -0.064598 0.211825 0.021021 -0.065986 0.00059 0.033865 1
0.019493 -0.064657 0.064155 0.063265 -0.112093 -0.064598 0.211825 0.021021 -0.065986 0.00059 -1
-0.041235 0.019493 -0.064657 0.064155 0.063265 -0.112093 -0.064598 0.211825 0.021021 -0.065986 1
0.016856 -0.041235 0.019493 -0.064657 0.064155 0.063265 -0.112093 -0.064598 0.211825 0.021021 1
0.050322 0.016856 -0.041235 0.019493 -0.064657 0.064155 0.063265 -0.112093 -0.064598 0.211825 1
0.191158 0.050322 0.016856 -0.041235 0.019493 -0.064657 0.064155 0.063265 -0.112093 -0.064598 -1
-0.021689 0.191158 0.050322 0.016856 -0.041235 0.019493 -0.064657 0.064155 0.063265 -0.112093 1
0.021818 -0.021689 0.191158 0.050322 0.016856 -0.041235 0.019493 -0.064657 0.064155 0.063265 1
0.037282 0.021818 -0.021689 0.191158 0.050322 0.016856 -0.041235 0.019493 -0.064657 0.064155 -1
-0.018696 0.037282 0.021818 -0.021689 0.191158 0.050322 0.016856 -0.041235 0.019493 -0.064657 -1
-0.032035 -0.018696 0.037282 0.021818 -0.021689 0.191158 0.050322 0.016856 -0.041235 0.019493 -1
-0.00966400000000001 -0.032035 -0.018696 0.037282 0.021818 -0.021689 0.191158 0.050322 0.016856 -0.041235 1
0.12013 -0.00966400000000001 -0.032035 -0.018696 0.037282 0.021818 -0.021689 0.191158 0.050322 0.016856 1
0.006747 0.12013 -0.00966400000000001 -0.032035 -0.018696 0.037282 0.021818 -0.021689 0.191158 0.050322 1
0.042256 0.006747 0.12013 -0.00966400000000001 -0.032035 -0.018696 0.037282 0.021818 -0.021689 0.191158 -1
-0.080666 0.042256 0.006747 0.12013 -0.00966400000000001 -0.032035 -0.018696 0.037282 0.021818 -0.021689 -1
-0.010442 -0.080666 0.042256 0.006747 0.12013 -0.00966400000000001 -0.032035 -0.018696 0.037282 0.021818 -1
-0.05356 -0.010442 -0.080666 0.042256 0.006747 0.12013 -0.00966400000000001 -0.032035 -0.018696 0.037282 -1
-0.148158 -0.05356 -0.010442 -0.080666 0.042256 0.006747 0.12013 -0.00966400000000001 -0.032035 -0.018696 -1
-0.225761 -0.148158 -0.05356 -0.010442 -0.080666 0.042256 0.006747 0.12013 -0.00966400000000001 -0.032035 1
0.215831 -0.225761 -0.148158 -0.05356 -0.010442 -0.080666 0.042256 0.006747 0.12013 -0.00966400000000001 -1
-0.099059 0.215831 -0.225761 -0.148158 -0.05356 -0.010442 -0.080666 0.042256 0.006747 0.12013 1
0.120995 -0.099059 0.215831 -0.225761 -0.148158 -0.05356 -0.010442 -0.080666 0.042256 0.006747 1
0.039033 0.120995 -0.099059 0.215831 -0.225761 -0.148158 -0.05356 -0.010442 -0.080666 0.042256 -1
-0.093662 0.039033 0.120995 -0.099059 0.215831 -0.225761 -0.148158 -0.05356 -0.010442 -0.080666 -1
-0.023931 -0.093662 0.039033 0.120995 -0.099059 0.215831 -0.225761 -0.148158 -0.05356 -0.010442 1
0.028521 -0.023931 -0.093662 0.039033 0.120995 -0.099059 0.215831 -0.225761 -0.148158 -0.05356 -1
-0.073589 0.028521 -0.023931 -0.093662 0.039033 0.120995 -0.099059 0.215831 -0.225761 -0.148158 1
0.025808 -0.073589 0.028521 -0.023931 -0.093662 0.039033 0.120995 -0.099059 0.215831 -0.225761 1
0.208116 0.025808 -0.073589 0.028521 -0.023931 -0.093662 0.039033 0.120995 -0.099059 0.215831 -1
-0.095787 0.208116 0.025808 -0.073589 0.028521 -0.023931 -0.093662 0.039033 0.120995 -0.099059 1
0.047407 -0.095787 0.208116 0.025808 -0.073589 0.028521 -0.023931 -0.093662 0.039033 0.120995 1
0.101014 0.047407 -0.095787 0.208116 0.025808 -0.073589 0.028521 -0.023931 -0.093662 0.039033 1
0.116799 0.101014 0.047407 -0.095787 0.208116 0.025808 -0.073589 0.028521 -0.023931 -0.093662 -1
-0.029686 0.116799 0.101014 0.047407 -0.095787 0.208116 0.025808 -0.073589 0.028521 -0.023931 -1
-0.018261 -0.029686 0.116799 0.101014 0.047407 -0.095787 0.208116 0.025808 -0.073589 0.028521 1
0.033151 -0.018261 -0.029686 0.116799 0.101014 0.047407 -0.095787 0.208116 0.025808 -0.073589 -1
-0.045557 0.033151 -0.018261 -0.029686 0.116799 0.101014 0.047407 -0.095787 0.208116 0.025808 1
0.053396 -0.045557 0.033151 -0.018261 -0.029686 0.116799 0.101014 0.047407 -0.095787 0.208116 -1
-0.037287 0.053396 -0.045557 0.033151 -0.018261 -0.029686 0.116799 0.101014 0.047407 -0.095787 1
0.00917799999999996 -0.037287 0.053396 -0.045557 0.033151 -0.018261 -0.029686 0.116799 0.101014 0.047407 1
0.136324 0.00917799999999996 -0.037287 0.053396 -0.045557 0.033151 -0.018261 -0.029686 0.116799 0.101014 1
0.106118 0.136324 0.00917799999999996 -0.037287 0.053396 -0.045557 0.033151 -0.018261 -0.029686 0.116799 1
0.060597 0.106118 0.136324 0.00917799999999996 -0.037287 0.053396 -0.045557 0.033151 -0.018261 -0.029686 1
0.034706 0.060597 0.106118 0.136324 0.00917799999999996 -0.037287 0.053396 -0.045557 0.033151 -0.018261 1
0.126379 0.034706 0.060597 0.106118 0.136324 0.00917799999999996 -0.037287 0.053396 -0.045557 0.033151 -1
-0.118104 0.126379 0.034706 0.060597 0.106118 0.136324 0.00917799999999996 -0.037287 0.053396 -0.045557 -1
-0.066899 -0.118104 0.126379 0.034706 0.060597 0.106118 0.136324 0.00917799999999996 -0.037287 0.053396 -1
-0.057646 -0.066899 -0.118104 0.126379 0.034706 0.060597 0.106118 0.136324 0.00917799999999996 -0.037287 1
0.067095 -0.057646 -0.066899 -0.118104 0.126379 0.034706 0.060597 0.106118 0.136324 0.00917799999999996 1
0.0175999999999999 0.067095 -0.057646 -0.066899 -0.118104 0.126379 0.034706 0.060597 0.106118 0.136324 -1
-0.14916 0.0175999999999999 0.067095 -0.057646 -0.066899 -0.118104 0.126379 0.034706 0.060597 0.106118 -1
-0.036743 -0.14916 0.0175999999999999 0.067095 -0.057646 -0.066899 -0.118104 0.126379 0.034706 0.060597 -1
-0.030119 -0.036743 -0.14916 0.0175999999999999 0.067095 -0.057646 -0.066899 -0.118104 0.126379 0.034706 -1
-0.00785200000000008 -0.030119 -0.036743 -0.14916 0.0175999999999999 0.067095 -0.057646 -0.066899 -0.118104 0.126379 1
0.074064 -0.00785200000000008 -0.030119 -0.036743 -0.14916 0.0175999999999999 0.067095 -0.057646 -0.066899 -0.118104 -1
-0.175383 0.074064 -0.00785200000000008 -0.030119 -0.036743 -0.14916 0.0175999999999999 0.067095 -0.057646 -0.066899 1
0.213787 -0.175383 0.074064 -0.00785200000000008 -0.030119 -0.036743 -0.14916 0.0175999999999999 0.067095 -0.057646 -1
-0.086863 0.213787 -0.175383 0.074064 -0.00785200000000008 -0.030119 -0.036743 -0.14916 0.0175999999999999 0.067095 -1
-0.0899039999999999 -0.086863 0.213787 -0.175383 0.074064 -0.00785200000000008 -0.030119 -0.036743 -0.14916 0.0175999999999999 1
0.00877599999999995 -0.0899039999999999 -0.086863 0.213787 -0.175383 0.074064 -0.00785200000000008 -0.030119 -0.036743 -0.14916 -1
-0.020452 0.00877599999999995 -0.0899039999999999 -0.086863 0.213787 -0.175383 0.074064 -0.00785200000000008 -0.030119 -0.036743 -1
-0.00722899999999999 -0.020452 0.00877599999999995 -0.0899039999999999 -0.086863 0.213787 -0.175383 0.074064 -0.00785200000000008 -0.030119 1
0.070014 -0.00722899999999999 -0.020452 0.00877599999999995 -0.0899039999999999 -0.086863 0.213787 -0.175383 0.074064 -0.00785200000000008 1
0.0179539999999999 0.070014 -0.00722899999999999 -0.020452 0.00877599999999995 -0.0899039999999999 -0.086863 0.213787 -0.175383 0.074064 1
0.000701000000000063 0.0179539999999999 0.070014 -0.00722899999999999 -0.020452 0.00877599999999995 -0.0899039999999999 -0.086863 0.213787 -0.175383 -1
-0.024582 0.000701000000000063 0.0179539999999999 0.070014 -0.00722899999999999 -0.020452 0.00877599999999995 -0.0899039999999999 -0.086863 0.213787 1
0.042018 -0.024582 0.000701000000000063 0.0179539999999999 0.070014 -0.00722899999999999 -0.020452 0.00877599999999995 -0.0899039999999999 -0.086863 1
0.171491 0.042018 -0.024582 0.000701000000000063 0.0179539999999999 0.070014 -0.00722899999999999 -0.020452 0.00877599999999995 -0.0899039999999999 1
0.0594640000000001 0.171491 0.042018 -0.024582 0.000701000000000063 0.0179539999999999 0.070014 -0.00722899999999999 -0.020452 0.00877599999999995 1
0.0532419999999999 0.0594640000000001 0.171491 0.042018 -0.024582 0.000701000000000063 0.0179539999999999 0.070014 -0.00722899999999999 -0.020452 -1
-0.00876699999999997 0.0532419999999999 0.0594640000000001 0.171491 0.042018 -0.024582 0.000701000000000063 0.0179539999999999 0.070014 -0.00722899999999999 -1
-0.040183 -0.00876699999999997 0.0532419999999999 0.0594640000000001 0.171491 0.042018 -0.024582 0.000701000000000063 0.0179539999999999 0.070014 1
0.030444 -0.040183 -0.00876699999999997 0.0532419999999999 0.0594640000000001 0.171491 0.042018 -0.024582 0.000701000000000063 0.0179539999999999 1
0.152685 0.030444 -0.040183 -0.00876699999999997 0.0532419999999999 0.0594640000000001 0.171491 0.042018 -0.024582 0.000701000000000063 -1
-0.036863 0.152685 0.030444 -0.040183 -0.00876699999999997 0.0532419999999999 0.0594640000000001 0.171491 0.042018 -0.024582 -1
-0.090692 -0.036863 0.152685 0.030444 -0.040183 -0.00876699999999997 0.0532419999999999 0.0594640000000001 0.171491 0.042018 -1
-0.083098 -0.090692 -0.036863 0.152685 0.030444 -0.040183 -0.00876699999999997 0.0532419999999999 0.0594640000000001 0.171491 1
0.0335799999999999 -0.083098 -0.090692 -0.036863 0.152685 0.030444 -0.040183 -0.00876699999999997 0.0532419999999999 0.0594640000000001 -1
-0.159949 0.0335799999999999 -0.083098 -0.090692 -0.036863 0.152685 0.030444 -0.040183 -0.00876699999999997 0.0532419999999999 -1
-0.173844 -0.159949 0.0335799999999999 -0.083098 -0.090692 -0.036863 0.152685 0.030444 -0.040183 -0.00876699999999997 1
0.028143 -0.173844 -0.159949 0.0335799999999999 -0.083098 -0.090692 -0.036863 0.152685 0.030444 -0.040183 -1
-0.0447 0.028143 -0.173844 -0.159949 0.0335799999999999 -0.083098 -0.090692 -0.036863 0.152685 0.030444 1
0.0713009999999999 -0.0447 0.028143 -0.173844 -0.159949 0.0335799999999999 -0.083098 -0.090692 -0.036863 0.152685 1
0.216511 0.0713009999999999 -0.0447 0.028143 -0.173844 -0.159949 0.0335799999999999 -0.083098 -0.090692 -0.036863 -1
-0.00494399999999995 0.216511 0.0713009999999999 -0.0447 0.028143 -0.173844 -0.159949 0.0335799999999999 -0.083098 -0.090692 1
0.021284 -0.00494399999999995 0.216511 0.0713009999999999 -0.0447 0.028143 -0.173844 -0.159949 0.0335799999999999 -0.083098 -1
-0.020054 0.021284 -0.00494399999999995 0.216511 0.0713009999999999 -0.0447 0.028143 -0.173844 -0.159949 0.0335799999999999 -1
-0.0365139999999999 -0.020054 0.021284 -0.00494399999999995 0.216511 0.0713009999999999 -0.0447 0.028143 -0.173844 -0.159949 1
0.037443 -0.0365139999999999 -0.020054 0.021284 -0.00494399999999995 0.216511 0.0713009999999999 -0.0447 0.028143 -0.173844 1
0.129026 0.037443 -0.0365139999999999 -0.020054 0.021284 -0.00494399999999995 0.216511 0.0713009999999999 -0.0447 0.028143 -1
-0.0965 0.129026 0.037443 -0.0365139999999999 -0.020054 0.021284 -0.00494399999999995 0.216511 0.0713009999999999 -0.0447 -1
-0.0254759999999999 -0.0965 0.129026 0.037443 -0.0365139999999999 -0.020054 0.021284 -0.00494399999999995 0.216511 0.0713009999999999 1
0.012709 -0.0254759999999999 -0.0965 0.129026 0.037443 -0.0365139999999999 -0.020054 0.021284 -0.00494399999999995 0.216511 1
0.038582 0.012709 -0.0254759999999999 -0.0965 0.129026 0.037443 -0.0365139999999999 -0.020054 0.021284 -0.00494399999999995 1
0.023959 0.038582 0.012709 -0.0254759999999999 -0.0965 0.129026 0.037443 -0.0365139999999999 -0.020054 0.021284 1
0.036984 0.023959 0.038582 0.012709 -0.0254759999999999 -0.0965 0.129026 0.037443 -0.0365139999999999 -0.020054 1
0.036229 0.036984 0.023959 0.038582 0.012709 -0.0254759999999999 -0.0965 0.129026 0.037443 -0.0365139999999999 1
0.040327 0.036229 0.036984 0.023959 0.038582 0.012709 -0.0254759999999999 -0.0965 0.129026 0.037443 1
0.081772 0.040327 0.036229 0.036984 0.023959 0.038582 0.012709 -0.0254759999999999 -0.0965 0.129026 -1
-0.202984 0.081772 0.040327 0.036229 0.036984 0.023959 0.038582 0.012709 -0.0254759999999999 -0.0965 -1
-0.00128899999999998 -0.202984 0.081772 0.040327 0.036229 0.036984 0.023959 0.038582 0.012709 -0.0254759999999999 -1
-0.015212 -0.00128899999999998 -0.202984 0.081772 0.040327 0.036229 0.036984 0.023959 0.038582 0.012709 -1
-0.0549419999999999 -0.015212 -0.00128899999999998 -0.202984 0.081772 0.040327 0.036229 0.036984 0.023959 0.038582 -1
-0.034532 -0.0549419999999999 -0.015212 -0.00128899999999998 -0.202984 0.081772 0.040327 0.036229 0.036984 0.023959 1
0.074329 -0.034532 -0.0549419999999999 -0.015212 -0.00128899999999998 -0.202984 0.081772 0.040327 0.036229 0.036984 1
0.00722299999999998 0.074329 -0.034532 -0.0549419999999999 -0.015212 -0.00128899999999998 -0.202984 0.081772 0.040327 0.036229 1
0.073265 0.00722299999999998 0.074329 -0.034532 -0.0549419999999999 -0.015212 -0.00128899999999998 -0.202984 0.081772 0.040327 1
0.010033 0.073265 0.00722299999999998 0.074329 -0.034532 -0.0549419999999999 -0.015212 -0.00128899999999998 -0.202984 0.081772 1
0.011265 0.010033 0.073265 0.00722299999999998 0.074329 -0.034532 -0.0549419999999999 -0.015212 -0.00128899999999998 -0.202984 -1
-0.0368769999999999 0.011265 0.010033 0.073265 0.00722299999999998 0.074329 -0.034532 -0.0549419999999999 -0.015212 -0.00128899999999998 -1
-0.033668 -0.0368769999999999 0.011265 0.010033 0.073265 0.00722299999999998 0.074329 -0.034532 -0.0549419999999999 -0.015212 1
0.0951310000000001 -0.033668 -0.0368769999999999 0.011265 0.010033 0.073265 0.00722299999999998 0.074329 -0.034532 -0.0549419999999999 1
0.00928699999999993 0.0951310000000001 -0.033668 -0.0368769999999999 0.011265 0.010033 0.073265 0.00722299999999998 0.074329 -0.034532 -1
-0.151739 0.00928699999999993 0.0951310000000001 -0.033668 -0.0368769999999999 0.011265 0.010033 0.073265 0.00722299999999998 0.074329 -1
-0.130824 -0.151739 0.00928699999999993 0.0951310000000001 -0.033668 -0.0368769999999999 0.011265 0.010033 0.073265 0.00722299999999998 1
0.014462 -0.130824 -0.151739 0.00928699999999993 0.0951310000000001 -0.033668 -0.0368769999999999 0.011265 0.010033 0.073265 -1
-0.0132 0.014462 -0.130824 -0.151739 0.00928699999999993 0.0951310000000001 -0.033668 -0.0368769999999999 0.011265 0.010033 -1
-0.197991 -0.0132 0.014462 -0.130824 -0.151739 0.00928699999999993 0.0951310000000001 -0.033668 -0.0368769999999999 0.011265 1
0.084908 -0.197991 -0.0132 0.014462 -0.130824 -0.151739 0.00928699999999993 0.0951310000000001 -0.033668 -0.0368769999999999 -1
-0.054597 0.084908 -0.197991 -0.0132 0.014462 -0.130824 -0.151739 0.00928699999999993 0.0951310000000001 -0.033668 1
0.0168489999999999 -0.054597 0.084908 -0.197991 -0.0132 0.014462 -0.130824 -0.151739 0.00928699999999993 0.0951310000000001 -1
-0.0478189999999999 0.0168489999999999 -0.054597 0.084908 -0.197991 -0.0132 0.014462 -0.130824 -0.151739 0.00928699999999993 1
0.0421859999999999 -0.0478189999999999 0.0168489999999999 -0.054597 0.084908 -0.197991 -0.0132 0.014462 -0.130824 -0.151739 1
0.0784690000000001 0.0421859999999999 -0.0478189999999999 0.0168489999999999 -0.054597 0.084908 -0.197991 -0.0132 0.014462 -0.130824 1
0.079685 0.0784690000000001 0.0421859999999999 -0.0478189999999999 0.0168489999999999 -0.054597 0.084908 -0.197991 -0.0132 0.014462 -1
-0.0146500000000001 0.079685 0.0784690000000001 0.0421859999999999 -0.0478189999999999 0.0168489999999999 -0.054597 0.084908 -0.197991 -0.0132 -1
-0.249299 -0.0146500000000001 0.079685 0.0784690000000001 0.0421859999999999 -0.0478189999999999 0.0168489999999999 -0.054597 0.084908 -0.197991 -1
-0.060807 -0.249299 -0.0146500000000001 0.079685 0.0784690000000001 0.0421859999999999 -0.0478189999999999 0.0168489999999999 -0.054597 0.084908 -1
-0.071365 -0.060807 -0.249299 -0.0146500000000001 0.079685 0.0784690000000001 0.0421859999999999 -0.0478189999999999 0.0168489999999999 -0.054597 1
0.052485 -0.071365 -0.060807 -0.249299 -0.0146500000000001 0.079685 0.0784690000000001 0.0421859999999999 -0.0478189999999999 0.0168489999999999 -1
-0.000481000000000009 0.052485 -0.071365 -0.060807 -0.249299 -0.0146500000000001 0.079685 0.0784690000000001 0.0421859999999999 -0.0478189999999999 -1
-0.04571 -0.000481000000000009 0.052485 -0.071365 -0.060807 -0.249299 -0.0146500000000001 0.079685 0.0784690000000001 0.0421859999999999 -1
