-0.224225513310085 -1.44573148212021 1.83826901758442 0.161684159641738 0.421411649531237 0.141360676701923 -0.36768817527236 -0.27893651858639 1.10468430793295 -0.00300069629803131 -1
-1.76179396389796 -0.224225513310085 -1.44573148212021 1.83826901758442 0.161684159641738 0.421411649531237 0.141360676701923 -0.36768817527236 -0.27893651858639 1.10468430793295 1
0.675289634245662 -1.76179396389796 -0.224225513310085 -1.44573148212021 1.83826901758442 0.161684159641738 0.421411649531237 0.141360676701923 -0.36768817527236 -0.27893651858639 1
0.122140873983821 0.675289634245662 -1.76179396389796 -0.224225513310085 -1.44573148212021 1.83826901758442 0.161684159641738 0.421411649531237 0.141360676701923 -0.36768817527236 1
0.310917492477537 0.122140873983821 0.675289634245662 -1.76179396389796 -0.224225513310085 -1.44573148212021 1.83826901758442 0.161684159641738 0.421411649531237 0.141360676701923 -1
-0.134685513608606 0.310917492477537 0.122140873983821 0.675289634245662 -1.76179396389796 -0.224225513310085 -1.44573148212021 1.83826901758442 0.161684159641738 0.421411649531237 1
0.639719597385909 -0.134685513608606 0.310917492477537 0.122140873983821 0.675289634245662 -1.76179396389796 -0.224225513310085 -1.44573148212021 1.83826901758442 0.161684159641738 1
0.591583372858947 0.639719597385909 -0.134685513608606 0.310917492477537 0.122140873983821 0.675289634245662 -1.76179396389796 -0.224225513310085 -1.44573148212021 1.83826901758442 -1
-0.847694470555303 0.591583372858947 0.639719597385909 -0.134685513608606 0.310917492477537 0.122140873983821 0.675289634245662 -1.76179396389796 -0.224225513310085 -1.44573148212021 -1
-0.535006096883929 -0.847694470555303 0.591583372858947 0.639719597385909 -0.134685513608606 0.310917492477537 0.122140873983821 0.675289634245662 -1.76179396389796 -0.224225513310085 1
0.628698562029097 -0.535006096883929 -0.847694470555303 0.591583372858947 0.639719597385909 -0.134685513608606 0.310917492477537 0.122140873983821 0.675289634245662 -1.76179396389796 -1
-1.5277033888728 0.628698562029097 -0.535006096883929 -0.847694470555303 0.591583372858947 0.639719597385909 -0.134685513608606 0.310917492477537 0.122140873983821 0.675289634245662 -1
-1.08747688215243 -1.5277033888728 0.628698562029097 -0.535006096883929 -0.847694470555303 0.591583372858947 0.639719597385909 -0.134685513608606 0.310917492477537 0.122140873983821 1
0.356609853656421 -1.08747688215243 -1.5277033888728 0.628698562029097 -0.535006096883929 -0.847694470555303 0.591583372858947 0.639719597385909 -0.134685513608606 0.310917492477537 -1
-0.0451612807674372 0.356609853656421 -1.08747688215243 -1.5277033888728 0.628698562029097 -0.535006096883929 -0.847694470555303 0.591583372858947 0.639719597385909 -0.134685513608606 -1
-0.14679446232682 -0.0451612807674372 0.356609853656421 -1.08747688215243 -1.5277033888728 0.628698562029097 -0.535006096883929 -0.847694470555303 0.591583372858947 0.639719597385909 1
0.159461032338003 -0.14679446232682 -0.0451612807674372 0.356609853656421 -1.08747688215243 -1.5277033888728 0.628698562029097 -0.535006096883929 -0.847694470555303 0.591583372858947 -1
-0.518119789491732 0.159461032338003 -0.14679446232682 -0.0451612807674372 0.356609853656421 -1.08747688215243 -1.5277033888728 0.628698562029097 -0.535006096883929 -0.847694470555303 1
0.8498445447396 -0.518119789491732 0.159461032338003 -0.14679446232682 -0.0451612807674372 0.356609853656421 -1.08747688215243 -1.5277033888728 0.628698562029097 -0.535006096883929 -1
-0.0115148008655254 0.8498445447396 -0.518119789491732 0.159461032338003 -0.14679446232682 -0.0451612807674372 0.356609853656421 -1.08747688215243 -1.5277033888728 0.628698562029097 -1
-0.486775271195106 -0.0115148008655254 0.8498445447396 -0.518119789491732 0.159461032338003 -0.14679446232682 -0.0451612807674372 0.356609853656421 -1.08747688215243 -1.5277033888728 -1
-0.308452081087036 -0.486775271195106 -0.0115148008655254 0.8498445447396 -0.518119789491732 0.159461032338003 -0.14679446232682 -0.0451612807674372 0.356609853656421 -1.08747688215243 1
0.696101889855092 -0.308452081087036 -0.486775271195106 -0.0115148008655254 0.8498445447396 -0.518119789491732 0.159461032338003 -0.14679446232682 -0.0451612807674372 0.356609853656421 -1
-0.303690489273363 0.696101889855092 -0.308452081087036 -0.486775271195106 -0.0115148008655254 0.8498445447396 -0.518119789491732 0.159461032338003 -0.14679446232682 -0.0451612807674372 1
0.690662323048082 -0.303690489273363 0.696101889855092 -0.308452081087036 -0.486775271195106 -0.0115148008655254 0.8498445447396 -0.518119789491732 0.159461032338003 -0.14679446232682 1
0.770884108306248 0.690662323048082 -0.303690489273363 0.696101889855092 -0.308452081087036 -0.486775271195106 -0.0115148008655254 0.8498445447396 -0.518119789491732 0.159461032338003 -1
-0.454106336632425 0.770884108306248 0.690662323048082 -0.303690489273363 0.696101889855092 -0.308452081087036 -0.486775271195106 -0.0115148008655254 0.8498445447396 -0.518119789491732 1
0.0307403847657414 -0.454106336632425 0.770884108306248 0.690662323048082 -0.303690489273363 0.696101889855092 -0.308452081087036 -0.486775271195106 -0.0115148008655254 0.8498445447396 1
0.87790955609171 0.0307403847657414 -0.454106336632425 0.770884108306248 0.690662323048082 -0.303690489273363 0.696101889855092 -0.308452081087036 -0.486775271195106 -0.0115148008655254 -1
-0.25908604145588 0.87790955609171 0.0307403847657414 -0.454106336632425 0.770884108306248 0.690662323048082 -0.303690489273363 0.696101889855092 -0.308452081087036 -0.486775271195106 1
0.936278472959975 -0.25908604145588 0.87790955609171 0.0307403847657414 -0.454106336632425 0.770884108306248 0.690662323048082 -0.303690489273363 0.696101889855092 -0.308452081087036 -1
-1.29963575448614 0.936278472959975 -0.25908604145588 0.87790955609171 0.0307403847657414 -0.454106336632425 0.770884108306248 0.690662323048082 -0.303690489273363 0.696101889855092 1
0.411825398462651 -1.29963575448614 0.936278472959975 -0.25908604145588 0.87790955609171 0.0307403847657414 -0.454106336632425 0.770884108306248 0.690662323048082 -0.303690489273363 1
1.115311171782 0.411825398462651 -1.29963575448614 0.936278472959975 -0.25908604145588 0.87790955609171 0.0307403847657414 -0.454106336632425 0.770884108306248 0.690662323048082 -1
-0.0541326242839262 1.115311171782 0.411825398462651 -1.29963575448614 0.936278472959975 -0.25908604145588 0.87790955609171 0.0307403847657414 -0.454106336632425 0.770884108306248 1
0.885209612415321 -0.0541326242839262 1.115311171782 0.411825398462651 -1.29963575448614 0.936278472959975 -0.25908604145588 0.87790955609171 0.0307403847657414 -0.454106336632425 1
0.401277368915145 0.885209612415321 -0.0541326242839262 1.115311171782 0.411825398462651 -1.29963575448614 0.936278472959975 -0.25908604145588 0.87790955609171 0.0307403847657414 1
1.30771416814706 0.401277368915145 0.885209612415321 -0.0541326242839262 1.115311171782 0.411825398462651 -1.29963575448614 0.936278472959975 -0.25908604145588 0.87790955609171 1
0.403248226453917 1.30771416814706 0.401277368915145 0.885209612415321 -0.0541326242839262 1.115311171782 0.411825398462651 -1.29963575448614 0.936278472959975 -0.25908604145588 -1
-0.258218864138821 0.403248226453917 1.30771416814706 0.401277368915145 0.885209612415321 -0.0541326242839262 1.115311171782 0.411825398462651 -1.29963575448614 0.936278472959975 1
0.310807124455365 -0.258218864138821 0.403248226453917 1.30771416814706 0.401277368915145 0.885209612415321 -0.0541326242839262 1.115311171782 0.411825398462651 -1.29963575448614 -1
-0.932740915068382 0.310807124455365 -0.258218864138821 0.403248226453917 1.30771416814706 0.401277368915145 0.885209612415321 -0.0541326242839262 1.115311171782 0.411825398462651 -1
-0.538474806152167 -0.932740915068382 0.310807124455365 -0.258218864138821 0.403248226453917 1.30771416814706 0.401277368915145 0.885209612415321 -0.0541326242839262 1.115311171782 1
0.264988628393999 -0.538474806152167 -0.932740915068382 0.310807124455365 -0.258218864138821 0.403248226453917 1.30771416814706 0.401277368915145 0.885209612415321 -0.0541326242839262 1
0.5086023870465 0.264988628393999 -0.538474806152167 -0.932740915068382 0.310807124455365 -0.258218864138821 0.403248226453917 1.30771416814706 0.401277368915145 0.885209612415321 -1
-0.436904692034025 0.5086023870465 0.264988628393999 -0.538474806152167 -0.932740915068382 0.310807124455365 -0.258218864138821 0.403248226453917 1.30771416814706 0.401277368915145 -1
-0.188623942729712 -0.436904692034025 0.5086023870465 0.264988628393999 -0.538474806152167 -0.932740915068382 0.310807124455365 -0.258218864138821 0.403248226453917 1.30771416814706 1
0.138585709287333 -0.188623942729712 -0.436904692034025 0.5086023870465 0.264988628393999 -0.538474806152167 -0.932740915068382 0.310807124455365 -0.258218864138821 0.403248226453917 -1
-0.129040977617564 0.138585709287333 -0.188623942729712 -0.436904692034025 0.5086023870465 0.264988628393999 -0.538474806152167 -0.932740915068382 0.310807124455365 -0.258218864138821 -1
-0.604947889219861 -0.129040977617564 0.138585709287333 -0.188623942729712 -0.436904692034025 0.5086023870465 0.264988628393999 -0.538474806152167 -0.932740915068382 0.310807124455365 -1
-1.31581255316437 -0.604947889219861 -0.129040977617564 0.138585709287333 -0.188623942729712 -0.436904692034025 0.5086023870465 0.264988628393999 -0.538474806152167 -0.932740915068382 1
0.337153548033666 -1.31581255316437 -0.604947889219861 -0.129040977617564 0.138585709287333 -0.188623942729712 -0.436904692034025 0.5086023870465 0.264988628393999 -0.538474806152167 1
0.172011453144902 0.337153548033666 -1.31581255316437 -0.604947889219861 -0.129040977617564 0.138585709287333 -0.188623942729712 -0.436904692034025 0.5086023870465 0.264988628393999 -1
-1.39890390699899 0.172011453144902 0.337153548033666 -1.31581255316437 -0.604947889219861 -0.129040977617564 0.138585709287333 -0.188623942729712 -0.436904692034025 0.5086023870465 -1
-0.913190008283766 -1.39890390699899 0.172011453144902 0.337153548033666 -1.31581255316437 -0.604947889219861 -0.129040977617564 0.138585709287333 -0.188623942729712 -0.436904692034025 1
0.777963428585516 -0.913190008283766 -1.39890390699899 0.172011453144902 0.337153548033666 -1.31581255316437 -0.604947889219861 -0.129040977617564 0.138585709287333 -0.188623942729712 -1
-1.45613760992492 0.777963428585516 -0.913190008283766 -1.39890390699899 0.172011453144902 0.337153548033666 -1.31581255316437 -0.604947889219861 -0.129040977617564 0.138585709287333 -1
-0.0842630943366689 -1.45613760992492 0.777963428585516 -0.913190008283766 -1.39890390699899 0.172011453144902 0.337153548033666 -1.31581255316437 -0.604947889219861 -0.129040977617564 -1
-0.286741114439926 -0.0842630943366689 -1.45613760992492 0.777963428585516 -0.913190008283766 -1.39890390699899 0.172011453144902 0.337153548033666 -1.31581255316437 -0.604947889219861 1
0.164285691592917 -0.286741114439926 -0.0842630943366689 -1.45613760992492 0.777963428585516 -0.913190008283766 -1.39890390699899 0.172011453144902 0.337153548033666 -1.31581255316437 1
0.728029781983194 0.164285691592917 -0.286741114439926 -0.0842630943366689 -1.45613760992492 0.777963428585516 -0.913190008283766 -1.39890390699899 0.172011453144902 0.337153548033666 1
0.942774419407767 0.728029781983194 0.164285691592917 -0.286741114439926 -0.0842630943366689 -1.45613760992492 0.777963428585516 -0.913190008283766 -1.39890390699899 0.172011453144902 -1
-0.328633662284059 0.942774419407767 0.728029781983194 0.164285691592917 -0.286741114439926 -0.0842630943366689 -1.45613760992492 0.777963428585516 -0.913190008283766 -1.39890390699899 -1
-0.117341967267415 -0.328633662284059 0.942774419407767 0.728029781983194 0.164285691592917 -0.286741114439926 -0.0842630943366689 -1.45613760992492 0.777963428585516 -0.913190008283766 -1
-0.641842342345669 -0.117341967267415 -0.328633662284059 0.942774419407767 0.728029781983194 0.164285691592917 -0.286741114439926 -0.0842630943366689 -1.45613760992492 0.777963428585516 1
0.317397672065018 -0.641842342345669 -0.117341967267415 -0.328633662284059 0.942774419407767 0.728029781983194 0.164285691592917 -0.286741114439926 -0.0842630943366689 -1.45613760992492 -1
-0.14228514027811 0.317397672065018 -0.641842342345669 -0.117341967267415 -0.328633662284059 0.942774419407767 0.728029781983194 0.164285691592917 -0.286741114439926 -0.0842630943366689 -1
-0.588708023100382 -0.14228514027811 0.317397672065018 -0.641842342345669 -0.117341967267415 -0.328633662284059 0.942774419407767 0.728029781983194 0.164285691592917 -0.286741114439926 1
0.684954719615799 -0.588708023100382 -0.14228514027811 0.317397672065018 -0.641842342345669 -0.117341967267415 -0.328633662284059 0.942774419407767 0.728029781983194 0.164285691592917 -1
-0.277501734298164 0.684954719615799 -0.588708023100382 -0.14228514027811 0.317397672065018 -0.641842342345669 -0.117341967267415 -0.328633662284059 0.942774419407767 0.728029781983194 1
0.0617853327164744 -0.277501734298164 0.684954719615799 -0.588708023100382 -0.14228514027811 0.317397672065018 -0.641842342345669 -0.117341967267415 -0.328633662284059 0.942774419407767 -1
-0.211596258201636 0.0617853327164744 -0.277501734298164 0.684954719615799 -0.588708023100382 -0.14228514027811 0.317397672065018 -0.641842342345669 -0.117341967267415 -0.328633662284059 1
0 -0.211596258201636 0.0617853327164744 -0.277501734298164 0.684954719615799 -0.588708023100382 -0.14228514027811 0.317397672065018 -0.641842342345669 -0.117341967267415 1
0.444604701047503 0 -0.211596258201636 0.0617853327164744 -0.277501734298164 0.684954719615799 -0.588708023100382 -0.14228514027811 0.317397672065018 -0.641842342345669 -1
-0.399726435422634 0.444604701047503 0 -0.211596258201636 0.0617853327164744 -0.277501734298164 0.684954719615799 -0.588708023100382 -0.14228514027811 0.317397672065018 -1
-0.265991926271737 -0.399726435422634 0.444604701047503 0 -0.211596258201636 0.0617853327164744 -0.277501734298164 0.684954719615799 -0.588708023100382 -0.14228514027811 -1
-1.53129823302352 -0.265991926271737 -0.399726435422634 0.444604701047503 0 -0.211596258201636 0.0617853327164744 -0.277501734298164 0.684954719615799 -0.588708023100382 -1
-0.00908670437775861 -1.53129823302352 -0.265991926271737 -0.399726435422634 0.444604701047503 0 -0.211596258201636 0.0617853327164744 -0.277501734298164 0.684954719615799 1
0.384785233030703 -0.00908670437775861 -1.53129823302352 -0.265991926271737 -0.399726435422634 0.444604701047503 0 -0.211596258201636 0.0617853327164744 -0.277501734298164 1
0.717797089641891 0.384785233030703 -0.00908670437775861 -1.53129823302352 -0.265991926271737 -0.399726435422634 0.444604701047503 0 -0.211596258201636 0.0617853327164744 1
0.0326639417235827 0.717797089641891 0.384785233030703 -0.00908670437775861 -1.53129823302352 -0.265991926271737 -0.399726435422634 0.444604701047503 0 -0.211596258201636 1
0.610661273834258 0.0326639417235827 0.717797089641891 0.384785233030703 -0.00908670437775861 -1.53129823302352 -0.265991926271737 -0.399726435422634 0.444604701047503 0 -1
-0.475770002698604 0.610661273834258 0.0326639417235827 0.717797089641891 0.384785233030703 -0.00908670437775861 -1.53129823302352 -0.265991926271737 -0.399726435422634 0.444604701047503 -1
-0.100534494176769 -0.475770002698604 0.610661273834258 0.0326639417235827 0.717797089641891 0.384785233030703 -0.00908670437775861 -1.53129823302352 -0.265991926271737 -0.399726435422634 1
0.19176732911355 -0.100534494176769 -0.475770002698604 0.610661273834258 0.0326639417235827 0.717797089641891 0.384785233030703 -0.00908670437775861 -1.53129823302352 -0.265991926271737 -1
-0.746140123297471 0.19176732911355 -0.100534494176769 -0.475770002698604 0.610661273834258 0.0326639417235827 0.717797089641891 0.384785233030703 -0.00908670437775861 -1.53129823302352 -1
-0.359962413720375 -0.746140123297471 0.19176732911355 -0.100534494176769 -0.475770002698604 0.610661273834258 0.0326639417235827 0.717797089641891 0.384785233030703 -0.00908670437775861 -1
-0.460665350521457 -0.359962413720375 -0.746140123297471 0.19176732911355 -0.100534494176769 -0.475770002698604 0.610661273834258 0.0326639417235827 0.717797089641891 0.384785233030703 1
0.504313801042133 -0.460665350521457 -0.359962413720375 -0.746140123297471 0.19176732911355 -0.100534494176769 -0.475770002698604 0.610661273834258 0.0326639417235827 0.717797089641891 -1
-0.615464385046747 0.504313801042133 -0.460665350521457 -0.359962413720375 -0.746140123297471 0.19176732911355 -0.100534494176769 -0.475770002698604 0.610661273834258 0.0326639417235827 -1
-0.245715743912853 -0.615464385046747 0.504313801042133 -0.460665350521457 -0.359962413720375 -0.746140123297471 0.19176732911355 -0.100534494176769 -0.475770002698604 0.610661273834258 -1
-0.315105696137929 -0.245715743912853 -0.615464385046747 0.504313801042133 -0.460665350521457 -0.359962413720375 -0.746140123297471 0.19176732911355 -0.100534494176769 -0.475770002698604 1
0.479685965237641 -0.315105696137929 -0.245715743912853 -0.615464385046747 0.504313801042133 -0.460665350521457 -0.359962413720375 -0.746140123297471 0.19176732911355 -0.100534494176769 1
0.394134981194636 0.479685965237641 -0.315105696137929 -0.245715743912853 -0.615464385046747 0.504313801042133 -0.460665350521457 -0.359962413720375 -0.746140123297471 0.19176732911355 -1
-0.0264617844395705 0.394134981194636 0.479685965237641 -0.315105696137929 -0.245715743912853 -0.615464385046747 0.504313801042133 -0.460665350521457 -0.359962413720375 -0.746140123297471 -1
-0.00765192008953265 -0.0264617844395705 0.394134981194636 0.479685965237641 -0.315105696137929 -0.245715743912853 -0.615464385046747 0.504313801042133 -0.460665350521457 -0.359962413720375 1
0.542516903573685 -0.00765192008953265 -0.0264617844395705 0.394134981194636 0.479685965237641 -0.315105696137929 -0.245715743912853 -0.615464385046747 0.504313801042133 -0.460665350521457 -1
-0.126518279967936 0.542516903573685 -0.00765192008953265 -0.0264617844395705 0.394134981194636 0.479685965237641 -0.315105696137929 -0.245715743912853 -0.615464385046747 0.504313801042133 -1
-0.129797786912452 -0.126518279967936 0.542516903573685 -0.00765192008953265 -0.0264617844395705 0.394134981194636 0.479685965237641 -0.315105696137929 -0.245715743912853 -0.615464385046747 -1
-0.321175937357346 -0.129797786912452 -0.126518279967936 0.542516903573685 -0.00765192008953265 -0.0264617844395705 0.394134981194636 0.479685965237641 -0.315105696137929 -0.245715743912853 1
0.492425588368262 -0.321175937357346 -0.129797786912452 -0.126518279967936 0.542516903573685 -0.00765192008953265 -0.0264617844395705 0.394134981194636 0.479685965237641 -0.315105696137929 1
0.509926803312555 0.492425588368262 -0.321175937357346 -0.129797786912452 -0.126518279967936 0.542516903573685 -0.00765192008953265 -0.0264617844395705 0.394134981194636 0.479685965237641 -1
-1.22881101797283 0.509926803312555 0.492425588368262 -0.321175937357346 -0.129797786912452 -0.126518279967936 0.542516903573685 -0.00765192008953265 -0.0264617844395705 0.394134981194636 -1
-0.384337979759904 -1.22881101797283 0.509926803312555 0.492425588368262 -0.321175937357346 -0.129797786912452 -0.126518279967936 0.542516903573685 -0.00765192008953265 -0.0264617844395705 1
0.684434413225563 -0.384337979759904 -1.22881101797283 0.509926803312555 0.492425588368262 -0.321175937357346 -0.129797786912452 -0.126518279967936 0.542516903573685 -0.00765192008953265 -1
-0.770421088175139 0.684434413225563 -0.384337979759904 -1.22881101797283 0.509926803312555 0.492425588368262 -0.321175937357346 -0.129797786912452 -0.126518279967936 0.542516903573685 1
0.647492659518825 -0.770421088175139 0.684434413225563 -0.384337979759904 -1.22881101797283 0.509926803312555 0.492425588368262 -0.321175937357346 -0.129797786912452 -0.126518279967936 1
0.384422595243569 0.647492659518825 -0.770421088175139 0.684434413225563 -0.384337979759904 -1.22881101797283 0.509926803312555 0.492425588368262 -0.321175937357346 -0.129797786912452 -1
-0.133455698504412 0.384422595243569 0.647492659518825 -0.770421088175139 0.684434413225563 -0.384337979759904 -1.22881101797283 0.509926803312555 0.492425588368262 -0.321175937357346 -1
-0.129703185750591 -0.133455698504412 0.384422595243569 0.647492659518825 -0.770421088175139 0.684434413225563 -0.384337979759904 -1.22881101797283 0.509926803312555 0.492425588368262 -1
-0.918661108811397 -0.129703185750591 -0.133455698504412 0.384422595243569 0.647492659518825 -0.770421088175139 0.684434413225563 -0.384337979759904 -1.22881101797283 0.509926803312555 -1
-0.691965191271712 -0.918661108811397 -0.129703185750591 -0.133455698504412 0.384422595243569 0.647492659518825 -0.770421088175139 0.684434413225563 -0.384337979759904 -1.22881101797283 1
0.372471315128457 -0.691965191271712 -0.918661108811397 -0.129703185750591 -0.133455698504412 0.384422595243569 0.647492659518825 -0.770421088175139 0.684434413225563 -0.384337979759904 1
0.583889145027582 0.372471315128457 -0.691965191271712 -0.918661108811397 -0.129703185750591 -0.133455698504412 0.384422595243569 0.647492659518825 -0.770421088175139 0.684434413225563 1
0.0680605431199237 0.583889145027582 0.372471315128457 -0.691965191271712 -0.918661108811397 -0.129703185750591 -0.133455698504412 0.384422595243569 0.647492659518825 -0.770421088175139 -1
-0.378267738540487 0.0680605431199237 0.583889145027582 0.372471315128457 -0.691965191271712 -0.918661108811397 -0.129703185750591 -0.133455698504412 0.384422595243569 0.647492659518825 -1
-0.602267522967131 -0.378267738540487 0.0680605431199237 0.583889145027582 0.372471315128457 -0.691965191271712 -0.918661108811397 -0.129703185750591 -0.133455698504412 0.384422595243569 1
0.0348397684463867 -0.602267522967131 -0.378267738540487 0.0680605431199237 0.583889145027582 0.372471315128457 -0.691965191271712 -0.918661108811397 -0.129703185750591 -0.133455698504412 -1
-0.84657502347328 0.0348397684463867 -0.602267522967131 -0.378267738540487 0.0680605431199237 0.583889145027582 0.372471315128457 -0.691965191271712 -0.918661108811397 -0.129703185750591 -1
-0.110357248150007 -0.84657502347328 0.0348397684463867 -0.602267522967131 -0.378267738540487 0.0680605431199237 0.583889145027582 0.372471315128457 -0.691965191271712 -0.918661108811397 1
0.289994868845935 -0.110357248150007 -0.84657502347328 0.0348397684463867 -0.602267522967131 -0.378267738540487 0.0680605431199237 0.583889145027582 0.372471315128457 -0.691965191271712 1
0.1610061846484 0.289994868845935 -0.110357248150007 -0.84657502347328 0.0348397684463867 -0.602267522967131 -0.378267738540487 0.0680605431199237 0.583889145027582 0.372471315128457 1
-0.00197585037787006 0.1610061846484 0.289994868845935 -0.110357248150007 -0.84657502347328 0.0348397684463867 -0.602267522967131 -0.378267738540487 0.0680605431199237 0.583889145027582 1
0.312415344207003 -0.00197585037787006 0.1610061846484 0.289994868845935 -0.110357248150007 -0.84657502347328 0.0348397684463867 -0.602267522967131 -0.378267738540487 0.0680605431199237 1
0.751900808492798 0.312415344207003 -0.00197585037787006 0.1610061846484 0.289994868845935 -0.110357248150007 -0.84657502347328 0.0348397684463867 -0.602267522967131 -0.378267738540487 -1
-0.711579165497569 0.751900808492798 0.312415344207003 -0.00197585037787006 0.1610061846484 0.289994868845935 -0.110357248150007 -0.84657502347328 0.0348397684463867 -0.602267522967131 1
0.708021636249583 -0.711579165497569 0.751900808492798 0.312415344207003 -0.00197585037787006 0.1610061846484 0.289994868845935 -0.110357248150007 -0.84657502347328 0.0348397684463867 1
2.02012398440197 0.708021636249583 -0.711579165497569 0.751900808492798 0.312415344207003 -0.00197585037787006 0.1610061846484 0.289994868845935 -0.110357248150007 -0.84657502347328 -1
-1.35278584059173 2.02012398440197 0.708021636249583 -0.711579165497569 0.751900808492798 0.312415344207003 -0.00197585037787006 0.1610061846484 0.289994868845935 -0.110357248150007 -1
-0.931700302287911 -1.35278584059173 2.02012398440197 0.708021636249583 -0.711579165497569 0.751900808492798 0.312415344207003 -0.00197585037787006 0.1610061846484 0.289994868845935 1
0.893361079195681 -0.931700302287911 -1.35278584059173 2.02012398440197 0.708021636249583 -0.711579165497569 0.751900808492798 0.312415344207003 -0.00197585037787006 0.1610061846484 -1
-0.341483653436851 0.893361079195681 -0.931700302287911 -1.35278584059173 2.02012398440197 0.708021636249583 -0.711579165497569 0.751900808492798 0.312415344207003 -0.00197585037787006 -1
-0.403683917360488 -0.341483653436851 0.893361079195681 -0.931700302287911 -1.35278584059173 2.02012398440197 0.708021636249583 -0.711579165497569 0.751900808492798 0.312415344207003 1
0 -0.403683917360488 -0.341483653436851 0.893361079195681 -0.931700302287911 -1.35278584059173 2.02012398440197 0.708021636249583 -0.711579165497569 0.751900808492798 -1
-1.02633299786958 0 -0.403683917360488 -0.341483653436851 0.893361079195681 -0.931700302287911 -1.35278584059173 2.02012398440197 0.708021636249583 -0.711579165497569 -1
-1.78533388634105 -1.02633299786958 0 -0.403683917360488 -0.341483653436851 0.893361079195681 -0.931700302287911 -1.35278584059173 2.02012398440197 0.708021636249583 1
0.00592334663752729 -1.78533388634105 -1.02633299786958 0 -0.403683917360488 -0.341483653436851 0.893361079195681 -0.931700302287911 -1.35278584059173 2.02012398440197 -1
-0.183231676503632 0.00592334663752729 -1.78533388634105 -1.02633299786958 0 -0.403683917360488 -0.341483653436851 0.893361079195681 -0.931700302287911 -1.35278584059173 1
0.431565507570989 -0.183231676503632 0.00592334663752729 -1.78533388634105 -1.02633299786958 0 -0.403683917360488 -0.341483653436851 0.893361079195681 -0.931700302287911 1
0.0669883966188319 0.431565507570989 -0.183231676503632 0.00592334663752729 -1.78533388634105 -1.02633299786958 0 -0.403683917360488 -0.341483653436851 0.893361079195681 -1
-0.929871346491931 0.0669883966188319 0.431565507570989 -0.183231676503632 0.00592334663752729 -1.78533388634105 -1.02633299786958 0 -0.403683917360488 -0.341483653436851 -1
-0.678862930353958 -0.929871346491931 0.0669883966188319 0.431565507570989 -0.183231676503632 0.00592334663752729 -1.78533388634105 -1.02633299786958 0 -0.403683917360488 1
0.404887979926175 -0.678862930353958 -0.929871346491931 0.0669883966188319 0.431565507570989 -0.183231676503632 0.00592334663752729 -1.78533388634105 -1.02633299786958 0 1
0.456114509073931 0.404887979926175 -0.678862930353958 -0.929871346491931 0.0669883966188319 0.431565507570989 -0.183231676503632 0.00592334663752729 -1.78533388634105 -1.02633299786958 1
0.166713788080684 0.456114509073931 0.404887979926175 -0.678862930353958 -0.929871346491931 0.0669883966188319 0.431565507570989 -0.183231676503632 0.00592334663752729 -1.78533388634105 -1
-0.911345285627476 0.166713788080684 0.456114509073931 0.404887979926175 -0.678862930353958 -0.929871346491931 0.0669883966188319 0.431565507570989 -0.183231676503632 0.00592334663752729 -1
-0.865495255845489 -0.911345285627476 0.166713788080684 0.456114509073931 0.404887979926175 -0.678862930353958 -0.929871346491931 0.0669883966188319 0.431565507570989 -0.183231676503632 -1
-0.227930725482976 -0.865495255845489 -0.911345285627476 0.166713788080684 0.456114509073931 0.404887979926175 -0.678862930353958 -0.929871346491931 0.0669883966188319 0.431565507570989 -1
-0.085540210021793 -0.227930725482976 -0.865495255845489 -0.911345285627476 0.166713788080684 0.456114509073931 0.404887979926175 -0.678862930353958 -0.929871346491931 0.0669883966188319 -1
-0.530339106232117 -0.085540210021793 -0.227930725482976 -0.865495255845489 -0.911345285627476 0.166713788080684 0.456114509073931 0.404887979926175 -0.678862930353958 -0.929871346491931 1
0.300101426304757 -0.530339106232117 -0.085540210021793 -0.227930725482976 -0.865495255845489 -0.911345285627476 0.166713788080684 0.456114509073931 0.404887979926175 -0.678862930353958 1
0.254377531405252 0.300101426304757 -0.530339106232117 -0.085540210021793 -0.227930725482976 -0.865495255845489 -0.911345285627476 0.166713788080684 0.456114509073931 0.404887979926175 1
1.64805761480248 0.254377531405252 0.300101426304757 -0.530339106232117 -0.085540210021793 -0.227930725482976 -0.865495255845489 -0.911345285627476 0.166713788080684 0.456114509073931 -1
-0.275420508737221 1.64805761480248 0.254377531405252 0.300101426304757 -0.530339106232117 -0.085540210021793 -0.227930725482976 -0.865495255845489 -0.911345285627476 0.166713788080684 -1
-0.267805115207407 -0.275420508737221 1.64805761480248 0.254377531405252 0.300101426304757 -0.530339106232117 -0.085540210021793 -0.227930725482976 -0.865495255845489 -0.911345285627476 1
0.594326806552917 -0.267805115207407 -0.275420508737221 1.64805761480248 0.254377531405252 0.300101426304757 -0.530339106232117 -0.085540210021793 -0.227930725482976 -0.865495255845489 -1
-0.137113610096373 0.594326806552917 -0.267805115207407 -0.275420508737221 1.64805761480248 0.254377531405252 0.300101426304757 -0.530339106232117 -0.085540210021793 -0.227930725482976 -1
-0.500634341407749 -0.137113610096373 0.594326806552917 -0.267805115207407 -0.275420508737221 1.64805761480248 0.254377531405252 0.300101426304757 -0.530339106232117 -0.085540210021793 1
1.07018641757428 -0.500634341407749 -0.137113610096373 0.594326806552917 -0.267805115207407 -0.275420508737221 1.64805761480248 0.254377531405252 0.300101426304757 -0.530339106232117 -1
-0.801986342516108 1.07018641757428 -0.500634341407749 -0.137113610096373 0.594326806552917 -0.267805115207407 -0.275420508737221 1.64805761480248 0.254377531405252 0.300101426304757 -1
-0.447657690765563 -0.801986342516108 1.07018641757428 -0.500634341407749 -0.137113610096373 0.594326806552917 -0.267805115207407 -0.275420508737221 1.64805761480248 0.254377531405252 -1
-0.324644646625585 -0.447657690765563 -0.801986342516108 1.07018641757428 -0.500634341407749 -0.137113610096373 0.594326806552917 -0.267805115207407 -0.275420508737221 1.64805761480248 -1
-0.123380674766211 -0.324644646625585 -0.447657690765563 -0.801986342516108 1.07018641757428 -0.500634341407749 -0.137113610096373 0.594326806552917 -0.267805115207407 -0.275420508737221 1
0.442413107464389 -0.123380674766211 -0.324644646625585 -0.447657690765563 -0.801986342516108 1.07018641757428 -0.500634341407749 -0.137113610096373 0.594326806552917 -0.267805115207407 -1
-0.195246024059985 0.442413107464389 -0.123380674766211 -0.324644646625585 -0.447657690765563 -0.801986342516108 1.07018641757428 -0.500634341407749 -0.137113610096373 0.594326806552917 1
0.537944514083735 -0.195246024059985 0.442413107464389 -0.123380674766211 -0.324644646625585 -0.447657690765563 -0.801986342516108 1.07018641757428 -0.500634341407749 -0.137113610096373 1
0.548571377932792 0.537944514083735 -0.195246024059985 0.442413107464389 -0.123380674766211 -0.324644646625585 -0.447657690765563 -0.801986342516108 1.07018641757428 -0.500634341407749 -1
-0.688669917466886 0.548571377932792 0.537944514083735 -0.195246024059985 0.442413107464389 -0.123380674766211 -0.324644646625585 -0.447657690765563 -0.801986342516108 1.07018641757428 -1
-0.255144326378337 -0.688669917466886 0.548571377932792 0.537944514083735 -0.195246024059985 0.442413107464389 -0.123380674766211 -0.324644646625585 -0.447657690765563 -0.801986342516108 1
0.696701030546878 -0.255144326378337 -0.688669917466886 0.548571377932792 0.537944514083735 -0.195246024059985 0.442413107464389 -0.123380674766211 -0.324644646625585 -0.447657690765563 1
0.379661003429896 0.696701030546878 -0.255144326378337 -0.688669917466886 0.548571377932792 0.537944514083735 -0.195246024059985 0.442413107464389 -0.123380674766211 -0.324644646625585 1
0.154226434715026 0.379661003429896 0.696701030546878 -0.255144326378337 -0.688669917466886 0.548571377932792 0.537944514083735 -0.195246024059985 0.442413107464389 -0.123380674766211 -1
-0.385126322775413 0.154226434715026 0.379661003429896 0.696701030546878 -0.255144326378337 -0.688669917466886 0.548571377932792 0.537944514083735 -0.195246024059985 0.442413107464389 1
0.548902481999306 -0.385126322775413 0.154226434715026 0.379661003429896 0.696701030546878 -0.255144326378337 -0.688669917466886 0.548571377932792 0.537944514083735 -0.195246024059985 -1
-0.660872942740049 0.548902481999306 -0.385126322775413 0.154226434715026 0.379661003429896 0.696701030546878 -0.255144326378337 -0.688669917466886 0.548571377932792 0.537944514083735 -1
-2.0815616578486 -0.660872942740049 0.548902481999306 -0.385126322775413 0.154226434715026 0.379661003429896 0.696701030546878 -0.255144326378337 -0.688669917466886 0.548571377932792 1
2.43524964950854 -2.0815616578486 -0.660872942740049 0.548902481999306 -0.385126322775413 0.154226434715026 0.379661003429896 0.696701030546878 -0.255144326378337 -0.688669917466886 -1
-2.21182745773126 2.43524964950854 -2.0815616578486 -0.660872942740049 0.548902481999306 -0.385126322775413 0.154226434715026 0.379661003429896 0.696701030546878 -0.255144326378337 -1
-0.178895789918334 -2.21182745773126 2.43524964950854 -2.0815616578486 -0.660872942740049 0.548902481999306 -0.385126322775413 0.154226434715026 0.379661003429896 0.696701030546878 -1
-0.227079315026227 -0.178895789918334 -2.21182745773126 2.43524964950854 -2.0815616578486 -0.660872942740049 0.548902481999306 -0.385126322775413 0.154226434715026 0.379661003429896 -1
-0.606035802581263 -0.227079315026227 -0.178895789918334 -2.21182745773126 2.43524964950854 -2.0815616578486 -0.660872942740049 0.548902481999306 -0.385126322775413 0.154226434715026 1
0.99918824559757 -0.606035802581263 -0.227079315026227 -0.178895789918334 -2.21182745773126 2.43524964950854 -2.0815616578486 -0.660872942740049 0.548902481999306 -0.385126322775413 -1
-0.233039188223473 0.99918824559757 -0.606035802581263 -0.227079315026227 -0.178895789918334 -2.21182745773126 2.43524964950854 -2.0815616578486 -0.660872942740049 0.548902481999306 -1
-0.134795881630777 -0.233039188223473 0.99918824559757 -0.606035802581263 -0.227079315026227 -0.178895789918334 -2.21182745773126 2.43524964950854 -2.0815616578486 -0.660872942740049 1
1.19348326519985 -0.134795881630777 -0.233039188223473 0.99918824559757 -0.606035802581263 -0.227079315026227 -0.178895789918334 -2.21182745773126 2.43524964950854 -2.0815616578486 1
0.549880027338536 1.19348326519985 -0.134795881630777 -0.233039188223473 0.99918824559757 -0.606035802581263 -0.227079315026227 -0.178895789918334 -2.21182745773126 2.43524964950854 1
1.29994110601414 0.549880027338536 1.19348326519985 -0.134795881630777 -0.233039188223473 0.99918824559757 -0.606035802581263 -0.227079315026227 -0.178895789918334 -2.21182745773126 -1
-0.824548719619967 1.29994110601414 0.549880027338536 1.19348326519985 -0.134795881630777 -0.233039188223473 0.99918824559757 -0.606035802581263 -0.227079315026227 -0.178895789918334 1
0.0626052094526034 -0.824548719619967 1.29994110601414 0.549880027338536 1.19348326519985 -0.134795881630777 -0.233039188223473 0.99918824559757 -0.606035802581263 -0.227079315026227 1
0.974087403983773 0.0626052094526034 -0.824548719619967 1.29994110601414 0.549880027338536 1.19348326519985 -0.134795881630777 -0.233039188223473 0.99918824559757 -0.606035802581263 -1
-0.209499265780382 0.974087403983773 0.0626052094526034 -0.824548719619967 1.29994110601414 0.549880027338536 1.19348326519985 -0.134795881630777 -0.233039188223473 0.99918824559757 -1
-0.873000281353132 -0.209499265780382 0.974087403983773 0.0626052094526034 -0.824548719619967 1.29994110601414 0.549880027338536 1.19348326519985 -0.134795881630777 -0.233039188223473 -1
-2.87781963723302 -0.873000281353132 -0.209499265780382 0.974087403983773 0.0626052094526034 -0.824548719619967 1.29994110601414 0.549880027338536 1.19348326519985 -0.134795881630777 1
0.582596262482148 -2.87781963723302 -0.873000281353132 -0.209499265780382 0.974087403983773 0.0626052094526034 -0.824548719619967 1.29994110601414 0.549880027338536 1.19348326519985 -1
-0.813590751704396 0.582596262482148 -2.87781963723302 -0.873000281353132 -0.209499265780382 0.974087403983773 0.0626052094526034 -0.824548719619967 1.29994110601414 0.549880027338536 -1
-0.0102219183200913 -0.813590751704396 0.582596262482148 -2.87781963723302 -0.873000281353132 -0.209499265780382 0.974087403983773 0.0626052094526034 -0.824548719619967 1.29994110601414 1
1.16855585904946 -0.0102219183200913 -0.813590751704396 0.582596262482148 -2.87781963723302 -0.873000281353132 -0.209499265780382 0.974087403983773 0.0626052094526034 -0.824548719619967 -1
-2.46904801683144 1.16855585904946 -0.0102219183200913 -0.813590751704396 0.582596262482148 -2.87781963723302 -0.873000281353132 -0.209499265780382 0.974087403983773 0.0626052094526034 -1
-1.23749855800374 -2.46904801683144 1.16855585904946 -0.0102219183200913 -0.813590751704396 0.582596262482148 -2.87781963723302 -0.873000281353132 -0.209499265780382 0.974087403983773 1
0 -1.23749855800374 -2.46904801683144 1.16855585904946 -0.0102219183200913 -0.813590751704396 0.582596262482148 -2.87781963723302 -0.873000281353132 -0.209499265780382 -1
-1.85940659607825 0 -1.23749855800374 -2.46904801683144 1.16855585904946 -0.0102219183200913 -0.813590751704396 0.582596262482148 -2.87781963723302 -0.873000281353132 -1
-2.14464486594961 -1.85940659607825 0 -1.23749855800374 -2.46904801683144 1.16855585904946 -0.0102219183200913 -0.813590751704396 0.582596262482148 -2.87781963723302 -1
-0.147898142548532 -2.14464486594961 -1.85940659607825 0 -1.23749855800374 -2.46904801683144 1.16855585904946 -0.0102219183200913 -0.813590751704396 0.582596262482148 1
1.43277690412736 -0.147898142548532 -2.14464486594961 -1.85940659607825 0 -1.23749855800374 -2.46904801683144 1.16855585904946 -0.0102219183200913 -0.813590751704396 -1
-0.446806280308814 1.43277690412736 -0.147898142548532 -2.14464486594961 -1.85940659607825 0 -1.23749855800374 -2.46904801683144 1.16855585904946 -0.0102219183200913 1
0.562698484770708 -0.446806280308814 1.43277690412736 -0.147898142548532 -2.14464486594961 -1.85940659607825 0 -1.23749855800374 -2.46904801683144 1.16855585904946 -1
-0.021274487397523 0.562698484770708 -0.446806280308814 1.43277690412736 -0.147898142548532 -2.14464486594961 -1.85940659607825 0 -1.23749855800374 -2.46904801683144 1
0 -0.021274487397523 0.562698484770708 -0.446806280308814 1.43277690412736 -0.147898142548532 -2.14464486594961 -1.85940659607825 0 -1.23749855800374 1
0.395349029438519 0 -0.021274487397523 0.562698484770708 -0.446806280308814 1.43277690412736 -0.147898142548532 -2.14464486594961 -1.85940659607825 0 -1
-0.322957592572396 0.395349029438519 0 -0.021274487397523 0.562698484770708 -0.446806280308814 1.43277690412736 -0.147898142548532 -2.14464486594961 -1.85940659607825 -1
-1.73804907227084 -0.322957592572396 0.395349029438519 0 -0.021274487397523 0.562698484770708 -0.446806280308814 1.43277690412736 -0.147898142548532 -2.14464486594961 1
0.9855972120102 -1.73804907227084 -0.322957592572396 0.395349029438519 0 -0.021274487397523 0.562698484770708 -0.446806280308814 1.43277690412736 -0.147898142548532 -1
-0.0995254151169176 0.9855972120102 -1.73804907227084 -0.322957592572396 0.395349029438519 0 -0.021274487397523 0.562698484770708 -0.446806280308814 1.43277690412736 1
1.19083443266774 -0.0995254151169176 0.9855972120102 -1.73804907227084 -0.322957592572396 0.395349029438519 0 -0.021274487397523 0.562698484770708 -0.446806280308814 -1
-1.24087266611012 1.19083443266774 -0.0995254151169176 0.9855972120102 -1.73804907227084 -0.322957592572396 0.395349029438519 0 -0.021274487397523 0.562698484770708 1
1.08713579240772 -1.24087266611012 1.19083443266774 -0.0995254151169176 0.9855972120102 -1.73804907227084 -0.322957592572396 0.395349029438519 0 -0.021274487397523 1
0.318532886007351 1.08713579240772 -1.24087266611012 1.19083443266774 -0.0995254151169176 0.9855972120102 -1.73804907227084 -0.322957592572396 0.395349029438519 0 -1
-1.74072943852357 0.318532886007351 1.08713579240772 -1.24087266611012 1.19083443266774 -0.0995254151169176 0.9855972120102 -1.73804907227084 -0.322957592572396 0.395349029438519 1
0.468239224652455 -1.74072943852357 0.318532886007351 1.08713579240772 -1.24087266611012 1.19083443266774 -0.0995254151169176 0.9855972120102 -1.73804907227084 -0.322957592572396 -1
-0.55146669904775 0.468239224652455 -1.74072943852357 0.318532886007351 1.08713579240772 -1.24087266611012 1.19083443266774 -0.0995254151169176 0.9855972120102 -1.73804907227084 1
0.848457061032305 -0.55146669904775 0.468239224652455 -1.74072943852357 0.318532886007351 1.08713579240772 -1.24087266611012 1.19083443266774 -0.0995254151169176 0.9855972120102 1
0.0974026701571579 0.848457061032305 -0.55146669904775 0.468239224652455 -1.74072943852357 0.318532886007351 1.08713579240772 -1.24087266611012 1.19083443266774 -0.0995254151169176 -1
-0.253819910112282 0.0974026701571579 0.848457061032305 -0.55146669904775 0.468239224652455 -1.74072943852357 0.318532886007351 1.08713579240772 -1.24087266611012 1.19083443266774 1
0.224199760771579 -0.253819910112282 0.0974026701571579 0.848457061032305 -0.55146669904775 0.468239224652455 -1.74072943852357 0.318532886007351 1.08713579240772 -1.24087266611012 1
0.574255593378066 0.224199760771579 -0.253819910112282 0.0974026701571579 0.848457061032305 -0.55146669904775 0.468239224652455 -1.74072943852357 0.318532886007351 1.08713579240772 1
0.0454193317145134 0.574255593378066 0.224199760771579 -0.253819910112282 0.0974026701571579 0.848457061032305 -0.55146669904775 0.468239224652455 -1.74072943852357 0.318532886007351 -1
-0.209168161713869 0.0454193317145134 0.574255593378066 0.224199760771579 -0.253819910112282 0.0974026701571579 0.848457061032305 -0.55146669904775 0.468239224652455 -1.74072943852357 1
0.617756360973836 -0.209168161713869 0.0454193317145134 0.574255593378066 0.224199760771579 -0.253819910112282 0.0974026701571579 0.848457061032305 -0.55146669904775 0.468239224652455 1
0.649573885079768 0.617756360973836 -0.209168161713869 0.0454193317145134 0.574255593378066 0.224199760771579 -0.253819910112282 0.0974026701571579 0.848457061032305 -0.55146669904775 -1
-0.982548426788223 0.649573885079768 0.617756360973836 -0.209168161713869 0.0454193317145134 0.574255593378066 0.224199760771579 -0.253819910112282 0.0974026701571579 0.848457061032305 -1
-0.162734758100406 -0.982548426788223 0.649573885079768 0.617756360973836 -0.209168161713869 0.0454193317145134 0.574255593378066 0.224199760771579 -0.253819910112282 0.0974026701571579 -1
-1.43406400549068 -0.162734758100406 -0.982548426788223 0.649573885079768 0.617756360973836 -0.209168161713869 0.0454193317145134 0.574255593378066 0.224199760771579 -0.253819910112282 1
0.00563954315194414 -1.43406400549068 -0.162734758100406 -0.982548426788223 0.649573885079768 0.617756360973836 -0.209168161713869 0.0454193317145134 0.574255593378066 0.224199760771579 -1
-0.438812482131556 0.00563954315194414 -1.43406400549068 -0.162734758100406 -0.982548426788223 0.649573885079768 0.617756360973836 -0.209168161713869 0.0454193317145134 0.574255593378066 -1
-0.0494814004924248 -0.438812482131556 0.00563954315194414 -1.43406400549068 -0.162734758100406 -0.982548426788223 0.649573885079768 0.617756360973836 -0.209168161713869 0.0454193317145134 -1
-0.369895535715784 -0.0494814004924248 -0.438812482131556 0.00563954315194414 -1.43406400549068 -0.162734758100406 -0.982548426788223 0.649573885079768 0.617756360973836 -0.209168161713869 1
1.06239758858106 -0.369895535715784 -0.0494814004924248 -0.438812482131556 0.00563954315194414 -1.43406400549068 -0.162734758100406 -0.982548426788223 0.649573885079768 0.617756360973836 -1
-0.228514099314453 1.06239758858106 -0.369895535715784 -0.0494814004924248 -0.438812482131556 0.00563954315194414 -1.43406400549068 -0.162734758100406 -0.982548426788223 0.649573885079768 1
0.58193405434912 -0.228514099314453 1.06239758858106 -0.369895535715784 -0.0494814004924248 -0.438812482131556 0.00563954315194414 -1.43406400549068 -0.162734758100406 -0.982548426788223 -1
-0.130113124118656 0.58193405434912 -0.228514099314453 1.06239758858106 -0.369895535715784 -0.0494814004924248 -0.438812482131556 0.00563954315194414 -1.43406400549068 -0.162734758100406 1
0.64801296590906 -0.130113124118656 0.58193405434912 -0.228514099314453 1.06239758858106 -0.369895535715784 -0.0494814004924248 -0.438812482131556 0.00563954315194414 -1.43406400549068 -1
-1.7238904317123 0.64801296590906 -0.130113124118656 0.58193405434912 -0.228514099314453 1.06239758858106 -0.369895535715784 -0.0494814004924248 -0.438812482131556 0.00563954315194414 1
1.07527911345447 -1.7238904317123 0.64801296590906 -0.130113124118656 0.58193405434912 -0.228514099314453 1.06239758858106 -0.369895535715784 -0.0494814004924248 -0.438812482131556 -1
-0.228135694667008 1.07527911345447 -1.7238904317123 0.64801296590906 -0.130113124118656 0.58193405434912 -0.228514099314453 1.06239758858106 -0.369895535715784 -0.0494814004924248 -1
-0.0529343429003529 -0.228135694667008 1.07527911345447 -1.7238904317123 0.64801296590906 -0.130113124118656 0.58193405434912 -0.228514099314453 1.06239758858106 -0.369895535715784 1
0.0549425153418588 -0.0529343429003529 -0.228135694667008 1.07527911345447 -1.7238904317123 0.64801296590906 -0.130113124118656 0.58193405434912 -0.228514099314453 1.06239758858106 1
0 0.0549425153418588 -0.0529343429003529 -0.228135694667008 1.07527911345447 -1.7238904317123 0.64801296590906 -0.130113124118656 0.58193405434912 -0.228514099314453 -1
-0.345362301073153 0 0.0549425153418588 -0.0529343429003529 -0.228135694667008 1.07527911345447 -1.7238904317123 0.64801296590906 -0.130113124118656 0.58193405434912 -1
-1.36070080446744 -0.345362301073153 0 0.0549425153418588 -0.0529343429003529 -0.228135694667008 1.07527911345447 -1.7238904317123 0.64801296590906 -0.130113124118656 1
0.738010204559535 -1.36070080446744 -0.345362301073153 0 0.0549425153418588 -0.0529343429003529 -0.228135694667008 1.07527911345447 -1.7238904317123 0.64801296590906 -1
-0.755631773204196 0.738010204559535 -1.36070080446744 -0.345362301073153 0 0.0549425153418588 -0.0529343429003529 -0.228135694667008 1.07527911345447 -1.7238904317123 1
0.805287397503048 -0.755631773204196 0.738010204559535 -1.36070080446744 -0.345362301073153 0 0.0549425153418588 -0.0529343429003529 -0.228135694667008 1.07527911345447 -1
-0.904029462443555 0.805287397503048 -0.755631773204196 0.738010204559535 -1.36070080446744 -0.345362301073153 0 0.0549425153418588 -0.0529343429003529 -0.228135694667008 1
0.748274430621458 -0.904029462443555 0.805287397503048 -0.755631773204196 0.738010204559535 -1.36070080446744 -0.345362301073153 0 0.0549425153418588 -0.0529343429003529 -1
-0.148528816960939 0.748274430621458 -0.904029462443555 0.805287397503048 -0.755631773204196 0.738010204559535 -1.36070080446744 -0.345362301073153 0 0.0549425153418588 -1
-1.05736217896 -0.148528816960939 0.748274430621458 -0.904029462443555 0.805287397503048 -0.755631773204196 0.738010204559535 -1.36070080446744 -0.345362301073153 0 1
0.920275109745148 -1.05736217896 -0.148528816960939 0.748274430621458 -0.904029462443555 0.805287397503048 -0.755631773204196 0.738010204559535 -1.36070080446744 -0.345362301073153 1
0.743828176013989 0.920275109745148 -1.05736217896 -0.148528816960939 0.748274430621458 -0.904029462443555 0.805287397503048 -0.755631773204196 0.738010204559535 -1.36070080446744 -1
-0.695749237746154 0.743828176013989 0.920275109745148 -1.05736217896 -0.148528816960939 0.748274430621458 -0.904029462443555 0.805287397503048 -0.755631773204196 0.738010204559535 1
0.133461479686526 -0.695749237746154 0.743828176013989 0.920275109745148 -1.05736217896 -0.148528816960939 0.748274430621458 -0.904029462443555 0.805287397503048 -0.755631773204196 -1
-1.76947242486902 0.133461479686526 -0.695749237746154 0.743828176013989 0.920275109745148 -1.05736217896 -0.148528816960939 0.748274430621458 -0.904029462443555 0.805287397503048 -1
-1.55313533455312 -1.76947242486902 0.133461479686526 -0.695749237746154 0.743828176013989 0.920275109745148 -1.05736217896 -0.148528816960939 0.748274430621458 -0.904029462443555 -1
-0.616804568173112 -1.55313533455312 -1.76947242486902 0.133461479686526 -0.695749237746154 0.743828176013989 0.920275109745148 -1.05736217896 -0.148528816960939 0.748274430621458 1
1.26672033134061 -0.616804568173112 -1.55313533455312 -1.76947242486902 0.133461479686526 -0.695749237746154 0.743828176013989 0.920275109745148 -1.05736217896 -0.148528816960939 1
1.23889182289315 1.26672033134061 -0.616804568173112 -1.55313533455312 -1.76947242486902 0.133461479686526 -0.695749237746154 0.743828176013989 0.920275109745148 -1.05736217896 -1
-0.594620595716697 1.23889182289315 1.26672033134061 -0.616804568173112 -1.55313533455312 -1.76947242486902 0.133461479686526 -0.695749237746154 0.743828176013989 0.920275109745148 -1
-1.15350849313144 -0.594620595716697 1.23889182289315 1.26672033134061 -0.616804568173112 -1.55313533455312 -1.76947242486902 0.133461479686526 -0.695749237746154 0.743828176013989 1
1.40471189277525 -1.15350849313144 -0.594620595716697 1.23889182289315 1.26672033134061 -0.616804568173112 -1.55313533455312 -1.76947242486902 0.133461479686526 -0.695749237746154 1
1.08921701796866 1.40471189277525 -1.15350849313144 -0.594620595716697 1.23889182289315 1.26672033134061 -0.616804568173112 -1.55313533455312 -1.76947242486902 0.133461479686526 -1
-0.189790690392665 1.08921701796866 1.40471189277525 -1.15350849313144 -0.594620595716697 1.23889182289315 1.26672033134061 -0.616804568173112 -1.55313533455312 -1.76947242486902 1
1.01691019658621 -0.189790690392665 1.08921701796866 1.40471189277525 -1.15350849313144 -0.594620595716697 1.23889182289315 1.26672033134061 -0.616804568173112 -1.55313533455312 -1
-0.215033433749254 1.01691019658621 -0.189790690392665 1.08921701796866 1.40471189277525 -1.15350849313144 -0.594620595716697 1.23889182289315 1.26672033134061 -0.616804568173112 -1
-0.206330126858038 -0.215033433749254 1.01691019658621 -0.189790690392665 1.08921701796866 1.40471189277525 -1.15350849313144 -0.594620595716697 1.23889182289315 1.26672033134061 1
0.236734414718167 -0.206330126858038 -0.215033433749254 1.01691019658621 -0.189790690392665 1.08921701796866 1.40471189277525 -1.15350849313144 -0.594620595716697 1.23889182289315 1
0.46418714155274 0.236734414718167 -0.206330126858038 -0.215033433749254 1.01691019658621 -0.189790690392665 1.08921701796866 1.40471189277525 -1.15350849313144 -0.594620595716697 -1
-1.47108459349897 0.46418714155274 0.236734414718167 -0.206330126858038 -0.215033433749254 1.01691019658621 -0.189790690392665 1.08921701796866 1.40471189277525 -1.15350849313144 -1
-0.131264104921298 -1.47108459349897 0.46418714155274 0.236734414718167 -0.206330126858038 -0.215033433749254 1.01691019658621 -0.189790690392665 1.08921701796866 1.40471189277525 1
0.715400526874745 -0.131264104921298 -1.47108459349897 0.46418714155274 0.236734414718167 -0.206330126858038 -0.215033433749254 1.01691019658621 -0.189790690392665 1.08921701796866 -1
-1.49024132877583 0.715400526874745 -0.131264104921298 -1.47108459349897 0.46418714155274 0.236734414718167 -0.206330126858038 -0.215033433749254 1.01691019658621 -0.189790690392665 1
0.858737053954538 -1.49024132877583 0.715400526874745 -0.131264104921298 -1.47108459349897 0.46418714155274 0.236734414718167 -0.206330126858038 -0.215033433749254 1.01691019658621 -1
-0.400861649364966 0.858737053954538 -1.49024132877583 0.715400526874745 -0.131264104921298 -1.47108459349897 0.46418714155274 0.236734414718167 -0.206330126858038 -0.215033433749254 -1
-2.19202428118168 -0.400861649364966 0.858737053954538 -1.49024132877583 0.715400526874745 -0.131264104921298 -1.47108459349897 0.46418714155274 0.236734414718167 -0.206330126858038 -1
-0.59574004279872 -2.19202428118168 -0.400861649364966 0.858737053954538 -1.49024132877583 0.715400526874745 -0.131264104921298 -1.47108459349897 0.46418714155274 0.236734414718167 -1
-1.51117971926774 -0.59574004279872 -2.19202428118168 -0.400861649364966 0.858737053954538 -1.49024132877583 0.715400526874745 -0.131264104921298 -1.47108459349897 0.46418714155274 1
1.43432205643776 -1.51117971926774 -0.59574004279872 -2.19202428118168 -0.400861649364966 0.858737053954538 -1.49024132877583 0.715400526874745 -0.131264104921298 -1.47108459349897 -1
-0.277407133136303 1.43432205643776 -1.51117971926774 -0.59574004279872 -2.19202428118168 -0.400861649364966 0.858737053954538 -1.49024132877583 0.715400526874745 -0.131264104921298 -1
-0.788016904281294 -0.277407133136303 1.43432205643776 -1.51117971926774 -0.59574004279872 -2.19202428118168 -0.400861649364966 0.858737053954538 -1.49024132877583 0.715400526874745 -1
-0.133313796761621 -0.788016904281294 -0.277407133136303 1.43432205643776 -1.51117971926774 -0.59574004279872 -2.19202428118168 -0.400861649364966 0.858737053954538 -1.49024132877583 1
1.61373315990723 -0.133313796761621 -0.788016904281294 -0.277407133136303 1.43432205643776 -1.51117971926774 -0.59574004279872 -2.19202428118168 -0.400861649364966 0.858737053954538 1
0.400157921833122 1.61373315990723 -0.133313796761621 -0.788016904281294 -0.277407133136303 1.43432205643776 -1.51117971926774 -0.59574004279872 -2.19202428118168 -0.400861649364966 1
0.60900575350169 0.400157921833122 1.61373315990723 -0.133313796761621 -0.788016904281294 -0.277407133136303 1.43432205643776 -1.51117971926774 -0.59574004279872 -2.19202428118168 1
1.004344008919 0.60900575350169 0.400157921833122 1.61373315990723 -0.133313796761621 -0.788016904281294 -0.277407133136303 1.43432205643776 -1.51117971926774 -0.59574004279872 -1
-0.385394359400686 1.004344008919 0.60900575350169 0.400157921833122 1.61373315990723 -0.133313796761621 -0.788016904281294 -0.277407133136303 1.43432205643776 -1.51117971926774 1
0.550762971515906 -0.385394359400686 1.004344008919 0.60900575350169 0.400157921833122 1.61373315990723 -0.133313796761621 -0.788016904281294 -0.277407133136303 1.43432205643776 -1
-1.24686407302798 0.550762971515906 -0.385394359400686 1.004344008919 0.60900575350169 0.400157921833122 1.61373315990723 -0.133313796761621 -0.788016904281294 -0.277407133136303 -1
-0.833078591047771 -1.24686407302798 0.550762971515906 -0.385394359400686 1.004344008919 0.60900575350169 0.400157921833122 1.61373315990723 -0.133313796761621 -0.788016904281294 1
0.164711396821291 -0.833078591047771 -1.24686407302798 0.550762971515906 -0.385394359400686 1.004344008919 0.60900575350169 0.400157921833122 1.61373315990723 -0.133313796761621 1
0.0985221172391802 0.164711396821291 -0.833078591047771 -1.24686407302798 0.550762971515906 -0.385394359400686 1.004344008919 0.60900575350169 0.400157921833122 1.61373315990723 -1
-0.420633292193925 0.0985221172391802 0.164711396821291 -0.833078591047771 -1.24686407302798 0.550762971515906 -0.385394359400686 1.004344008919 0.60900575350169 0.400157921833122 1
0.523360168296823 -0.420633292193925 0.0985221172391802 0.164711396821291 -0.833078591047771 -1.24686407302798 0.550762971515906 -0.385394359400686 1.004344008919 0.60900575350169 1
1.1163990851434 0.523360168296823 -0.420633292193925 0.0985221172391802 0.164711396821291 -0.833078591047771 -1.24686407302798 0.550762971515906 -0.385394359400686 1.004344008919 1
0.771656684461446 1.1163990851434 0.523360168296823 -0.420633292193925 0.0985221172391802 0.164711396821291 -0.833078591047771 -1.24686407302798 0.550762971515906 -0.385394359400686 1
1.2411464839175 0.771656684461446 1.1163990851434 0.523360168296823 -0.420633292193925 0.0985221172391802 0.164711396821291 -0.833078591047771 -1.24686407302798 0.550762971515906 -1
-0.319315447840746 1.2411464839175 0.771656684461446 1.1163990851434 0.523360168296823 -0.420633292193925 0.0985221172391802 0.164711396821291 -0.833078591047771 -1.24686407302798 -1
-0.683687589608871 -0.319315447840746 1.2411464839175 0.771656684461446 1.1163990851434 0.523360168296823 -0.420633292193925 0.0985221172391802 0.164711396821291 -0.833078591047771 1
0.758775159588034 -0.683687589608871 -0.319315447840746 1.2411464839175 0.771656684461446 1.1163990851434 0.523360168296823 -0.420633292193925 0.0985221172391802 0.164711396821291 -1
-0.875412610980589 0.758775159588034 -0.683687589608871 -0.319315447840746 1.2411464839175 0.771656684461446 1.1163990851434 0.523360168296823 -0.420633292193925 0.0985221172391802 1
1.28021676376611 -0.875412610980589 0.758775159588034 -0.683687589608871 -0.319315447840746 1.2411464839175 0.771656684461446 1.1163990851434 0.523360168296823 -0.420633292193925 -1
-1.88053418889388 1.28021676376611 -0.875412610980589 0.758775159588034 -0.683687589608871 -0.319315447840746 1.2411464839175 0.771656684461446 1.1163990851434 0.523360168296823 1
1.04054472019116 -1.88053418889388 1.28021676376611 -0.875412610980589 0.758775159588034 -0.683687589608871 -0.319315447840746 1.2411464839175 0.771656684461446 1.1163990851434 1
0.653547133877932 1.04054472019116 -1.88053418889388 1.28021676376611 -0.875412610980589 0.758775159588034 -0.683687589608871 -0.319315447840746 1.2411464839175 0.771656684461446 -1
-0.22736311851181 0.653547133877932 1.04054472019116 -1.88053418889388 1.28021676376611 -0.875412610980589 0.758775159588034 -0.683687589608871 -0.319315447840746 1.2411464839175 1
0.239477848412137 -0.22736311851181 0.653547133877932 1.04054472019116 -1.88053418889388 1.28021676376611 -0.875412610980589 0.758775159588034 -0.683687589608871 -0.319315447840746 -1
-1.04118538028176 0.239477848412137 -0.22736311851181 0.653547133877932 1.04054472019116 -1.88053418889388 1.28021676376611 -0.875412610980589 0.758775159588034 -0.683687589608871 -1
-0.362548178811243 -1.04118538028176 0.239477848412137 -0.22736311851181 0.653547133877932 1.04054472019116 -1.88053418889388 1.28021676376611 -0.875412610980589 0.758775159588034 -1
-0.185644006131089 -0.362548178811243 -1.04118538028176 0.239477848412137 -0.22736311851181 0.653547133877932 1.04054472019116 -1.88053418889388 1.28021676376611 -0.875412610980589 1
0.0522306153685088 -0.185644006131089 -0.362548178811243 -1.04118538028176 0.239477848412137 -0.22736311851181 0.653547133877932 1.04054472019116 -1.88053418889388 1.28021676376611 1
1.11316687877982 0.0522306153685088 -0.185644006131089 -0.362548178811243 -1.04118538028176 0.239477848412137 -0.22736311851181 0.653547133877932 1.04054472019116 -1.88053418889388 -1
-0.493901892055304 1.11316687877982 0.0522306153685088 -0.185644006131089 -0.362548178811243 -1.04118538028176 0.239477848412137 -0.22736311851181 0.653547133877932 1.04054472019116 1
0.0101961657815845 -0.493901892055304 1.11316687877982 0.0522306153685088 -0.185644006131089 -0.362548178811243 -1.04118538028176 0.239477848412137 -0.22736311851181 0.653547133877932 1
0.922750506813846 0.0101961657815845 -0.493901892055304 1.11316687877982 0.0522306153685088 -0.185644006131089 -0.362548178811243 -1.04118538028176 0.239477848412137 -0.22736311851181 -1
-1.07875780840091 0.922750506813846 0.0101961657815845 -0.493901892055304 1.11316687877982 0.0522306153685088 -0.185644006131089 -0.362548178811243 -1.04118538028176 0.239477848412137 -1
-0.148891454748073 -1.07875780840091 0.922750506813846 0.0101961657815845 -0.493901892055304 1.11316687877982 0.0522306153685088 -0.185644006131089 -0.362548178811243 -1.04118538028176 1
0.383586951647129 -0.148891454748073 -1.07875780840091 0.922750506813846 0.0101961657815845 -0.493901892055304 1.11316687877982 0.0522306153685088 -0.185644006131089 -0.362548178811243 -1
-0.295034482963077 0.383586951647129 -0.148891454748073 -1.07875780840091 0.922750506813846 0.0101961657815845 -0.493901892055304 1.11316687877982 0.0522306153685088 -0.185644006131089 -1
-0.224335881332256 -0.295034482963077 0.383586951647129 -0.148891454748073 -1.07875780840091 0.922750506813846 0.0101961657815845 -0.493901892055304 1.11316687877982 0.0522306153685088 -1
-1.01256852881879 -0.224335881332256 -0.295034482963077 0.383586951647129 -0.148891454748073 -1.07875780840091 0.922750506813846 0.0101961657815845 -0.493901892055304 1.11316687877982 -1
-0.15136685181677 -1.01256852881879 -0.224335881332256 -0.295034482963077 0.383586951647129 -0.148891454748073 -1.07875780840091 0.922750506813846 0.0101961657815845 -0.493901892055304 -1
-0.532861803881745 -0.15136685181677 -1.01256852881879 -0.224335881332256 -0.295034482963077 0.383586951647129 -0.148891454748073 -1.07875780840091 0.922750506813846 0.0101961657815845 1
1.36636688850091 -0.532861803881745 -0.15136685181677 -1.01256852881879 -0.224335881332256 -0.295034482963077 0.383586951647129 -0.148891454748073 -1.07875780840091 0.922750506813846 -1
-0.627163395396896 1.36636688850091 -0.532861803881745 -0.15136685181677 -1.01256852881879 -0.224335881332256 -0.295034482963077 0.383586951647129 -0.148891454748073 -1.07875780840091 1
0.459914322408683 -0.627163395396896 1.36636688850091 -0.532861803881745 -0.15136685181677 -1.01256852881879 -0.224335881332256 -0.295034482963077 0.383586951647129 -0.148891454748073 -1
-0.672114714141203 0.459914322408683 -0.627163395396896 1.36636688850091 -0.532861803881745 -0.15136685181677 -1.01256852881879 -0.224335881332256 -0.295034482963077 0.383586951647129 1
0.40173460786414 -0.672114714141203 0.459914322408683 -0.627163395396896 1.36636688850091 -0.532861803881745 -0.15136685181677 -1.01256852881879 -0.224335881332256 -0.295034482963077 1
1.22883256601526 0.40173460786414 -0.672114714141203 0.459914322408683 -0.627163395396896 1.36636688850091 -0.532861803881745 -0.15136685181677 -1.01256852881879 -0.224335881332256 -1
-0.353971006802508 1.22883256601526 0.40173460786414 -0.672114714141203 0.459914322408683 -0.627163395396896 1.36636688850091 -0.532861803881745 -0.15136685181677 -1.01256852881879 -1
-0.352646590536454 -0.353971006802508 1.22883256601526 0.40173460786414 -0.672114714141203 0.459914322408683 -0.627163395396896 1.36636688850091 -0.532861803881745 -0.15136685181677 -1
-0.852329927486494 -0.352646590536454 -0.353971006802508 1.22883256601526 0.40173460786414 -0.672114714141203 0.459914322408683 -0.627163395396896 1.36636688850091 -0.532861803881745 -1
-0.239456300369713 -0.852329927486494 -0.352646590536454 -0.353971006802508 1.22883256601526 0.40173460786414 -0.672114714141203 0.459914322408683 -0.627163395396896 1.36636688850091 -1
-0.519097334830963 -0.239456300369713 -0.852329927486494 -0.352646590536454 -0.353971006802508 1.22883256601526 0.40173460786414 -0.672114714141203 0.459914322408683 -0.627163395396896 1
2.07888707277799 -0.519097334830963 -0.239456300369713 -0.852329927486494 -0.352646590536454 -0.353971006802508 1.22883256601526 0.40173460786414 -0.672114714141203 0.459914322408683 1
1.11124332182198 2.07888707277799 -0.519097334830963 -0.239456300369713 -0.852329927486494 -0.352646590536454 -0.353971006802508 1.22883256601526 0.40173460786414 -0.672114714141203 -1
-0.722269096787867 1.11124332182198 2.07888707277799 -0.519097334830963 -0.239456300369713 -0.852329927486494 -0.352646590536454 -0.353971006802508 1.22883256601526 0.40173460786414 1
0.223884423565375 -0.722269096787867 1.11124332182198 2.07888707277799 -0.519097334830963 -0.239456300369713 -0.852329927486494 -0.352646590536454 -0.353971006802508 1.22883256601526 1
0.00117752168416464 0.223884423565375 -0.722269096787867 1.11124332182198 2.07888707277799 -0.519097334830963 -0.239456300369713 -0.852329927486494 -0.352646590536454 -0.353971006802508 1
0.554925422637792 0.00117752168416464 0.223884423565375 -0.722269096787867 1.11124332182198 2.07888707277799 -0.519097334830963 -0.239456300369713 -0.852329927486494 -0.352646590536454 1
0.0213433360208775 0.554925422637792 0.00117752168416464 0.223884423565375 -0.722269096787867 1.11124332182198 2.07888707277799 -0.519097334830963 -0.239456300369713 -0.852329927486494 -1
-0.763609804521144 0.0213433360208775 0.554925422637792 0.00117752168416464 0.223884423565375 -0.722269096787867 1.11124332182198 2.07888707277799 -0.519097334830963 -0.239456300369713 1
0.0957786835452101 -0.763609804521144 0.0213433360208775 0.554925422637792 0.00117752168416464 0.223884423565375 -0.722269096787867 1.11124332182198 2.07888707277799 -0.519097334830963 -1
-0.780827215979854 0.0957786835452101 -0.763609804521144 0.0213433360208775 0.554925422637792 0.00117752168416464 0.223884423565375 -0.722269096787867 1.11124332182198 2.07888707277799 -1
-0.0623156247849066 -0.780827215979854 0.0957786835452101 -0.763609804521144 0.0213433360208775 0.554925422637792 0.00117752168416464 0.223884423565375 -0.722269096787867 1.11124332182198 1
0.0716711541309536 -0.0623156247849066 -0.780827215979854 0.0957786835452101 -0.763609804521144 0.0213433360208775 0.554925422637792 0.00117752168416464 0.223884423565375 -0.722269096787867 1
1.50364894122159 0.0716711541309536 -0.0623156247849066 -0.780827215979854 0.0957786835452101 -0.763609804521144 0.0213433360208775 0.554925422637792 0.00117752168416464 0.223884423565375 -1
-0.117389267848345 1.50364894122159 0.0716711541309536 -0.0623156247849066 -0.780827215979854 0.0957786835452101 -0.763609804521144 0.0213433360208775 0.554925422637792 0.00117752168416464 -1
-0.661566684593697 -0.117389267848345 1.50364894122159 0.0716711541309536 -0.0623156247849066 -0.780827215979854 0.0957786835452101 -0.763609804521144 0.0213433360208775 0.554925422637792 -1
-1.23131794876215 -0.661566684593697 -0.117389267848345 1.50364894122159 0.0716711541309536 -0.0623156247849066 -0.780827215979854 0.0957786835452101 -0.763609804521144 0.0213433360208775 -1
-0.199093137975668 -1.23131794876215 -0.661566684593697 -0.117389267848345 1.50364894122159 0.0716711541309536 -0.0623156247849066 -0.780827215979854 0.0957786835452101 -0.763609804521144 1
0.464928183987318 -0.199093137975668 -1.23131794876215 -0.661566684593697 -0.117389267848345 1.50364894122159 0.0716711541309536 -0.0623156247849066 -0.780827215979854 0.0957786835452101 1
0.349388631634362 0.464928183987318 -0.199093137975668 -1.23131794876215 -0.661566684593697 -0.117389267848345 1.50364894122159 0.0716711541309536 -0.0623156247849066 -0.780827215979854 1
0.364808621017712 0.349388631634362 0.464928183987318 -0.199093137975668 -1.23131794876215 -0.661566684593697 -0.117389267848345 1.50364894122159 0.0716711541309536 -0.0623156247849066 1
0.344343236335106 0.364808621017712 0.349388631634362 0.464928183987318 -0.199093137975668 -1.23131794876215 -0.661566684593697 -0.117389267848345 1.50364894122159 0.0716711541309536 1
0.631158192237484 0.344343236335106 0.364808621017712 0.349388631634362 0.464928183987318 -0.199093137975668 -1.23131794876215 -0.661566684593697 -0.117389267848345 1.50364894122159 -1
-1.25119995961328 0.631158192237484 0.344343236335106 0.364808621017712 0.349388631634362 0.464928183987318 -0.199093137975668 -1.23131794876215 -0.661566684593697 -0.117389267848345 -1
-0.330730654705312 -1.25119995961328 0.631158192237484 0.344343236335106 0.364808621017712 0.349388631634362 0.464928183987318 -0.199093137975668 -1.23131794876215 -0.661566684593697 -1
-0.799700147771133 -0.330730654705312 -1.25119995961328 0.631158192237484 0.344343236335106 0.364808621017712 0.349388631634362 0.464928183987318 -0.199093137975668 -1.23131794876215 1
1.18219419321776 -0.799700147771133 -0.330730654705312 -1.25119995961328 0.631158192237484 0.344343236335106 0.364808621017712 0.349388631634362 0.464928183987318 -0.199093137975668 -1
-0.301719631734591 1.18219419321776 -0.799700147771133 -0.330730654705312 -1.25119995961328 0.631158192237484 0.344343236335106 0.364808621017712 0.349388631634362 0.464928183987318 1
0.296475048433417 -0.301719631734591 1.18219419321776 -0.799700147771133 -0.330730654705312 -1.25119995961328 0.631158192237484 0.344343236335106 0.364808621017712 0.349388631634362 1
0.422294593708607 0.296475048433417 -0.301719631734591 1.18219419321776 -0.799700147771133 -0.330730654705312 -1.25119995961328 0.631158192237484 0.344343236335106 0.364808621017712 -1
-1.09020454898609 0.422294593708607 0.296475048433417 -0.301719631734591 1.18219419321776 -0.799700147771133 -0.330730654705312 -1.25119995961328 0.631158192237484 0.344343236335106 1
0.229923131064172 -1.09020454898609 0.422294593708607 0.296475048433417 -0.301719631734591 1.18219419321776 -0.799700147771133 -0.330730654705312 -1.25119995961328 0.631158192237484 -1
-0.823129702192051 0.229923131064172 -1.09020454898609 0.422294593708607 0.296475048433417 -0.301719631734591 1.18219419321776 -0.799700147771133 -0.330730654705312 -1.25119995961328 -1
-0.313623611268773 -0.823129702192051 0.229923131064172 -1.09020454898609 0.422294593708607 0.296475048433417 -0.301719631734591 1.18219419321776 -0.799700147771133 -0.330730654705312 -1
-0.758091403412583 -0.313623611268773 -0.823129702192051 0.229923131064172 -1.09020454898609 0.422294593708607 0.296475048433417 -0.301719631734591 1.18219419321776 -0.799700147771133 1
0.969972253442817 -0.758091403412583 -0.313623611268773 -0.823129702192051 0.229923131064172 -1.09020454898609 0.422294593708607 0.296475048433417 -0.301719631734591 1.18219419321776 1
1.1022877451658 0.969972253442817 -0.758091403412583 -0.313623611268773 -0.823129702192051 0.229923131064172 -1.09020454898609 0.422294593708607 0.296475048433417 -0.301719631734591 -1
-0.493129315900106 1.1022877451658 0.969972253442817 -0.758091403412583 -0.313623611268773 -0.823129702192051 0.229923131064172 -1.09020454898609 0.422294593708607 0.296475048433417 -1
-0.24182132941624 -0.493129315900106 1.1022877451658 0.969972253442817 -0.758091403412583 -0.313623611268773 -0.823129702192051 0.229923131064172 -1.09020454898609 0.422294593708607 1
1.8948089786567 -0.24182132941624 -0.493129315900106 1.1022877451658 0.969972253442817 -0.758091403412583 -0.313623611268773 -0.823129702192051 0.229923131064172 -1.09020454898609 -1
-0.633470139520966 1.8948089786567 -0.24182132941624 -0.493129315900106 1.1022877451658 0.969972253442817 -0.758091403412583 -0.313623611268773 -0.823129702192051 0.229923131064172 1
0.283372787515662 -0.633470139520966 1.8948089786567 -0.24182132941624 -0.493129315900106 1.1022877451658 0.969972253442817 -0.758091403412583 -0.313623611268773 -0.823129702192051 1
0.0818092453103959 0.283372787515662 -0.633470139520966 1.8948089786567 -0.24182132941624 -0.493129315900106 1.1022877451658 0.969972253442817 -0.758091403412583 -0.313623611268773 -1
-0.0309395727676603 0.0818092453103959 0.283372787515662 -0.633470139520966 1.8948089786567 -0.24182132941624 -0.493129315900106 1.1022877451658 0.969972253442817 -0.758091403412583 1
0.354197524028965 -0.0309395727676603 0.0818092453103959 0.283372787515662 -0.633470139520966 1.8948089786567 -0.24182132941624 -0.493129315900106 1.1022877451658 0.969972253442817 -1
-0.412166488207361 0.354197524028965 -0.0309395727676603 0.0818092453103959 0.283372787515662 -0.633470139520966 1.8948089786567 -0.24182132941624 -0.493129315900106 1.1022877451658 -1
-0.602630160754266 -0.412166488207361 0.354197524028965 -0.0309395727676603 0.0818092453103959 0.283372787515662 -0.633470139520966 1.8948089786567 -0.24182132941624 -0.493129315900106 1
0.412913311824053 -0.602630160754266 -0.412166488207361 0.354197524028965 -0.0309395727676603 0.0818092453103959 0.283372787515662 -0.633470139520966 1.8948089786567 -0.24182132941624 1
1.75681741722206 0.412913311824053 -0.602630160754266 -0.412166488207361 0.354197524028965 -0.0309395727676603 0.0818092453103959 0.283372787515662 -0.633470139520966 1.8948089786567 1
0.141534112165336 1.75681741722206 0.412913311824053 -0.602630160754266 -0.412166488207361 0.354197524028965 -0.0309395727676603 0.0818092453103959 0.283372787515662 -0.633470139520966 1
0.472717012980544 0.141534112165336 1.75681741722206 0.412913311824053 -0.602630160754266 -0.412166488207361 0.354197524028965 -0.0309395727676603 0.0818092453103959 0.283372787515662 -1
-1.1655386075481 0.472717012980544 0.141534112165336 1.75681741722206 0.412913311824053 -0.602630160754266 -0.412166488207361 0.354197524028965 -0.0309395727676603 0.0818092453103959 -1
-0.464291728392797 -1.1655386075481 0.472717012980544 0.141534112165336 1.75681741722206 0.412913311824053 -0.602630160754266 -0.412166488207361 0.354197524028965 -0.0309395727676603 1
0.243151526864408 -0.464291728392797 -1.1655386075481 0.472717012980544 0.141534112165336 1.75681741722206 0.412913311824053 -0.602630160754266 -0.412166488207361 0.354197524028965 -1
-0.199786879829315 0.243151526864408 -0.464291728392797 -1.1655386075481 0.472717012980544 0.141534112165336 1.75681741722206 0.412913311824053 -0.602630160754266 -0.412166488207361 1
0.0864289353812768 -0.199786879829315 0.243151526864408 -0.464291728392797 -1.1655386075481 0.472717012980544 0.141534112165336 1.75681741722206 0.412913311824053 -0.602630160754266 1
0.526576607800099 0.0864289353812768 -0.199786879829315 0.243151526864408 -0.464291728392797 -1.1655386075481 0.472717012980544 0.141534112165336 1.75681741722206 0.412913311824053 1
0.238500303072907 0.526576607800099 0.0864289353812768 -0.199786879829315 0.243151526864408 -0.464291728392797 -1.1655386075481 0.472717012980544 0.141534112165336 1.75681741722206 -1
-0.146526425701547 0.238500303072907 0.526576607800099 0.0864289353812768 -0.199786879829315 0.243151526864408 -0.464291728392797 -1.1655386075481 0.472717012980544 0.141534112165336 -1
-0.781662859576293 -0.146526425701547 0.238500303072907 0.526576607800099 0.0864289353812768 -0.199786879829315 0.243151526864408 -0.464291728392797 -1.1655386075481 0.472717012980544 -1
-0.564963131473259 -0.781662859576293 -0.146526425701547 0.238500303072907 0.526576607800099 0.0864289353812768 -0.199786879829315 0.243151526864408 -0.464291728392797 -1.1655386075481 -1
-0.266748735566625 -0.564963131473259 -0.781662859576293 -0.146526425701547 0.238500303072907 0.526576607800099 0.0864289353812768 -0.199786879829315 0.243151526864408 -0.464291728392797 1
1.59188029151733 -0.266748735566625 -0.564963131473259 -0.781662859576293 -0.146526425701547 0.238500303072907 0.526576607800099 0.0864289353812768 -0.199786879829315 0.243151526864408 1
0.523123665392171 1.59188029151733 -0.266748735566625 -0.564963131473259 -0.781662859576293 -0.146526425701547 0.238500303072907 0.526576607800099 0.0864289353812768 -0.199786879829315 1
0.280518985799521 0.523123665392171 1.59188029151733 -0.266748735566625 -0.564963131473259 -0.781662859576293 -0.146526425701547 0.238500303072907 0.526576607800099 0.0864289353812768 1
0.2324458287138 0.280518985799521 0.523123665392171 1.59188029151733 -0.266748735566625 -0.564963131473259 -0.781662859576293 -0.146526425701547 0.238500303072907 0.526576607800099 -1
-0.393498525600115 0.2324458287138 0.280518985799521 0.523123665392171 1.59188029151733 -0.266748735566625 -0.564963131473259 -0.781662859576293 -0.146526425701547 0.238500303072907 1
0.68055576558926 -0.393498525600115 0.2324458287138 0.280518985799521 0.523123665392171 1.59188029151733 -0.266748735566625 -0.564963131473259 -0.781662859576293 -0.146526425701547 -1
-0.612295246124402 0.68055576558926 -0.393498525600115 0.2324458287138 0.280518985799521 0.523123665392171 1.59188029151733 -0.266748735566625 -0.564963131473259 -0.781662859576293 -1
-0.0286849117433049 -0.612295246124402 0.68055576558926 -0.393498525600115 0.2324458287138 0.280518985799521 0.523123665392171 1.59188029151733 -0.266748735566625 -0.564963131473259 -1
-0.0796591711260979 -0.0286849117433049 -0.612295246124402 0.68055576558926 -0.393498525600115 0.2324458287138 0.280518985799521 0.523123665392171 1.59188029151733 -0.266748735566625 1
0.719941382644075 -0.0796591711260979 -0.0286849117433049 -0.612295246124402 0.68055576558926 -0.393498525600115 0.2324458287138 0.280518985799521 0.523123665392171 1.59188029151733 1
0.0829602261130377 0.719941382644075 -0.0796591711260979 -0.0286849117433049 -0.612295246124402 0.68055576558926 -0.393498525600115 0.2324458287138 0.280518985799521 0.523123665392171 1
0.956570422179169 0.0829602261130377 0.719941382644075 -0.0796591711260979 -0.0286849117433049 -0.612295246124402 0.68055576558926 -0.393498525600115 0.2324458287138 0.280518985799521 -1
-0.109994610362873 0.956570422179169 0.0829602261130377 0.719941382644075 -0.0796591711260979 -0.0286849117433049 -0.612295246124402 0.68055576558926 -0.393498525600115 0.2324458287138 1
0.478266947809725 -0.109994610362873 0.956570422179169 0.0829602261130377 0.719941382644075 -0.0796591711260979 -0.0286849117433049 -0.612295246124402 0.68055576558926 -0.393498525600115 -1
-0.241915930578101 0.478266947809725 -0.109994610362873 0.956570422179169 0.0829602261130377 0.719941382644075 -0.0796591711260979 -0.0286849117433049 -0.612295246124402 0.68055576558926 -1
-0.183342044525804 -0.241915930578101 0.478266947809725 -0.109994610362873 0.956570422179169 0.0829602261130377 0.719941382644075 -0.0796591711260979 -0.0286849117433049 -0.612295246124402 -1
-1.01884373922224 -0.183342044525804 -0.241915930578101 0.478266947809725 -0.109994610362873 0.956570422179169 0.0829602261130377 0.719941382644075 -0.0796591711260979 -0.0286849117433049 -1
-0.458253020894001 -1.01884373922224 -0.183342044525804 -0.241915930578101 0.478266947809725 -0.109994610362873 0.956570422179169 0.0829602261130377 0.719941382644075 -0.0796591711260979 1
0.0966300940019596 -0.458253020894001 -1.01884373922224 -0.183342044525804 -0.241915930578101 0.478266947809725 -0.109994610362873 0.956570422179169 0.0829602261130377 0.719941382644075 -1
-0.186101245080084 0.0966300940019596 -0.458253020894001 -1.01884373922224 -0.183342044525804 -0.241915930578101 0.478266947809725 -0.109994610362873 0.956570422179169 0.0829602261130377 -1
-0.00788842299418581 -0.186101245080084 0.0966300940019596 -0.458253020894001 -1.01884373922224 -0.183342044525804 -0.241915930578101 0.478266947809725 -0.109994610362873 0.956570422179169 1
1.2118516574612 -0.00788842299418581 -0.186101245080084 0.0966300940019596 -0.458253020894001 -1.01884373922224 -0.183342044525804 -0.241915930578101 0.478266947809725 -0.109994610362873 1
0.385005969075045 1.2118516574612 -0.00788842299418581 -0.186101245080084 0.0966300940019596 -0.458253020894001 -1.01884373922224 -0.183342044525804 -0.241915930578101 0.478266947809725 -1
-1.10622367906123 0.385005969075045 1.2118516574612 -0.00788842299418581 -0.186101245080084 0.0966300940019596 -0.458253020894001 -1.01884373922224 -0.183342044525804 -0.241915930578101 1
0.556360206926018 -1.10622367906123 0.385005969075045 1.2118516574612 -0.00788842299418581 -0.186101245080084 0.0966300940019596 -0.458253020894001 -1.01884373922224 -0.183342044525804 1
0.391123510875393 0.556360206926018 -1.10622367906123 0.385005969075045 1.2118516574612 -0.00788842299418581 -0.186101245080084 0.0966300940019596 -0.458253020894001 -1.01884373922224 1
