-0.014170 -0.035146 -0.009465 -0.013753 -0.005306 0.028775 0.053472 0.057012 0.072303 0.047666 1
-0.010957 -0.014170 -0.035146 -0.009465 -0.013753 -0.005306 0.028775 0.053472 0.057012 0.072303 1
0.001532 -0.010957 -0.014170 -0.035146 -0.009465 -0.013753 -0.005306 0.028775 0.053472 0.057012 -1
-0.005363 0.001532 -0.010957 -0.014170 -0.035146 -0.009465 -0.013753 -0.005306 0.028775 0.053472 -1
-0.022079 -0.005363 0.001532 -0.010957 -0.014170 -0.035146 -0.009465 -0.013753 -0.005306 0.028775 -1
-0.031822 -0.022079 -0.005363 0.001532 -0.010957 -0.014170 -0.035146 -0.009465 -0.013753 -0.005306 1
-0.023365 -0.031822 -0.022079 -0.005363 0.001532 -0.010957 -0.014170 -0.035146 -0.009465 -0.013753 -1
-0.026501 -0.023365 -0.031822 -0.022079 -0.005363 0.001532 -0.010957 -0.014170 -0.035146 -0.009465 -1
-0.039774 -0.026501 -0.023365 -0.031822 -0.022079 -0.005363 0.001532 -0.010957 -0.014170 -0.035146 -1
-0.069728 -0.039774 -0.026501 -0.023365 -0.031822 -0.022079 -0.005363 0.001532 -0.010957 -0.014170 1
0.012168 -0.069728 -0.039774 -0.026501 -0.023365 -0.031822 -0.022079 -0.005363 0.001532 -0.010957 -1
-0.018251 0.012168 -0.069728 -0.039774 -0.026501 -0.023365 -0.031822 -0.022079 -0.005363 0.001532 -1
-0.035856 -0.018251 0.012168 -0.069728 -0.039774 -0.026501 -0.023365 -0.031822 -0.022079 -0.005363 1
-0.008088 -0.035856 -0.018251 0.012168 -0.069728 -0.039774 -0.026501 -0.023365 -0.031822 -0.022079 -1
-0.012055 -0.008088 -0.035856 -0.018251 0.012168 -0.069728 -0.039774 -0.026501 -0.023365 -0.031822 -1
-0.051031 -0.012055 -0.008088 -0.035856 -0.018251 0.012168 -0.069728 -0.039774 -0.026501 -0.023365 1
-0.041993 -0.051031 -0.012055 -0.008088 -0.035856 -0.018251 0.012168 -0.069728 -0.039774 -0.026501 -1
-0.057112 -0.041993 -0.051031 -0.012055 -0.008088 -0.035856 -0.018251 0.012168 -0.069728 -0.039774 1
-0.030001 -0.057112 -0.041993 -0.051031 -0.012055 -0.008088 -0.035856 -0.018251 0.012168 -0.069728 -1
-0.045850 -0.030001 -0.057112 -0.041993 -0.051031 -0.012055 -0.008088 -0.035856 -0.018251 0.012168 -1
-0.047208 -0.045850 -0.030001 -0.057112 -0.041993 -0.051031 -0.012055 -0.008088 -0.035856 -0.018251 1
-0.030908 -0.047208 -0.045850 -0.030001 -0.057112 -0.041993 -0.051031 -0.012055 -0.008088 -0.035856 1
-0.002127 -0.030908 -0.047208 -0.045850 -0.030001 -0.057112 -0.041993 -0.051031 -0.012055 -0.008088 -1
-0.004655 -0.002127 -0.030908 -0.047208 -0.045850 -0.030001 -0.057112 -0.041993 -0.051031 -0.012055 -1
-0.015910 -0.004655 -0.002127 -0.030908 -0.047208 -0.045850 -0.030001 -0.057112 -0.041993 -0.051031 -1
-0.038703 -0.015910 -0.004655 -0.002127 -0.030908 -0.047208 -0.045850 -0.030001 -0.057112 -0.041993 -1
-0.054357 -0.038703 -0.015910 -0.004655 -0.002127 -0.030908 -0.047208 -0.045850 -0.030001 -0.057112 -1
-0.092833 -0.054357 -0.038703 -0.015910 -0.004655 -0.002127 -0.030908 -0.047208 -0.045850 -0.030001 1
-0.047322 -0.092833 -0.054357 -0.038703 -0.015910 -0.004655 -0.002127 -0.030908 -0.047208 -0.045850 -1
-0.065054 -0.047322 -0.092833 -0.054357 -0.038703 -0.015910 -0.004655 -0.002127 -0.030908 -0.047208 1
-0.041273 -0.065054 -0.047322 -0.092833 -0.054357 -0.038703 -0.015910 -0.004655 -0.002127 -0.030908 -1
-0.063575 -0.041273 -0.065054 -0.047322 -0.092833 -0.054357 -0.038703 -0.015910 -0.004655 -0.002127 1
-0.045283 -0.063575 -0.041273 -0.065054 -0.047322 -0.092833 -0.054357 -0.038703 -0.015910 -0.004655 1
-0.044452 -0.045283 -0.063575 -0.041273 -0.065054 -0.047322 -0.092833 -0.054357 -0.038703 -0.015910 -1
-0.096138 -0.044452 -0.045283 -0.063575 -0.041273 -0.065054 -0.047322 -0.092833 -0.054357 -0.038703 1
-0.082492 -0.096138 -0.044452 -0.045283 -0.063575 -0.041273 -0.065054 -0.047322 -0.092833 -0.054357 1
-0.052639 -0.082492 -0.096138 -0.044452 -0.045283 -0.063575 -0.041273 -0.065054 -0.047322 -0.092833 1
-0.033850 -0.052639 -0.082492 -0.096138 -0.044452 -0.045283 -0.063575 -0.041273 -0.065054 -0.047322 -1
-0.038996 -0.033850 -0.052639 -0.082492 -0.096138 -0.044452 -0.045283 -0.063575 -0.041273 -0.065054 1
-0.030257 -0.038996 -0.033850 -0.052639 -0.082492 -0.096138 -0.044452 -0.045283 -0.063575 -0.041273 1
0.008793 -0.030257 -0.038996 -0.033850 -0.052639 -0.082492 -0.096138 -0.044452 -0.045283 -0.063575 -1
0.004395 0.008793 -0.030257 -0.038996 -0.033850 -0.052639 -0.082492 -0.096138 -0.044452 -0.045283 -1
-0.025291 0.004395 0.008793 -0.030257 -0.038996 -0.033850 -0.052639 -0.082492 -0.096138 -0.044452 1
-0.010983 -0.025291 0.004395 0.008793 -0.030257 -0.038996 -0.033850 -0.052639 -0.082492 -0.096138 1
0.072409 -0.010983 -0.025291 0.004395 0.008793 -0.030257 -0.038996 -0.033850 -0.052639 -0.082492 1
0.090836 0.072409 -0.010983 -0.025291 0.004395 0.008793 -0.030257 -0.038996 -0.033850 -0.052639 1
0.093038 0.090836 0.072409 -0.010983 -0.025291 0.004395 0.008793 -0.030257 -0.038996 -0.033850 1
0.120044 0.093038 0.090836 0.072409 -0.010983 -0.025291 0.004395 0.008793 -0.030257 -0.038996 -1
0.111204 0.120044 0.093038 0.090836 0.072409 -0.010983 -0.025291 0.004395 0.008793 -0.030257 -1
0.081482 0.111204 0.120044 0.093038 0.090836 0.072409 -0.010983 -0.025291 0.004395 0.008793 -1
0.034788 0.081482 0.111204 0.120044 0.093038 0.090836 0.072409 -0.010983 -0.025291 0.004395 1
0.037755 0.034788 0.081482 0.111204 0.120044 0.093038 0.090836 0.072409 -0.010983 -0.025291 1
0.048379 0.037755 0.034788 0.081482 0.111204 0.120044 0.093038 0.090836 0.072409 -0.010983 -1
0.044565 0.048379 0.037755 0.034788 0.081482 0.111204 0.120044 0.093038 0.090836 0.072409 -1
0.020036 0.044565 0.048379 0.037755 0.034788 0.081482 0.111204 0.120044 0.093038 0.090836 1
0.042679 0.020036 0.044565 0.048379 0.037755 0.034788 0.081482 0.111204 0.120044 0.093038 -1
0.019197 0.042679 0.020036 0.044565 0.048379 0.037755 0.034788 0.081482 0.111204 0.120044 1
0.025715 0.019197 0.042679 0.020036 0.044565 0.048379 0.037755 0.034788 0.081482 0.111204 -1
0.022840 0.025715 0.019197 0.042679 0.020036 0.044565 0.048379 0.037755 0.034788 0.081482 1
0.034105 0.022840 0.025715 0.019197 0.042679 0.020036 0.044565 0.048379 0.037755 0.034788 1
0.059127 0.034105 0.022840 0.025715 0.019197 0.042679 0.020036 0.044565 0.048379 0.037755 -1
0.018908 0.059127 0.034105 0.022840 0.025715 0.019197 0.042679 0.020036 0.044565 0.048379 1
0.019363 0.018908 0.059127 0.034105 0.022840 0.025715 0.019197 0.042679 0.020036 0.044565 1
0.019695 0.019363 0.018908 0.059127 0.034105 0.022840 0.025715 0.019197 0.042679 0.020036 1
0.027753 0.019695 0.019363 0.018908 0.059127 0.034105 0.022840 0.025715 0.019197 0.042679 1
0.054038 0.027753 0.019695 0.019363 0.018908 0.059127 0.034105 0.022840 0.025715 0.019197 1
0.062825 0.054038 0.027753 0.019695 0.019363 0.018908 0.059127 0.034105 0.022840 0.025715 1
0.085884 0.062825 0.054038 0.027753 0.019695 0.019363 0.018908 0.059127 0.034105 0.022840 -1
0.071332 0.085884 0.062825 0.054038 0.027753 0.019695 0.019363 0.018908 0.059127 0.034105 -1
0.037334 0.071332 0.085884 0.062825 0.054038 0.027753 0.019695 0.019363 0.018908 0.059127 -1
0.033312 0.037334 0.071332 0.085884 0.062825 0.054038 0.027753 0.019695 0.019363 0.018908 -1
0.033302 0.033312 0.037334 0.071332 0.085884 0.062825 0.054038 0.027753 0.019695 0.019363 1
0.060349 0.033302 0.033312 0.037334 0.071332 0.085884 0.062825 0.054038 0.027753 0.019695 1
0.116596 0.060349 0.033302 0.033312 0.037334 0.071332 0.085884 0.062825 0.054038 0.027753 1
0.137272 0.116596 0.060349 0.033302 0.033312 0.037334 0.071332 0.085884 0.062825 0.054038 -1
0.102465 0.137272 0.116596 0.060349 0.033302 0.033312 0.037334 0.071332 0.085884 0.062825 -1
0.048865 0.102465 0.137272 0.116596 0.060349 0.033302 0.033312 0.037334 0.071332 0.085884 -1
0.025855 0.048865 0.102465 0.137272 0.116596 0.060349 0.033302 0.033312 0.037334 0.071332 1
0.072676 0.025855 0.048865 0.102465 0.137272 0.116596 0.060349 0.033302 0.033312 0.037334 -1
0.056682 0.072676 0.025855 0.048865 0.102465 0.137272 0.116596 0.060349 0.033302 0.033312 1
0.068512 0.056682 0.072676 0.025855 0.048865 0.102465 0.137272 0.116596 0.060349 0.033302 -1
0.053013 0.068512 0.056682 0.072676 0.025855 0.048865 0.102465 0.137272 0.116596 0.060349 -1
0.045982 0.053013 0.068512 0.056682 0.072676 0.025855 0.048865 0.102465 0.137272 0.116596 1
0.049406 0.045982 0.053013 0.068512 0.056682 0.072676 0.025855 0.048865 0.102465 0.137272 1
0.056483 0.049406 0.045982 0.053013 0.068512 0.056682 0.072676 0.025855 0.048865 0.102465 -1
0.056002 0.056483 0.049406 0.045982 0.053013 0.068512 0.056682 0.072676 0.025855 0.048865 1
0.101369 0.056002 0.056483 0.049406 0.045982 0.053013 0.068512 0.056682 0.072676 0.025855 -1
0.089243 0.101369 0.056002 0.056483 0.049406 0.045982 0.053013 0.068512 0.056682 0.072676 -1
0.079428 0.089243 0.101369 0.056002 0.056483 0.049406 0.045982 0.053013 0.068512 0.056682 -1
0.043495 0.079428 0.089243 0.101369 0.056002 0.056483 0.049406 0.045982 0.053013 0.068512 -1
0.024441 0.043495 0.079428 0.089243 0.101369 0.056002 0.056483 0.049406 0.045982 0.053013 -1
0.015005 0.024441 0.043495 0.079428 0.089243 0.101369 0.056002 0.056483 0.049406 0.045982 -1
0.013308 0.015005 0.024441 0.043495 0.079428 0.089243 0.101369 0.056002 0.056483 0.049406 1
0.024686 0.013308 0.015005 0.024441 0.043495 0.079428 0.089243 0.101369 0.056002 0.056483 1
0.025734 0.024686 0.013308 0.015005 0.024441 0.043495 0.079428 0.089243 0.101369 0.056002 -1
-0.008846 0.025734 0.024686 0.013308 0.015005 0.024441 0.043495 0.079428 0.089243 0.101369 1
0.020546 -0.008846 0.025734 0.024686 0.013308 0.015005 0.024441 0.043495 0.079428 0.089243 1
0.044247 0.020546 -0.008846 0.025734 0.024686 0.013308 0.015005 0.024441 0.043495 0.079428 -1
0.013103 0.044247 0.020546 -0.008846 0.025734 0.024686 0.013308 0.015005 0.024441 0.043495 1
0.016719 0.013103 0.044247 0.020546 -0.008846 0.025734 0.024686 0.013308 0.015005 0.024441 1
0.022208 0.016719 0.013103 0.044247 0.020546 -0.008846 0.025734 0.024686 0.013308 0.015005 1
0.041281 0.022208 0.016719 0.013103 0.044247 0.020546 -0.008846 0.025734 0.024686 0.013308 -1
-0.006407 0.041281 0.022208 0.016719 0.013103 0.044247 0.020546 -0.008846 0.025734 0.024686 -1
-0.025437 -0.006407 0.041281 0.022208 0.016719 0.013103 0.044247 0.020546 -0.008846 0.025734 1
-0.008655 -0.025437 -0.006407 0.041281 0.022208 0.016719 0.013103 0.044247 0.020546 -0.008846 -1
-0.052306 -0.008655 -0.025437 -0.006407 0.041281 0.022208 0.016719 0.013103 0.044247 0.020546 1
-0.037823 -0.052306 -0.008655 -0.025437 -0.006407 0.041281 0.022208 0.016719 0.013103 0.044247 1
-0.001133 -0.037823 -0.052306 -0.008655 -0.025437 -0.006407 0.041281 0.022208 0.016719 0.013103 -1
-0.026041 -0.001133 -0.037823 -0.052306 -0.008655 -0.025437 -0.006407 0.041281 0.022208 0.016719 -1
-0.045653 -0.026041 -0.001133 -0.037823 -0.052306 -0.008655 -0.025437 -0.006407 0.041281 0.022208 -1
-0.052481 -0.045653 -0.026041 -0.001133 -0.037823 -0.052306 -0.008655 -0.025437 -0.006407 0.041281 1
-0.048304 -0.052481 -0.045653 -0.026041 -0.001133 -0.037823 -0.052306 -0.008655 -0.025437 -0.006407 1
-0.028695 -0.048304 -0.052481 -0.045653 -0.026041 -0.001133 -0.037823 -0.052306 -0.008655 -0.025437 1
-0.016483 -0.028695 -0.048304 -0.052481 -0.045653 -0.026041 -0.001133 -0.037823 -0.052306 -0.008655 -1
-0.017485 -0.016483 -0.028695 -0.048304 -0.052481 -0.045653 -0.026041 -0.001133 -0.037823 -0.052306 -1
-0.041066 -0.017485 -0.016483 -0.028695 -0.048304 -0.052481 -0.045653 -0.026041 -0.001133 -0.037823 -1
-0.042259 -0.041066 -0.017485 -0.016483 -0.028695 -0.048304 -0.052481 -0.045653 -0.026041 -0.001133 1
-0.010572 -0.042259 -0.041066 -0.017485 -0.016483 -0.028695 -0.048304 -0.052481 -0.045653 -0.026041 -1
-0.051322 -0.010572 -0.042259 -0.041066 -0.017485 -0.016483 -0.028695 -0.048304 -0.052481 -0.045653 1
-0.045429 -0.051322 -0.010572 -0.042259 -0.041066 -0.017485 -0.016483 -0.028695 -0.048304 -0.052481 1
-0.040267 -0.045429 -0.051322 -0.010572 -0.042259 -0.041066 -0.017485 -0.016483 -0.028695 -0.048304 -1
-0.064131 -0.040267 -0.045429 -0.051322 -0.010572 -0.042259 -0.041066 -0.017485 -0.016483 -0.028695 -1
-0.077005 -0.064131 -0.040267 -0.045429 -0.051322 -0.010572 -0.042259 -0.041066 -0.017485 -0.016483 -1
-0.129449 -0.077005 -0.064131 -0.040267 -0.045429 -0.051322 -0.010572 -0.042259 -0.041066 -0.017485 1
-0.127423 -0.129449 -0.077005 -0.064131 -0.040267 -0.045429 -0.051322 -0.010572 -0.042259 -0.041066 -1
-0.141857 -0.127423 -0.129449 -0.077005 -0.064131 -0.040267 -0.045429 -0.051322 -0.010572 -0.042259 -1
-0.142682 -0.141857 -0.127423 -0.129449 -0.077005 -0.064131 -0.040267 -0.045429 -0.051322 -0.010572 1
-0.094782 -0.142682 -0.141857 -0.127423 -0.129449 -0.077005 -0.064131 -0.040267 -0.045429 -0.051322 -1
-0.111230 -0.094782 -0.142682 -0.141857 -0.127423 -0.129449 -0.077005 -0.064131 -0.040267 -0.045429 1
-0.093526 -0.111230 -0.094782 -0.142682 -0.141857 -0.127423 -0.129449 -0.077005 -0.064131 -0.040267 -1
-0.111730 -0.093526 -0.111230 -0.094782 -0.142682 -0.141857 -0.127423 -0.129449 -0.077005 -0.064131 1
-0.094083 -0.111730 -0.093526 -0.111230 -0.094782 -0.142682 -0.141857 -0.127423 -0.129449 -0.077005 -1
-0.109553 -0.094083 -0.111730 -0.093526 -0.111230 -0.094782 -0.142682 -0.141857 -0.127423 -0.129449 1
-0.087386 -0.109553 -0.094083 -0.111730 -0.093526 -0.111230 -0.094782 -0.142682 -0.141857 -0.127423 -1
-0.097356 -0.087386 -0.109553 -0.094083 -0.111730 -0.093526 -0.111230 -0.094782 -0.142682 -0.141857 1
-0.083727 -0.097356 -0.087386 -0.109553 -0.094083 -0.111730 -0.093526 -0.111230 -0.094782 -0.142682 1
-0.083241 -0.083727 -0.097356 -0.087386 -0.109553 -0.094083 -0.111730 -0.093526 -0.111230 -0.094782 1
-0.059641 -0.083241 -0.083727 -0.097356 -0.087386 -0.109553 -0.094083 -0.111730 -0.093526 -0.111230 1
-0.013501 -0.059641 -0.083241 -0.083727 -0.097356 -0.087386 -0.109553 -0.094083 -0.111730 -0.093526 1
0.005037 -0.013501 -0.059641 -0.083241 -0.083727 -0.097356 -0.087386 -0.109553 -0.094083 -0.111730 -1
-0.012449 0.005037 -0.013501 -0.059641 -0.083241 -0.083727 -0.097356 -0.087386 -0.109553 -0.094083 -1
-0.030800 -0.012449 0.005037 -0.013501 -0.059641 -0.083241 -0.083727 -0.097356 -0.087386 -0.109553 -1
-0.032221 -0.030800 -0.012449 0.005037 -0.013501 -0.059641 -0.083241 -0.083727 -0.097356 -0.087386 1
0.001649 -0.032221 -0.030800 -0.012449 0.005037 -0.013501 -0.059641 -0.083241 -0.083727 -0.097356 1
0.006455 0.001649 -0.032221 -0.030800 -0.012449 0.005037 -0.013501 -0.059641 -0.083241 -0.083727 -1
-0.023951 0.006455 0.001649 -0.032221 -0.030800 -0.012449 0.005037 -0.013501 -0.059641 -0.083241 -1
-0.041426 -0.023951 0.006455 0.001649 -0.032221 -0.030800 -0.012449 0.005037 -0.013501 -0.059641 1
-0.033976 -0.041426 -0.023951 0.006455 0.001649 -0.032221 -0.030800 -0.012449 0.005037 -0.013501 -1
-0.034345 -0.033976 -0.041426 -0.023951 0.006455 0.001649 -0.032221 -0.030800 -0.012449 0.005037 -1
-0.047930 -0.034345 -0.033976 -0.041426 -0.023951 0.006455 0.001649 -0.032221 -0.030800 -0.012449 -1
-0.060886 -0.047930 -0.034345 -0.033976 -0.041426 -0.023951 0.006455 0.001649 -0.032221 -0.030800 1
-0.056541 -0.060886 -0.047930 -0.034345 -0.033976 -0.041426 -0.023951 0.006455 0.001649 -0.032221 -1
-0.056824 -0.056541 -0.060886 -0.047930 -0.034345 -0.033976 -0.041426 -0.023951 0.006455 0.001649 -1
-0.065010 -0.056824 -0.056541 -0.060886 -0.047930 -0.034345 -0.033976 -0.041426 -0.023951 0.006455 1
-0.059737 -0.065010 -0.056824 -0.056541 -0.060886 -0.047930 -0.034345 -0.033976 -0.041426 -0.023951 1
-0.053476 -0.059737 -0.065010 -0.056824 -0.056541 -0.060886 -0.047930 -0.034345 -0.033976 -0.041426 -1
-0.062261 -0.053476 -0.059737 -0.065010 -0.056824 -0.056541 -0.060886 -0.047930 -0.034345 -0.033976 -1
-0.063294 -0.062261 -0.053476 -0.059737 -0.065010 -0.056824 -0.056541 -0.060886 -0.047930 -0.034345 -1
-0.066709 -0.063294 -0.062261 -0.053476 -0.059737 -0.065010 -0.056824 -0.056541 -0.060886 -0.047930 -1
-0.074798 -0.066709 -0.063294 -0.062261 -0.053476 -0.059737 -0.065010 -0.056824 -0.056541 -0.060886 -1
-0.077649 -0.074798 -0.066709 -0.063294 -0.062261 -0.053476 -0.059737 -0.065010 -0.056824 -0.056541 1
-0.029366 -0.077649 -0.074798 -0.066709 -0.063294 -0.062261 -0.053476 -0.059737 -0.065010 -0.056824 1
0.008411 -0.029366 -0.077649 -0.074798 -0.066709 -0.063294 -0.062261 -0.053476 -0.059737 -0.065010 -1
0.005939 0.008411 -0.029366 -0.077649 -0.074798 -0.066709 -0.063294 -0.062261 -0.053476 -0.059737 -1
-0.013206 0.005939 0.008411 -0.029366 -0.077649 -0.074798 -0.066709 -0.063294 -0.062261 -0.053476 -1
-0.048340 -0.013206 0.005939 0.008411 -0.029366 -0.077649 -0.074798 -0.066709 -0.063294 -0.062261 -1
-0.050479 -0.048340 -0.013206 0.005939 0.008411 -0.029366 -0.077649 -0.074798 -0.066709 -0.063294 -1
-0.064460 -0.050479 -0.048340 -0.013206 0.005939 0.008411 -0.029366 -0.077649 -0.074798 -0.066709 -1
-0.066368 -0.064460 -0.050479 -0.048340 -0.013206 0.005939 0.008411 -0.029366 -0.077649 -0.074798 1
-0.023041 -0.066368 -0.064460 -0.050479 -0.048340 -0.013206 0.005939 0.008411 -0.029366 -0.077649 1
-0.007428 -0.023041 -0.066368 -0.064460 -0.050479 -0.048340 -0.013206 0.005939 0.008411 -0.029366 -1
-0.009724 -0.007428 -0.023041 -0.066368 -0.064460 -0.050479 -0.048340 -0.013206 0.005939 0.008411 -1
-0.035703 -0.009724 -0.007428 -0.023041 -0.066368 -0.064460 -0.050479 -0.048340 -0.013206 0.005939 1
-0.018778 -0.035703 -0.009724 -0.007428 -0.023041 -0.066368 -0.064460 -0.050479 -0.048340 -0.013206 -1
-0.048290 -0.018778 -0.035703 -0.009724 -0.007428 -0.023041 -0.066368 -0.064460 -0.050479 -0.048340 -1
-0.059232 -0.048290 -0.018778 -0.035703 -0.009724 -0.007428 -0.023041 -0.066368 -0.064460 -0.050479 1
0.003206 -0.059232 -0.048290 -0.018778 -0.035703 -0.009724 -0.007428 -0.023041 -0.066368 -0.064460 -1
-0.042687 0.003206 -0.059232 -0.048290 -0.018778 -0.035703 -0.009724 -0.007428 -0.023041 -0.066368 1
-0.042660 -0.042687 0.003206 -0.059232 -0.048290 -0.018778 -0.035703 -0.009724 -0.007428 -0.023041 1
-0.027023 -0.042660 -0.042687 0.003206 -0.059232 -0.048290 -0.018778 -0.035703 -0.009724 -0.007428 -1
-0.050802 -0.027023 -0.042660 -0.042687 0.003206 -0.059232 -0.048290 -0.018778 -0.035703 -0.009724 1
-0.040349 -0.050802 -0.027023 -0.042660 -0.042687 0.003206 -0.059232 -0.048290 -0.018778 -0.035703 -1
-0.043513 -0.040349 -0.050802 -0.027023 -0.042660 -0.042687 0.003206 -0.059232 -0.048290 -0.018778 1
-0.022790 -0.043513 -0.040349 -0.050802 -0.027023 -0.042660 -0.042687 0.003206 -0.059232 -0.048290 1
0.012199 -0.022790 -0.043513 -0.040349 -0.050802 -0.027023 -0.042660 -0.042687 0.003206 -0.059232 1
0.013283 0.012199 -0.022790 -0.043513 -0.040349 -0.050802 -0.027023 -0.042660 -0.042687 0.003206 -1
0.003680 0.013283 0.012199 -0.022790 -0.043513 -0.040349 -0.050802 -0.027023 -0.042660 -0.042687 -1
-0.010469 0.003680 0.013283 0.012199 -0.022790 -0.043513 -0.040349 -0.050802 -0.027023 -0.042660 -1
-0.027364 -0.010469 0.003680 0.013283 0.012199 -0.022790 -0.043513 -0.040349 -0.050802 -0.027023 1
-0.013333 -0.027364 -0.010469 0.003680 0.013283 0.012199 -0.022790 -0.043513 -0.040349 -0.050802 1
-0.008248 -0.013333 -0.027364 -0.010469 0.003680 0.013283 0.012199 -0.022790 -0.043513 -0.040349 1
0.002815 -0.008248 -0.013333 -0.027364 -0.010469 0.003680 0.013283 0.012199 -0.022790 -0.043513 -1
-0.019489 0.002815 -0.008248 -0.013333 -0.027364 -0.010469 0.003680 0.013283 0.012199 -0.022790 1
0.028243 -0.019489 0.002815 -0.008248 -0.013333 -0.027364 -0.010469 0.003680 0.013283 0.012199 -1
-0.010154 0.028243 -0.019489 0.002815 -0.008248 -0.013333 -0.027364 -0.010469 0.003680 0.013283 -1
-0.035400 -0.010154 0.028243 -0.019489 0.002815 -0.008248 -0.013333 -0.027364 -0.010469 0.003680 1
-0.007477 -0.035400 -0.010154 0.028243 -0.019489 0.002815 -0.008248 -0.013333 -0.027364 -0.010469 -1
-0.016603 -0.007477 -0.035400 -0.010154 0.028243 -0.019489 0.002815 -0.008248 -0.013333 -0.027364 -1
-0.028204 -0.016603 -0.007477 -0.035400 -0.010154 0.028243 -0.019489 0.002815 -0.008248 -0.013333 1
0.152915 -0.028204 -0.016603 -0.007477 -0.035400 -0.010154 0.028243 -0.019489 0.002815 -0.008248 -1
0.055645 0.152915 -0.028204 -0.016603 -0.007477 -0.035400 -0.010154 0.028243 -0.019489 0.002815 -1
0.014706 0.055645 0.152915 -0.028204 -0.016603 -0.007477 -0.035400 -0.010154 0.028243 -0.019489 1
0.016859 0.014706 0.055645 0.152915 -0.028204 -0.016603 -0.007477 -0.035400 -0.010154 0.028243 1
0.022784 0.016859 0.014706 0.055645 0.152915 -0.028204 -0.016603 -0.007477 -0.035400 -0.010154 1
0.025044 0.022784 0.016859 0.014706 0.055645 0.152915 -0.028204 -0.016603 -0.007477 -0.035400 -1
0.017673 0.025044 0.022784 0.016859 0.014706 0.055645 0.152915 -0.028204 -0.016603 -0.007477 1
0.026853 0.017673 0.025044 0.022784 0.016859 0.014706 0.055645 0.152915 -0.028204 -0.016603 1
0.107853 0.026853 0.017673 0.025044 0.022784 0.016859 0.014706 0.055645 0.152915 -0.028204 1
0.110899 0.107853 0.026853 0.017673 0.025044 0.022784 0.016859 0.014706 0.055645 0.152915 -1
0.100604 0.110899 0.107853 0.026853 0.017673 0.025044 0.022784 0.016859 0.014706 0.055645 -1
0.079416 0.100604 0.110899 0.107853 0.026853 0.017673 0.025044 0.022784 0.016859 0.014706 1
0.080734 0.079416 0.100604 0.110899 0.107853 0.026853 0.017673 0.025044 0.022784 0.016859 -1
0.074105 0.080734 0.079416 0.100604 0.110899 0.107853 0.026853 0.017673 0.025044 0.022784 1
0.074695 0.074105 0.080734 0.079416 0.100604 0.110899 0.107853 0.026853 0.017673 0.025044 -1
0.051439 0.074695 0.074105 0.080734 0.079416 0.100604 0.110899 0.107853 0.026853 0.017673 1
0.059913 0.051439 0.074695 0.074105 0.080734 0.079416 0.100604 0.110899 0.107853 0.026853 1
0.066228 0.059913 0.051439 0.074695 0.074105 0.080734 0.079416 0.100604 0.110899 0.107853 -1
0.038111 0.066228 0.059913 0.051439 0.074695 0.074105 0.080734 0.079416 0.100604 0.110899 -1
0.028504 0.038111 0.066228 0.059913 0.051439 0.074695 0.074105 0.080734 0.079416 0.100604 1
0.035051 0.028504 0.038111 0.066228 0.059913 0.051439 0.074695 0.074105 0.080734 0.079416 1
0.038434 0.035051 0.028504 0.038111 0.066228 0.059913 0.051439 0.074695 0.074105 0.080734 -1
0.037283 0.038434 0.035051 0.028504 0.038111 0.066228 0.059913 0.051439 0.074695 0.074105 -1
0.009561 0.037283 0.038434 0.035051 0.028504 0.038111 0.066228 0.059913 0.051439 0.074695 -1
0.006641 0.009561 0.037283 0.038434 0.035051 0.028504 0.038111 0.066228 0.059913 0.051439 1
0.012901 0.006641 0.009561 0.037283 0.038434 0.035051 0.028504 0.038111 0.066228 0.059913 1
0.025664 0.012901 0.006641 0.009561 0.037283 0.038434 0.035051 0.028504 0.038111 0.066228 1
0.036464 0.025664 0.012901 0.006641 0.009561 0.037283 0.038434 0.035051 0.028504 0.038111 1
0.049929 0.036464 0.025664 0.012901 0.006641 0.009561 0.037283 0.038434 0.035051 0.028504 -1
0.042497 0.049929 0.036464 0.025664 0.012901 0.006641 0.009561 0.037283 0.038434 0.035051 -1
-0.001436 0.042497 0.049929 0.036464 0.025664 0.012901 0.006641 0.009561 0.037283 0.038434 1
0.033551 -0.001436 0.042497 0.049929 0.036464 0.025664 0.012901 0.006641 0.009561 0.037283 -1
0.001791 0.033551 -0.001436 0.042497 0.049929 0.036464 0.025664 0.012901 0.006641 0.009561 1
0.002702 0.001791 0.033551 -0.001436 0.042497 0.049929 0.036464 0.025664 0.012901 0.006641 1
0.006555 0.002702 0.001791 0.033551 -0.001436 0.042497 0.049929 0.036464 0.025664 0.012901 -1
-0.002346 0.006555 0.002702 0.001791 0.033551 -0.001436 0.042497 0.049929 0.036464 0.025664 -1
-0.030601 -0.002346 0.006555 0.002702 0.001791 0.033551 -0.001436 0.042497 0.049929 0.036464 1
-0.010450 -0.030601 -0.002346 0.006555 0.002702 0.001791 0.033551 -0.001436 0.042497 0.049929 -1
-0.012540 -0.010450 -0.030601 -0.002346 0.006555 0.002702 0.001791 0.033551 -0.001436 0.042497 1
-0.004019 -0.012540 -0.010450 -0.030601 -0.002346 0.006555 0.002702 0.001791 0.033551 -0.001436 -1
-0.017893 -0.004019 -0.012540 -0.010450 -0.030601 -0.002346 0.006555 0.002702 0.001791 0.033551 1
-0.005781 -0.017893 -0.004019 -0.012540 -0.010450 -0.030601 -0.002346 0.006555 0.002702 0.001791 -1
-0.052342 -0.005781 -0.017893 -0.004019 -0.012540 -0.010450 -0.030601 -0.002346 0.006555 0.002702 -1
-0.061699 -0.052342 -0.005781 -0.017893 -0.004019 -0.012540 -0.010450 -0.030601 -0.002346 0.006555 -1
-0.092055 -0.061699 -0.052342 -0.005781 -0.017893 -0.004019 -0.012540 -0.010450 -0.030601 -0.002346 -1
-0.094651 -0.092055 -0.061699 -0.052342 -0.005781 -0.017893 -0.004019 -0.012540 -0.010450 -0.030601 1
-0.074417 -0.094651 -0.092055 -0.061699 -0.052342 -0.005781 -0.017893 -0.004019 -0.012540 -0.010450 1
-0.045413 -0.074417 -0.094651 -0.092055 -0.061699 -0.052342 -0.005781 -0.017893 -0.004019 -0.012540 -1
-0.053142 -0.045413 -0.074417 -0.094651 -0.092055 -0.061699 -0.052342 -0.005781 -0.017893 -0.004019 -1
-0.073086 -0.053142 -0.045413 -0.074417 -0.094651 -0.092055 -0.061699 -0.052342 -0.005781 -0.017893 1
-0.049222 -0.073086 -0.053142 -0.045413 -0.074417 -0.094651 -0.092055 -0.061699 -0.052342 -0.005781 1
-0.046658 -0.049222 -0.073086 -0.053142 -0.045413 -0.074417 -0.094651 -0.092055 -0.061699 -0.052342 1
-0.041251 -0.046658 -0.049222 -0.073086 -0.053142 -0.045413 -0.074417 -0.094651 -0.092055 -0.061699 -1
-0.061009 -0.041251 -0.046658 -0.049222 -0.073086 -0.053142 -0.045413 -0.074417 -0.094651 -0.092055 -1
-0.064047 -0.061009 -0.041251 -0.046658 -0.049222 -0.073086 -0.053142 -0.045413 -0.074417 -0.094651 -1
-0.082018 -0.064047 -0.061009 -0.041251 -0.046658 -0.049222 -0.073086 -0.053142 -0.045413 -0.074417 1
-0.077618 -0.082018 -0.064047 -0.061009 -0.041251 -0.046658 -0.049222 -0.073086 -0.053142 -0.045413 1
-0.067264 -0.077618 -0.082018 -0.064047 -0.061009 -0.041251 -0.046658 -0.049222 -0.073086 -0.053142 1
-0.047168 -0.067264 -0.077618 -0.082018 -0.064047 -0.061009 -0.041251 -0.046658 -0.049222 -0.073086 -1
-0.048748 -0.047168 -0.067264 -0.077618 -0.082018 -0.064047 -0.061009 -0.041251 -0.046658 -0.049222 1
-0.000559 -0.048748 -0.047168 -0.067264 -0.077618 -0.082018 -0.064047 -0.061009 -0.041251 -0.046658 1
0.046628 -0.000559 -0.048748 -0.047168 -0.067264 -0.077618 -0.082018 -0.064047 -0.061009 -0.041251 -1
0.045868 0.046628 -0.000559 -0.048748 -0.047168 -0.067264 -0.077618 -0.082018 -0.064047 -0.061009 -1
0.022770 0.045868 0.046628 -0.000559 -0.048748 -0.047168 -0.067264 -0.077618 -0.082018 -0.064047 1
0.046606 0.022770 0.045868 0.046628 -0.000559 -0.048748 -0.047168 -0.067264 -0.077618 -0.082018 1
0.063522 0.046606 0.022770 0.045868 0.046628 -0.000559 -0.048748 -0.047168 -0.067264 -0.077618 -1
0.057876 0.063522 0.046606 0.022770 0.045868 0.046628 -0.000559 -0.048748 -0.047168 -0.067264 -1
0.035285 0.057876 0.063522 0.046606 0.022770 0.045868 0.046628 -0.000559 -0.048748 -0.047168 -1
0.033222 0.035285 0.057876 0.063522 0.046606 0.022770 0.045868 0.046628 -0.000559 -0.048748 1
0.055271 0.033222 0.035285 0.057876 0.063522 0.046606 0.022770 0.045868 0.046628 -0.000559 -1
0.034567 0.055271 0.033222 0.035285 0.057876 0.063522 0.046606 0.022770 0.045868 0.046628 1
0.045015 0.034567 0.055271 0.033222 0.035285 0.057876 0.063522 0.046606 0.022770 0.045868 1
0.062830 0.045015 0.034567 0.055271 0.033222 0.035285 0.057876 0.063522 0.046606 0.022770 1
0.067669 0.062830 0.045015 0.034567 0.055271 0.033222 0.035285 0.057876 0.063522 0.046606 -1
0.067630 0.067669 0.062830 0.045015 0.034567 0.055271 0.033222 0.035285 0.057876 0.063522 -1
0.053485 0.067630 0.067669 0.062830 0.045015 0.034567 0.055271 0.033222 0.035285 0.057876 -1
0.018401 0.053485 0.067630 0.067669 0.062830 0.045015 0.034567 0.055271 0.033222 0.035285 1
0.030951 0.018401 0.053485 0.067630 0.067669 0.062830 0.045015 0.034567 0.055271 0.033222 1
0.041089 0.030951 0.018401 0.053485 0.067630 0.067669 0.062830 0.045015 0.034567 0.055271 -1
0.014662 0.041089 0.030951 0.018401 0.053485 0.067630 0.067669 0.062830 0.045015 0.034567 1
0.053598 0.014662 0.041089 0.030951 0.018401 0.053485 0.067630 0.067669 0.062830 0.045015 1
0.073294 0.053598 0.014662 0.041089 0.030951 0.018401 0.053485 0.067630 0.067669 0.062830 1
0.097051 0.073294 0.053598 0.014662 0.041089 0.030951 0.018401 0.053485 0.067630 0.067669 1
0.097546 0.097051 0.073294 0.053598 0.014662 0.041089 0.030951 0.018401 0.053485 0.067630 -1
0.077815 0.097546 0.097051 0.073294 0.053598 0.014662 0.041089 0.030951 0.018401 0.053485 1
0.103502 0.077815 0.097546 0.097051 0.073294 0.053598 0.014662 0.041089 0.030951 0.018401 -1
0.102859 0.103502 0.077815 0.097546 0.097051 0.073294 0.053598 0.014662 0.041089 0.030951 1
0.108008 0.102859 0.103502 0.077815 0.097546 0.097051 0.073294 0.053598 0.014662 0.041089 1
0.115313 0.108008 0.102859 0.103502 0.077815 0.097546 0.097051 0.073294 0.053598 0.014662 1
0.128211 0.115313 0.108008 0.102859 0.103502 0.077815 0.097546 0.097051 0.073294 0.053598 1
0.129824 0.128211 0.115313 0.108008 0.102859 0.103502 0.077815 0.097546 0.097051 0.073294 1
0.195315 0.129824 0.128211 0.115313 0.108008 0.102859 0.103502 0.077815 0.097546 0.097051 1
0.214217 0.195315 0.129824 0.128211 0.115313 0.108008 0.102859 0.103502 0.077815 0.097546 1
0.221421 0.214217 0.195315 0.129824 0.128211 0.115313 0.108008 0.102859 0.103502 0.077815 1
0.233925 0.221421 0.214217 0.195315 0.129824 0.128211 0.115313 0.108008 0.102859 0.103502 -1
0.220810 0.233925 0.221421 0.214217 0.195315 0.129824 0.128211 0.115313 0.108008 0.102859 -1
0.213141 0.220810 0.233925 0.221421 0.214217 0.195315 0.129824 0.128211 0.115313 0.108008 -1
0.208772 0.213141 0.220810 0.233925 0.221421 0.214217 0.195315 0.129824 0.128211 0.115313 1
0.209806 0.208772 0.213141 0.220810 0.233925 0.221421 0.214217 0.195315 0.129824 0.128211 1
0.227244 0.209806 0.208772 0.213141 0.220810 0.233925 0.221421 0.214217 0.195315 0.129824 1
0.252877 0.227244 0.209806 0.208772 0.213141 0.220810 0.233925 0.221421 0.214217 0.195315 1
0.278379 0.252877 0.227244 0.209806 0.208772 0.213141 0.220810 0.233925 0.221421 0.214217 1
0.283267 0.278379 0.252877 0.227244 0.209806 0.208772 0.213141 0.220810 0.233925 0.221421 -1
0.281148 0.283267 0.278379 0.252877 0.227244 0.209806 0.208772 0.213141 0.220810 0.233925 -1
0.273229 0.281148 0.283267 0.278379 0.252877 0.227244 0.209806 0.208772 0.213141 0.220810 -1
0.232064 0.273229 0.281148 0.283267 0.278379 0.252877 0.227244 0.209806 0.208772 0.213141 1
0.237688 0.232064 0.273229 0.281148 0.283267 0.278379 0.252877 0.227244 0.209806 0.208772 1
0.238833 0.237688 0.232064 0.273229 0.281148 0.283267 0.278379 0.252877 0.227244 0.209806 -1
0.125645 0.238833 0.237688 0.232064 0.273229 0.281148 0.283267 0.278379 0.252877 0.227244 1
0.187368 0.125645 0.238833 0.237688 0.232064 0.273229 0.281148 0.283267 0.278379 0.252877 1
0.202675 0.187368 0.125645 0.238833 0.237688 0.232064 0.273229 0.281148 0.283267 0.278379 1
0.220865 0.202675 0.187368 0.125645 0.238833 0.237688 0.232064 0.273229 0.281148 0.283267 1
0.224126 0.220865 0.202675 0.187368 0.125645 0.238833 0.237688 0.232064 0.273229 0.281148 -1
0.205291 0.224126 0.220865 0.202675 0.187368 0.125645 0.238833 0.237688 0.232064 0.273229 1
0.225676 0.205291 0.224126 0.220865 0.202675 0.187368 0.125645 0.238833 0.237688 0.232064 -1
0.163387 0.225676 0.205291 0.224126 0.220865 0.202675 0.187368 0.125645 0.238833 0.237688 1
0.168952 0.163387 0.225676 0.205291 0.224126 0.220865 0.202675 0.187368 0.125645 0.238833 1
0.175977 0.168952 0.163387 0.225676 0.205291 0.224126 0.220865 0.202675 0.187368 0.125645 1
0.181044 0.175977 0.168952 0.163387 0.225676 0.205291 0.224126 0.220865 0.202675 0.187368 -1
0.172016 0.181044 0.175977 0.168952 0.163387 0.225676 0.205291 0.224126 0.220865 0.202675 1
0.173813 0.172016 0.181044 0.175977 0.168952 0.163387 0.225676 0.205291 0.224126 0.220865 -1
0.172736 0.173813 0.172016 0.181044 0.175977 0.168952 0.163387 0.225676 0.205291 0.224126 -1
0.144360 0.172736 0.173813 0.172016 0.181044 0.175977 0.168952 0.163387 0.225676 0.205291 1
0.155525 0.144360 0.172736 0.173813 0.172016 0.181044 0.175977 0.168952 0.163387 0.225676 -1
0.143318 0.155525 0.144360 0.172736 0.173813 0.172016 0.181044 0.175977 0.168952 0.163387 1
0.145344 0.143318 0.155525 0.144360 0.172736 0.173813 0.172016 0.181044 0.175977 0.168952 -1
0.141412 0.145344 0.143318 0.155525 0.144360 0.172736 0.173813 0.172016 0.181044 0.175977 -1
0.123308 0.141412 0.145344 0.143318 0.155525 0.144360 0.172736 0.173813 0.172016 0.181044 -1
0.118846 0.123308 0.141412 0.145344 0.143318 0.155525 0.144360 0.172736 0.173813 0.172016 -1
0.101734 0.118846 0.123308 0.141412 0.145344 0.143318 0.155525 0.144360 0.172736 0.173813 1
0.135706 0.101734 0.118846 0.123308 0.141412 0.145344 0.143318 0.155525 0.144360 0.172736 -1
0.120521 0.135706 0.101734 0.118846 0.123308 0.141412 0.145344 0.143318 0.155525 0.144360 1
0.152050 0.120521 0.135706 0.101734 0.118846 0.123308 0.141412 0.145344 0.143318 0.155525 -1
0.138391 0.152050 0.120521 0.135706 0.101734 0.118846 0.123308 0.141412 0.145344 0.143318 1
0.155073 0.138391 0.152050 0.120521 0.135706 0.101734 0.118846 0.123308 0.141412 0.145344 1
0.169161 0.155073 0.138391 0.152050 0.120521 0.135706 0.101734 0.118846 0.123308 0.141412 -1
0.162356 0.169161 0.155073 0.138391 0.152050 0.120521 0.135706 0.101734 0.118846 0.123308 -1
0.160963 0.162356 0.169161 0.155073 0.138391 0.152050 0.120521 0.135706 0.101734 0.118846 1
0.166204 0.160963 0.162356 0.169161 0.155073 0.138391 0.152050 0.120521 0.135706 0.101734 -1
0.148719 0.166204 0.160963 0.162356 0.169161 0.155073 0.138391 0.152050 0.120521 0.135706 1
0.156329 0.148719 0.166204 0.160963 0.162356 0.169161 0.155073 0.138391 0.152050 0.120521 1
0.207466 0.156329 0.148719 0.166204 0.160963 0.162356 0.169161 0.155073 0.138391 0.152050 1
0.226800 0.207466 0.156329 0.148719 0.166204 0.160963 0.162356 0.169161 0.155073 0.138391 -1
0.191882 0.226800 0.207466 0.156329 0.148719 0.166204 0.160963 0.162356 0.169161 0.155073 1
0.197797 0.191882 0.226800 0.207466 0.156329 0.148719 0.166204 0.160963 0.162356 0.169161 1
0.213754 0.197797 0.191882 0.226800 0.207466 0.156329 0.148719 0.166204 0.160963 0.162356 -1
0.212618 0.213754 0.197797 0.191882 0.226800 0.207466 0.156329 0.148719 0.166204 0.160963 -1
0.205798 0.212618 0.213754 0.197797 0.191882 0.226800 0.207466 0.156329 0.148719 0.166204 -1
0.140936 0.205798 0.212618 0.213754 0.197797 0.191882 0.226800 0.207466 0.156329 0.148719 1
0.151647 0.140936 0.205798 0.212618 0.213754 0.197797 0.191882 0.226800 0.207466 0.156329 -1
0.134481 0.151647 0.140936 0.205798 0.212618 0.213754 0.197797 0.191882 0.226800 0.207466 -1
0.134066 0.134481 0.151647 0.140936 0.205798 0.212618 0.213754 0.197797 0.191882 0.226800 -1
0.119376 0.134066 0.134481 0.151647 0.140936 0.205798 0.212618 0.213754 0.197797 0.191882 1
0.129542 0.119376 0.134066 0.134481 0.151647 0.140936 0.205798 0.212618 0.213754 0.197797 -1
0.117708 0.129542 0.119376 0.134066 0.134481 0.151647 0.140936 0.205798 0.212618 0.213754 -1
0.084891 0.117708 0.129542 0.119376 0.134066 0.134481 0.151647 0.140936 0.205798 0.212618 1
0.096850 0.084891 0.117708 0.129542 0.119376 0.134066 0.134481 0.151647 0.140936 0.205798 -1
0.086755 0.096850 0.084891 0.117708 0.129542 0.119376 0.134066 0.134481 0.151647 0.140936 -1
0.086500 0.086755 0.096850 0.084891 0.117708 0.129542 0.119376 0.134066 0.134481 0.151647 -1
0.064470 0.086500 0.086755 0.096850 0.084891 0.117708 0.129542 0.119376 0.134066 0.134481 -1
-0.011225 0.064470 0.086500 0.086755 0.096850 0.084891 0.117708 0.129542 0.119376 0.134066 -1
-0.027484 -0.011225 0.064470 0.086500 0.086755 0.096850 0.084891 0.117708 0.129542 0.119376 -1
-0.049038 -0.027484 -0.011225 0.064470 0.086500 0.086755 0.096850 0.084891 0.117708 0.129542 -1
-0.079808 -0.049038 -0.027484 -0.011225 0.064470 0.086500 0.086755 0.096850 0.084891 0.117708 1
-0.078868 -0.079808 -0.049038 -0.027484 -0.011225 0.064470 0.086500 0.086755 0.096850 0.084891 1
-0.066267 -0.078868 -0.079808 -0.049038 -0.027484 -0.011225 0.064470 0.086500 0.086755 0.096850 -1
-0.070294 -0.066267 -0.078868 -0.079808 -0.049038 -0.027484 -0.011225 0.064470 0.086500 0.086755 -1
-0.087344 -0.070294 -0.066267 -0.078868 -0.079808 -0.049038 -0.027484 -0.011225 0.064470 0.086500 1
-0.077009 -0.087344 -0.070294 -0.066267 -0.078868 -0.079808 -0.049038 -0.027484 -0.011225 0.064470 -1
-0.077366 -0.077009 -0.087344 -0.070294 -0.066267 -0.078868 -0.079808 -0.049038 -0.027484 -0.011225 -1
-0.204915 -0.077366 -0.077009 -0.087344 -0.070294 -0.066267 -0.078868 -0.079808 -0.049038 -0.027484 -1
-0.207061 -0.204915 -0.077366 -0.077009 -0.087344 -0.070294 -0.066267 -0.078868 -0.079808 -0.049038 1
-0.200639 -0.207061 -0.204915 -0.077366 -0.077009 -0.087344 -0.070294 -0.066267 -0.078868 -0.079808 -1
-0.210808 -0.200639 -0.207061 -0.204915 -0.077366 -0.077009 -0.087344 -0.070294 -0.066267 -0.078868 1
-0.204018 -0.210808 -0.200639 -0.207061 -0.204915 -0.077366 -0.077009 -0.087344 -0.070294 -0.066267 -1
-0.204185 -0.204018 -0.210808 -0.200639 -0.207061 -0.204915 -0.077366 -0.077009 -0.087344 -0.070294 1
-0.201127 -0.204185 -0.204018 -0.210808 -0.200639 -0.207061 -0.204915 -0.077366 -0.077009 -0.087344 1
-0.189278 -0.201127 -0.204185 -0.204018 -0.210808 -0.200639 -0.207061 -0.204915 -0.077366 -0.077009 -1
-0.201533 -0.189278 -0.201127 -0.204185 -0.204018 -0.210808 -0.200639 -0.207061 -0.204915 -0.077366 -1
-0.219189 -0.201533 -0.189278 -0.201127 -0.204185 -0.204018 -0.210808 -0.200639 -0.207061 -0.204915 -1
-0.246688 -0.219189 -0.201533 -0.189278 -0.201127 -0.204185 -0.204018 -0.210808 -0.200639 -0.207061 -1
-0.266813 -0.246688 -0.219189 -0.201533 -0.189278 -0.201127 -0.204185 -0.204018 -0.210808 -0.200639 -1
-0.267599 -0.266813 -0.246688 -0.219189 -0.201533 -0.189278 -0.201127 -0.204185 -0.204018 -0.210808 -1
-0.276976 -0.267599 -0.266813 -0.246688 -0.219189 -0.201533 -0.189278 -0.201127 -0.204185 -0.204018 -1
-0.282095 -0.276976 -0.267599 -0.266813 -0.246688 -0.219189 -0.201533 -0.189278 -0.201127 -0.204185 -1
-0.296186 -0.282095 -0.276976 -0.267599 -0.266813 -0.246688 -0.219189 -0.201533 -0.189278 -0.201127 -1
-0.302511 -0.296186 -0.282095 -0.276976 -0.267599 -0.266813 -0.246688 -0.219189 -0.201533 -0.189278 1
-0.289607 -0.302511 -0.296186 -0.282095 -0.276976 -0.267599 -0.266813 -0.246688 -0.219189 -0.201533 1
-0.274198 -0.289607 -0.302511 -0.296186 -0.282095 -0.276976 -0.267599 -0.266813 -0.246688 -0.219189 -1
-0.283575 -0.274198 -0.289607 -0.302511 -0.296186 -0.282095 -0.276976 -0.267599 -0.266813 -0.246688 1
-0.274334 -0.283575 -0.274198 -0.289607 -0.302511 -0.296186 -0.282095 -0.276976 -0.267599 -0.266813 -1
-0.278231 -0.274334 -0.283575 -0.274198 -0.289607 -0.302511 -0.296186 -0.282095 -0.276976 -0.267599 -1
-0.304495 -0.278231 -0.274334 -0.283575 -0.274198 -0.289607 -0.302511 -0.296186 -0.282095 -0.276976 1
-0.274095 -0.304495 -0.278231 -0.274334 -0.283575 -0.274198 -0.289607 -0.302511 -0.296186 -0.282095 1
-0.241079 -0.274095 -0.304495 -0.278231 -0.274334 -0.283575 -0.274198 -0.289607 -0.302511 -0.296186 1
-0.208237 -0.241079 -0.274095 -0.304495 -0.278231 -0.274334 -0.283575 -0.274198 -0.289607 -0.302511 -1
-0.208537 -0.208237 -0.241079 -0.274095 -0.304495 -0.278231 -0.274334 -0.283575 -0.274198 -0.289607 -1
-0.213203 -0.208537 -0.208237 -0.241079 -0.274095 -0.304495 -0.278231 -0.274334 -0.283575 -0.274198 -1
-0.238879 -0.213203 -0.208537 -0.208237 -0.241079 -0.274095 -0.304495 -0.278231 -0.274334 -0.283575 -1
-0.255120 -0.238879 -0.213203 -0.208537 -0.208237 -0.241079 -0.274095 -0.304495 -0.278231 -0.274334 -1
-0.271569 -0.255120 -0.238879 -0.213203 -0.208537 -0.208237 -0.241079 -0.274095 -0.304495 -0.278231 -1
-0.274065 -0.271569 -0.255120 -0.238879 -0.213203 -0.208537 -0.208237 -0.241079 -0.274095 -0.304495 1
-0.258299 -0.274065 -0.271569 -0.255120 -0.238879 -0.213203 -0.208537 -0.208237 -0.241079 -0.274095 1
-0.254173 -0.258299 -0.274065 -0.271569 -0.255120 -0.238879 -0.213203 -0.208537 -0.208237 -0.241079 1
-0.232669 -0.254173 -0.258299 -0.274065 -0.271569 -0.255120 -0.238879 -0.213203 -0.208537 -0.208237 -1
-0.250056 -0.232669 -0.254173 -0.258299 -0.274065 -0.271569 -0.255120 -0.238879 -0.213203 -0.208537 -1
-0.273207 -0.250056 -0.232669 -0.254173 -0.258299 -0.274065 -0.271569 -0.255120 -0.238879 -0.213203 1
-0.271582 -0.273207 -0.250056 -0.232669 -0.254173 -0.258299 -0.274065 -0.271569 -0.255120 -0.238879 1
-0.264950 -0.271582 -0.273207 -0.250056 -0.232669 -0.254173 -0.258299 -0.274065 -0.271569 -0.255120 -1
-0.281020 -0.264950 -0.271582 -0.273207 -0.250056 -0.232669 -0.254173 -0.258299 -0.274065 -0.271569 1
-0.174753 -0.281020 -0.264950 -0.271582 -0.273207 -0.250056 -0.232669 -0.254173 -0.258299 -0.274065 -1
-0.212723 -0.174753 -0.281020 -0.264950 -0.271582 -0.273207 -0.250056 -0.232669 -0.254173 -0.258299 -1
-0.227945 -0.212723 -0.174753 -0.281020 -0.264950 -0.271582 -0.273207 -0.250056 -0.232669 -0.254173 -1
-0.230914 -0.227945 -0.212723 -0.174753 -0.281020 -0.264950 -0.271582 -0.273207 -0.250056 -0.232669 1
-0.208369 -0.230914 -0.227945 -0.212723 -0.174753 -0.281020 -0.264950 -0.271582 -0.273207 -0.250056 1
-0.201183 -0.208369 -0.230914 -0.227945 -0.212723 -0.174753 -0.281020 -0.264950 -0.271582 -0.273207 1
-0.188868 -0.201183 -0.208369 -0.230914 -0.227945 -0.212723 -0.174753 -0.281020 -0.264950 -0.271582 1
-0.180583 -0.188868 -0.201183 -0.208369 -0.230914 -0.227945 -0.212723 -0.174753 -0.281020 -0.264950 1
-0.149502 -0.180583 -0.188868 -0.201183 -0.208369 -0.230914 -0.227945 -0.212723 -0.174753 -0.281020 1
-0.146309 -0.149502 -0.180583 -0.188868 -0.201183 -0.208369 -0.230914 -0.227945 -0.212723 -0.174753 1
-0.130956 -0.146309 -0.149502 -0.180583 -0.188868 -0.201183 -0.208369 -0.230914 -0.227945 -0.212723 -1
-0.159552 -0.130956 -0.146309 -0.149502 -0.180583 -0.188868 -0.201183 -0.208369 -0.230914 -0.227945 -1
-0.183224 -0.159552 -0.130956 -0.146309 -0.149502 -0.180583 -0.188868 -0.201183 -0.208369 -0.230914 1
-0.151968 -0.183224 -0.159552 -0.130956 -0.146309 -0.149502 -0.180583 -0.188868 -0.201183 -0.208369 1
-0.124958 -0.151968 -0.183224 -0.159552 -0.130956 -0.146309 -0.149502 -0.180583 -0.188868 -0.201183 -1
-0.137639 -0.124958 -0.151968 -0.183224 -0.159552 -0.130956 -0.146309 -0.149502 -0.180583 -0.188868 1
-0.125606 -0.137639 -0.124958 -0.151968 -0.183224 -0.159552 -0.130956 -0.146309 -0.149502 -0.180583 -1
-0.149948 -0.125606 -0.137639 -0.124958 -0.151968 -0.183224 -0.159552 -0.130956 -0.146309 -0.149502 1
