0.020976 -0.025681 0.004288 -0.008447 -0.034081 -0.024697 -0.00354 -0.015291 0.024637 0.0 1
0.003213 0.020976 -0.025681 0.004288 -0.008447 -0.034081 -0.024697 -0.00354 -0.015291 0.024637 1
0.012489 0.003213 0.020976 -0.025681 0.004288 -0.008447 -0.034081 -0.024697 -0.00354 -0.015291 -1
-0.006895 0.012489 0.003213 0.020976 -0.025681 0.004288 -0.008447 -0.034081 -0.024697 -0.00354 -1
-0.016716 -0.006895 0.012489 0.003213 0.020976 -0.025681 0.004288 -0.008447 -0.034081 -0.024697 -1
-0.009743 -0.016716 -0.006895 0.012489 0.003213 0.020976 -0.025681 0.004288 -0.008447 -0.034081 1
0.008457 -0.009743 -0.016716 -0.006895 0.012489 0.003213 0.020976 -0.025681 0.004288 -0.008447 -1
-0.003136 0.008457 -0.009743 -0.016716 -0.006895 0.012489 0.003213 0.020976 -0.025681 0.004288 -1
-0.013273 -0.003136 0.008457 -0.009743 -0.016716 -0.006895 0.012489 0.003213 0.020976 -0.025681 -1
-0.029954 -0.013273 -0.003136 0.008457 -0.009743 -0.016716 -0.006895 0.012489 0.003213 0.020976 1
0.081896 -0.029954 -0.013273 -0.003136 0.008457 -0.009743 -0.016716 -0.006895 0.012489 0.003213 -1
-0.030419 0.081896 -0.029954 -0.013273 -0.003136 0.008457 -0.009743 -0.016716 -0.006895 0.012489 -1
-0.017605 -0.030419 0.081896 -0.029954 -0.013273 -0.003136 0.008457 -0.009743 -0.016716 -0.006895 1
0.027768 -0.017605 -0.030419 0.081896 -0.029954 -0.013273 -0.003136 0.008457 -0.009743 -0.016716 -1
-0.003967 0.027768 -0.017605 -0.030419 0.081896 -0.029954 -0.013273 -0.003136 0.008457 -0.009743 -1
-0.038976 -0.003967 0.027768 -0.017605 -0.030419 0.081896 -0.029954 -0.013273 -0.003136 0.008457 1
0.009038 -0.038976 -0.003967 0.027768 -0.017605 -0.030419 0.081896 -0.029954 -0.013273 -0.003136 -1
-0.015119 0.009038 -0.038976 -0.003967 0.027768 -0.017605 -0.030419 0.081896 -0.029954 -0.013273 1
0.027111 -0.015119 0.009038 -0.038976 -0.003967 0.027768 -0.017605 -0.030419 0.081896 -0.029954 -1
-0.015849 0.027111 -0.015119 0.009038 -0.038976 -0.003967 0.027768 -0.017605 -0.030419 0.081896 -1
-0.001358 -0.015849 0.027111 -0.015119 0.009038 -0.038976 -0.003967 0.027768 -0.017605 -0.030419 1
0.0163 -0.001358 -0.015849 0.027111 -0.015119 0.009038 -0.038976 -0.003967 0.027768 -0.017605 1
0.028781 0.0163 -0.001358 -0.015849 0.027111 -0.015119 0.009038 -0.038976 -0.003967 0.027768 -1
-0.002528 0.028781 0.0163 -0.001358 -0.015849 0.027111 -0.015119 0.009038 -0.038976 -0.003967 -1
-0.011255 -0.002528 0.028781 0.0163 -0.001358 -0.015849 0.027111 -0.015119 0.009038 -0.038976 -1
-0.022793 -0.011255 -0.002528 0.028781 0.0163 -0.001358 -0.015849 0.027111 -0.015119 0.009038 -1
-0.015654 -0.022793 -0.011255 -0.002528 0.028781 0.0163 -0.001358 -0.015849 0.027111 -0.015119 -1
-0.038476 -0.015654 -0.022793 -0.011255 -0.002528 0.028781 0.0163 -0.001358 -0.015849 0.027111 1
0.045511 -0.038476 -0.015654 -0.022793 -0.011255 -0.002528 0.028781 0.0163 -0.001358 -0.015849 -1
-0.017732 0.045511 -0.038476 -0.015654 -0.022793 -0.011255 -0.002528 0.028781 0.0163 -0.001358 1
0.023781 -0.017732 0.045511 -0.038476 -0.015654 -0.022793 -0.011255 -0.002528 0.028781 0.0163 -1
-0.022302 0.023781 -0.017732 0.045511 -0.038476 -0.015654 -0.022793 -0.011255 -0.002528 0.028781 1
0.018292 -0.022302 0.023781 -0.017732 0.045511 -0.038476 -0.015654 -0.022793 -0.011255 -0.002528 1
0.000830999999999998 0.018292 -0.022302 0.023781 -0.017732 0.045511 -0.038476 -0.015654 -0.022793 -0.011255 -1
-0.051686 0.000830999999999998 0.018292 -0.022302 0.023781 -0.017732 0.045511 -0.038476 -0.015654 -0.022793 1
0.013646 -0.051686 0.000830999999999998 0.018292 -0.022302 0.023781 -0.017732 0.045511 -0.038476 -0.015654 1
0.029853 0.013646 -0.051686 0.000830999999999998 0.018292 -0.022302 0.023781 -0.017732 0.045511 -0.038476 1
0.018789 0.029853 0.013646 -0.051686 0.000830999999999998 0.018292 -0.022302 0.023781 -0.017732 0.045511 -1
-0.005146 0.018789 0.029853 0.013646 -0.051686 0.000830999999999998 0.018292 -0.022302 0.023781 -0.017732 1
0.008739 -0.005146 0.018789 0.029853 0.013646 -0.051686 0.000830999999999998 0.018292 -0.022302 0.023781 1
0.03905 0.008739 -0.005146 0.018789 0.029853 0.013646 -0.051686 0.000830999999999998 0.018292 -0.022302 -1
-0.004398 0.03905 0.008739 -0.005146 0.018789 0.029853 0.013646 -0.051686 0.000830999999999998 0.018292 -1
-0.029686 -0.004398 0.03905 0.008739 -0.005146 0.018789 0.029853 0.013646 -0.051686 0.000830999999999998 1
0.014308 -0.029686 -0.004398 0.03905 0.008739 -0.005146 0.018789 0.029853 0.013646 -0.051686 1
0.083392 0.014308 -0.029686 -0.004398 0.03905 0.008739 -0.005146 0.018789 0.029853 0.013646 1
0.018427 0.083392 0.014308 -0.029686 -0.004398 0.03905 0.008739 -0.005146 0.018789 0.029853 1
0.002202 0.018427 0.083392 0.014308 -0.029686 -0.004398 0.03905 0.008739 -0.005146 0.018789 1
0.027006 0.002202 0.018427 0.083392 0.014308 -0.029686 -0.004398 0.03905 0.008739 -0.005146 -1
-0.00884 0.027006 0.002202 0.018427 0.083392 0.014308 -0.029686 -0.004398 0.03905 0.008739 -1
-0.029722 -0.00884 0.027006 0.002202 0.018427 0.083392 0.014308 -0.029686 -0.004398 0.03905 -1
-0.046694 -0.029722 -0.00884 0.027006 0.002202 0.018427 0.083392 0.014308 -0.029686 -0.004398 1
0.002967 -0.046694 -0.029722 -0.00884 0.027006 0.002202 0.018427 0.083392 0.014308 -0.029686 1
0.010624 0.002967 -0.046694 -0.029722 -0.00884 0.027006 0.002202 0.018427 0.083392 0.014308 -1
-0.003814 0.010624 0.002967 -0.046694 -0.029722 -0.00884 0.027006 0.002202 0.018427 0.083392 -1
-0.024529 -0.003814 0.010624 0.002967 -0.046694 -0.029722 -0.00884 0.027006 0.002202 0.018427 1
0.022643 -0.024529 -0.003814 0.010624 0.002967 -0.046694 -0.029722 -0.00884 0.027006 0.002202 -1
-0.023482 0.022643 -0.024529 -0.003814 0.010624 0.002967 -0.046694 -0.029722 -0.00884 0.027006 1
0.006518 -0.023482 0.022643 -0.024529 -0.003814 0.010624 0.002967 -0.046694 -0.029722 -0.00884 -1
-0.002875 0.006518 -0.023482 0.022643 -0.024529 -0.003814 0.010624 0.002967 -0.046694 -0.029722 1
0.011265 -0.002875 0.006518 -0.023482 0.022643 -0.024529 -0.003814 0.010624 0.002967 -0.046694 1
0.025022 0.011265 -0.002875 0.006518 -0.023482 0.022643 -0.024529 -0.003814 0.010624 0.002967 -1
-0.040219 0.025022 0.011265 -0.002875 0.006518 -0.023482 0.022643 -0.024529 -0.003814 0.010624 1
0.000454999999999997 -0.040219 0.025022 0.011265 -0.002875 0.006518 -0.023482 0.022643 -0.024529 -0.003814 1
0.000332000000000002 0.000454999999999997 -0.040219 0.025022 0.011265 -0.002875 0.006518 -0.023482 0.022643 -0.024529 1
0.008058 0.000332000000000002 0.000454999999999997 -0.040219 0.025022 0.011265 -0.002875 0.006518 -0.023482 0.022643 1
0.026285 0.008058 0.000332000000000002 0.000454999999999997 -0.040219 0.025022 0.011265 -0.002875 0.006518 -0.023482 1
0.008787 0.026285 0.008058 0.000332000000000002 0.000454999999999997 -0.040219 0.025022 0.011265 -0.002875 0.006518 1
0.023059 0.008787 0.026285 0.008058 0.000332000000000002 0.000454999999999997 -0.040219 0.025022 0.011265 -0.002875 -1
-0.014552 0.023059 0.008787 0.026285 0.008058 0.000332000000000002 0.000454999999999997 -0.040219 0.025022 0.011265 -1
-0.033998 -0.014552 0.023059 0.008787 0.026285 0.008058 0.000332000000000002 0.000454999999999997 -0.040219 0.025022 -1
-0.004022 -0.033998 -0.014552 0.023059 0.008787 0.026285 0.008058 0.000332000000000002 0.000454999999999997 -0.040219 -1
-1.00000000000031e-05 -0.004022 -0.033998 -0.014552 0.023059 0.008787 0.026285 0.008058 0.000332000000000002 0.000454999999999997 1
0.027047 -1.00000000000031e-05 -0.004022 -0.033998 -0.014552 0.023059 0.008787 0.026285 0.008058 0.000332000000000002 1
0.056247 0.027047 -1.00000000000031e-05 -0.004022 -0.033998 -0.014552 0.023059 0.008787 0.026285 0.008058 1
0.020676 0.056247 0.027047 -1.00000000000031e-05 -0.004022 -0.033998 -0.014552 0.023059 0.008787 0.026285 -1
-0.034807 0.020676 0.056247 0.027047 -1.00000000000031e-05 -0.004022 -0.033998 -0.014552 0.023059 0.008787 -1
-0.0536 -0.034807 0.020676 0.056247 0.027047 -1.00000000000031e-05 -0.004022 -0.033998 -0.014552 0.023059 -1
-0.02301 -0.0536 -0.034807 0.020676 0.056247 0.027047 -1.00000000000031e-05 -0.004022 -0.033998 -0.014552 1
0.046821 -0.02301 -0.0536 -0.034807 0.020676 0.056247 0.027047 -1.00000000000031e-05 -0.004022 -0.033998 -1
-0.015994 0.046821 -0.02301 -0.0536 -0.034807 0.020676 0.056247 0.027047 -1.00000000000031e-05 -0.004022 1
0.01183 -0.015994 0.046821 -0.02301 -0.0536 -0.034807 0.020676 0.056247 0.027047 -1.00000000000031e-05 -1
-0.015499 0.01183 -0.015994 0.046821 -0.02301 -0.0536 -0.034807 0.020676 0.056247 0.027047 -1
-0.007031 -0.015499 0.01183 -0.015994 0.046821 -0.02301 -0.0536 -0.034807 0.020676 0.056247 1
0.003424 -0.007031 -0.015499 0.01183 -0.015994 0.046821 -0.02301 -0.0536 -0.034807 0.020676 1
0.007077 0.003424 -0.007031 -0.015499 0.01183 -0.015994 0.046821 -0.02301 -0.0536 -0.034807 -1
-0.000480999999999995 0.007077 0.003424 -0.007031 -0.015499 0.01183 -0.015994 0.046821 -0.02301 -0.0536 1
0.045367 -0.000480999999999995 0.007077 0.003424 -0.007031 -0.015499 0.01183 -0.015994 0.046821 -0.02301 -1
-0.012126 0.045367 -0.000480999999999995 0.007077 0.003424 -0.007031 -0.015499 0.01183 -0.015994 0.046821 -1
-0.009815 -0.012126 0.045367 -0.000480999999999995 0.007077 0.003424 -0.007031 -0.015499 0.01183 -0.015994 -1
-0.035933 -0.009815 -0.012126 0.045367 -0.000480999999999995 0.007077 0.003424 -0.007031 -0.015499 0.01183 -1
-0.019054 -0.035933 -0.009815 -0.012126 0.045367 -0.000480999999999995 0.007077 0.003424 -0.007031 -0.015499 -1
-0.009436 -0.019054 -0.035933 -0.009815 -0.012126 0.045367 -0.000480999999999995 0.007077 0.003424 -0.007031 -1
-0.001697 -0.009436 -0.019054 -0.035933 -0.009815 -0.012126 0.045367 -0.000480999999999995 0.007077 0.003424 1
0.011378 -0.001697 -0.009436 -0.019054 -0.035933 -0.009815 -0.012126 0.045367 -0.000480999999999995 0.007077 1
0.001048 0.011378 -0.001697 -0.009436 -0.019054 -0.035933 -0.009815 -0.012126 0.045367 -0.000480999999999995 -1
-0.03458 0.001048 0.011378 -0.001697 -0.009436 -0.019054 -0.035933 -0.009815 -0.012126 0.045367 1
0.029392 -0.03458 0.001048 0.011378 -0.001697 -0.009436 -0.019054 -0.035933 -0.009815 -0.012126 1
0.023701 0.029392 -0.03458 0.001048 0.011378 -0.001697 -0.009436 -0.019054 -0.035933 -0.009815 -1
-0.031144 0.023701 0.029392 -0.03458 0.001048 0.011378 -0.001697 -0.009436 -0.019054 -0.035933 1
0.003616 -0.031144 0.023701 0.029392 -0.03458 0.001048 0.011378 -0.001697 -0.009436 -0.019054 1
0.005489 0.003616 -0.031144 0.023701 0.029392 -0.03458 0.001048 0.011378 -0.001697 -0.009436 1
0.019073 0.005489 0.003616 -0.031144 0.023701 0.029392 -0.03458 0.001048 0.011378 -0.001697 -1
-0.047688 0.019073 0.005489 0.003616 -0.031144 0.023701 0.029392 -0.03458 0.001048 0.011378 -1
-0.01903 -0.047688 0.019073 0.005489 0.003616 -0.031144 0.023701 0.029392 -0.03458 0.001048 1
0.016782 -0.01903 -0.047688 0.019073 0.005489 0.003616 -0.031144 0.023701 0.029392 -0.03458 -1
-0.043651 0.016782 -0.01903 -0.047688 0.019073 0.005489 0.003616 -0.031144 0.023701 0.029392 1
0.014483 -0.043651 0.016782 -0.01903 -0.047688 0.019073 0.005489 0.003616 -0.031144 0.023701 1
0.03669 0.014483 -0.043651 0.016782 -0.01903 -0.047688 0.019073 0.005489 0.003616 -0.031144 -1
-0.024908 0.03669 0.014483 -0.043651 0.016782 -0.01903 -0.047688 0.019073 0.005489 0.003616 -1
-0.019612 -0.024908 0.03669 0.014483 -0.043651 0.016782 -0.01903 -0.047688 0.019073 0.005489 -1
-0.006828 -0.019612 -0.024908 0.03669 0.014483 -0.043651 0.016782 -0.01903 -0.047688 0.019073 1
0.004177 -0.006828 -0.019612 -0.024908 0.03669 0.014483 -0.043651 0.016782 -0.01903 -0.047688 1
0.019609 0.004177 -0.006828 -0.019612 -0.024908 0.03669 0.014483 -0.043651 0.016782 -0.01903 1
0.012212 0.019609 0.004177 -0.006828 -0.019612 -0.024908 0.03669 0.014483 -0.043651 0.016782 -1
-0.001002 0.012212 0.019609 0.004177 -0.006828 -0.019612 -0.024908 0.03669 0.014483 -0.043651 -1
-0.023581 -0.001002 0.012212 0.019609 0.004177 -0.006828 -0.019612 -0.024908 0.03669 0.014483 -1
-0.001193 -0.023581 -0.001002 0.012212 0.019609 0.004177 -0.006828 -0.019612 -0.024908 0.03669 1
0.031687 -0.001193 -0.023581 -0.001002 0.012212 0.019609 0.004177 -0.006828 -0.019612 -0.024908 -1
-0.04075 0.031687 -0.001193 -0.023581 -0.001002 0.012212 0.019609 0.004177 -0.006828 -0.019612 1
0.005893 -0.04075 0.031687 -0.001193 -0.023581 -0.001002 0.012212 0.019609 0.004177 -0.006828 1
0.005162 0.005893 -0.04075 0.031687 -0.001193 -0.023581 -0.001002 0.012212 0.019609 0.004177 -1
-0.023864 0.005162 0.005893 -0.04075 0.031687 -0.001193 -0.023581 -0.001002 0.012212 0.019609 -1
-0.012874 -0.023864 0.005162 0.005893 -0.04075 0.031687 -0.001193 -0.023581 -0.001002 0.012212 -1
-0.052444 -0.012874 -0.023864 0.005162 0.005893 -0.04075 0.031687 -0.001193 -0.023581 -0.001002 1
0.002026 -0.052444 -0.012874 -0.023864 0.005162 0.005893 -0.04075 0.031687 -0.001193 -0.023581 -1
-0.014434 0.002026 -0.052444 -0.012874 -0.023864 0.005162 0.005893 -0.04075 0.031687 -0.001193 -1
-0.000824999999999992 -0.014434 0.002026 -0.052444 -0.012874 -0.023864 0.005162 0.005893 -0.04075 0.031687 1
0.0479 -0.000824999999999992 -0.014434 0.002026 -0.052444 -0.012874 -0.023864 0.005162 0.005893 -0.04075 -1
-0.016448 0.0479 -0.000824999999999992 -0.014434 0.002026 -0.052444 -0.012874 -0.023864 0.005162 0.005893 1
0.017704 -0.016448 0.0479 -0.000824999999999992 -0.014434 0.002026 -0.052444 -0.012874 -0.023864 0.005162 -1
-0.018204 0.017704 -0.016448 0.0479 -0.000824999999999992 -0.014434 0.002026 -0.052444 -0.012874 -0.023864 1
0.017647 -0.018204 0.017704 -0.016448 0.0479 -0.000824999999999992 -0.014434 0.002026 -0.052444 -0.012874 -1
-0.01547 0.017647 -0.018204 0.017704 -0.016448 0.0479 -0.000824999999999992 -0.014434 0.002026 -0.052444 1
0.022167 -0.01547 0.017647 -0.018204 0.017704 -0.016448 0.0479 -0.000824999999999992 -0.014434 0.002026 -1
-0.00996999999999999 0.022167 -0.01547 0.017647 -0.018204 0.017704 -0.016448 0.0479 -0.000824999999999992 -0.014434 1
0.013629 -0.00996999999999999 0.022167 -0.01547 0.017647 -0.018204 0.017704 -0.016448 0.0479 -0.000824999999999992 1
0.000486 0.013629 -0.00996999999999999 0.022167 -0.01547 0.017647 -0.018204 0.017704 -0.016448 0.0479 1
0.0236 0.000486 0.013629 -0.00996999999999999 0.022167 -0.01547 0.017647 -0.018204 0.017704 -0.016448 1
0.04614 0.0236 0.000486 0.013629 -0.00996999999999999 0.022167 -0.01547 0.017647 -0.018204 0.017704 1
0.018538 0.04614 0.0236 0.000486 0.013629 -0.00996999999999999 0.022167 -0.01547 0.017647 -0.018204 -1
-0.017486 0.018538 0.04614 0.0236 0.000486 0.013629 -0.00996999999999999 0.022167 -0.01547 0.017647 -1
-0.018351 -0.017486 0.018538 0.04614 0.0236 0.000486 0.013629 -0.00996999999999999 0.022167 -0.01547 -1
-0.001421 -0.018351 -0.017486 0.018538 0.04614 0.0236 0.000486 0.013629 -0.00996999999999999 0.022167 1
0.03387 -0.001421 -0.018351 -0.017486 0.018538 0.04614 0.0236 0.000486 0.013629 -0.00996999999999999 1
0.004806 0.03387 -0.001421 -0.018351 -0.017486 0.018538 0.04614 0.0236 0.000486 0.013629 -1
-0.030406 0.004806 0.03387 -0.001421 -0.018351 -0.017486 0.018538 0.04614 0.0236 0.000486 -1
-0.017475 -0.030406 0.004806 0.03387 -0.001421 -0.018351 -0.017486 0.018538 0.04614 0.0236 1
0.00745 -0.017475 -0.030406 0.004806 0.03387 -0.001421 -0.018351 -0.017486 0.018538 0.04614 -1
-0.000369000000000001 0.00745 -0.017475 -0.030406 0.004806 0.03387 -0.001421 -0.018351 -0.017486 0.018538 -1
-0.013585 -0.000369000000000001 0.00745 -0.017475 -0.030406 0.004806 0.03387 -0.001421 -0.018351 -0.017486 -1
-0.012956 -0.013585 -0.000369000000000001 0.00745 -0.017475 -0.030406 0.004806 0.03387 -0.001421 -0.018351 1
0.004345 -0.012956 -0.013585 -0.000369000000000001 0.00745 -0.017475 -0.030406 0.004806 0.03387 -0.001421 -1
-0.000282999999999999 0.004345 -0.012956 -0.013585 -0.000369000000000001 0.00745 -0.017475 -0.030406 0.004806 0.03387 -1
-0.008186 -0.000282999999999999 0.004345 -0.012956 -0.013585 -0.000369000000000001 0.00745 -0.017475 -0.030406 0.004806 1
0.005273 -0.008186 -0.000282999999999999 0.004345 -0.012956 -0.013585 -0.000369000000000001 0.00745 -0.017475 -0.030406 1
0.006261 0.005273 -0.008186 -0.000282999999999999 0.004345 -0.012956 -0.013585 -0.000369000000000001 0.00745 -0.017475 -1
-0.00878499999999999 0.006261 0.005273 -0.008186 -0.000282999999999999 0.004345 -0.012956 -0.013585 -0.000369000000000001 0.00745 -1
-0.00103300000000001 -0.00878499999999999 0.006261 0.005273 -0.008186 -0.000282999999999999 0.004345 -0.012956 -0.013585 -0.000369000000000001 -1
-0.003415 -0.00103300000000001 -0.00878499999999999 0.006261 0.005273 -0.008186 -0.000282999999999999 0.004345 -0.012956 -0.013585 -1
-0.008089 -0.003415 -0.00103300000000001 -0.00878499999999999 0.006261 0.005273 -0.008186 -0.000282999999999999 0.004345 -0.012956 -1
-0.00285099999999999 -0.008089 -0.003415 -0.00103300000000001 -0.00878499999999999 0.006261 0.005273 -0.008186 -0.000282999999999999 0.004345 1
0.048283 -0.00285099999999999 -0.008089 -0.003415 -0.00103300000000001 -0.00878499999999999 0.006261 0.005273 -0.008186 -0.000282999999999999 1
0.037777 0.048283 -0.00285099999999999 -0.008089 -0.003415 -0.00103300000000001 -0.00878499999999999 0.006261 0.005273 -0.008186 -1
-0.002472 0.037777 0.048283 -0.00285099999999999 -0.008089 -0.003415 -0.00103300000000001 -0.00878499999999999 0.006261 0.005273 -1
-0.019145 -0.002472 0.037777 0.048283 -0.00285099999999999 -0.008089 -0.003415 -0.00103300000000001 -0.00878499999999999 0.006261 -1
-0.035134 -0.019145 -0.002472 0.037777 0.048283 -0.00285099999999999 -0.008089 -0.003415 -0.00103300000000001 -0.00878499999999999 -1
-0.002139 -0.035134 -0.019145 -0.002472 0.037777 0.048283 -0.00285099999999999 -0.008089 -0.003415 -0.00103300000000001 -1
-0.013981 -0.002139 -0.035134 -0.019145 -0.002472 0.037777 0.048283 -0.00285099999999999 -0.008089 -0.003415 -1
-0.00190799999999999 -0.013981 -0.002139 -0.035134 -0.019145 -0.002472 0.037777 0.048283 -0.00285099999999999 -0.008089 1
0.043327 -0.00190799999999999 -0.013981 -0.002139 -0.035134 -0.019145 -0.002472 0.037777 0.048283 -0.00285099999999999 1
0.015613 0.043327 -0.00190799999999999 -0.013981 -0.002139 -0.035134 -0.019145 -0.002472 0.037777 0.048283 -1
-0.002296 0.015613 0.043327 -0.00190799999999999 -0.013981 -0.002139 -0.035134 -0.019145 -0.002472 0.037777 -1
-0.025979 -0.002296 0.015613 0.043327 -0.00190799999999999 -0.013981 -0.002139 -0.035134 -0.019145 -0.002472 1
0.016925 -0.025979 -0.002296 0.015613 0.043327 -0.00190799999999999 -0.013981 -0.002139 -0.035134 -0.019145 -1
-0.029512 0.016925 -0.025979 -0.002296 0.015613 0.043327 -0.00190799999999999 -0.013981 -0.002139 -0.035134 -1
-0.010942 -0.029512 0.016925 -0.025979 -0.002296 0.015613 0.043327 -0.00190799999999999 -0.013981 -0.002139 1
0.062438 -0.010942 -0.029512 0.016925 -0.025979 -0.002296 0.015613 0.043327 -0.00190799999999999 -0.013981 -1
-0.045893 0.062438 -0.010942 -0.029512 0.016925 -0.025979 -0.002296 0.015613 0.043327 -0.00190799999999999 1
2.70000000000062e-05 -0.045893 0.062438 -0.010942 -0.029512 0.016925 -0.025979 -0.002296 0.015613 0.043327 1
0.015637 2.70000000000062e-05 -0.045893 0.062438 -0.010942 -0.029512 0.016925 -0.025979 -0.002296 0.015613 -1
-0.023779 0.015637 2.70000000000062e-05 -0.045893 0.062438 -0.010942 -0.029512 0.016925 -0.025979 -0.002296 1
0.010453 -0.023779 0.015637 2.70000000000062e-05 -0.045893 0.062438 -0.010942 -0.029512 0.016925 -0.025979 -1
-0.003164 0.010453 -0.023779 0.015637 2.70000000000062e-05 -0.045893 0.062438 -0.010942 -0.029512 0.016925 1
0.020723 -0.003164 0.010453 -0.023779 0.015637 2.70000000000062e-05 -0.045893 0.062438 -0.010942 -0.029512 1
0.034989 0.020723 -0.003164 0.010453 -0.023779 0.015637 2.70000000000062e-05 -0.045893 0.062438 -0.010942 1
0.001084 0.034989 0.020723 -0.003164 0.010453 -0.023779 0.015637 2.70000000000062e-05 -0.045893 0.062438 -1
-0.009603 0.001084 0.034989 0.020723 -0.003164 0.010453 -0.023779 0.015637 2.70000000000062e-05 -0.045893 -1
-0.014149 -0.009603 0.001084 0.034989 0.020723 -0.003164 0.010453 -0.023779 0.015637 2.70000000000062e-05 -1
-0.016895 -0.014149 -0.009603 0.001084 0.034989 0.020723 -0.003164 0.010453 -0.023779 0.015637 1
0.014031 -0.016895 -0.014149 -0.009603 0.001084 0.034989 0.020723 -0.003164 0.010453 -0.023779 1
0.005085 0.014031 -0.016895 -0.014149 -0.009603 0.001084 0.034989 0.020723 -0.003164 0.010453 1
0.011063 0.005085 0.014031 -0.016895 -0.014149 -0.009603 0.001084 0.034989 0.020723 -0.003164 -1
-0.022304 0.011063 0.005085 0.014031 -0.016895 -0.014149 -0.009603 0.001084 0.034989 0.020723 1
0.047732 -0.022304 0.011063 0.005085 0.014031 -0.016895 -0.014149 -0.009603 0.001084 0.034989 -1
-0.038397 0.047732 -0.022304 0.011063 0.005085 0.014031 -0.016895 -0.014149 -0.009603 0.001084 -1
-0.025246 -0.038397 0.047732 -0.022304 0.011063 0.005085 0.014031 -0.016895 -0.014149 -0.009603 1
0.027923 -0.025246 -0.038397 0.047732 -0.022304 0.011063 0.005085 0.014031 -0.016895 -0.014149 -1
-0.009126 0.027923 -0.025246 -0.038397 0.047732 -0.022304 0.011063 0.005085 0.014031 -0.016895 -1
-0.011601 -0.009126 0.027923 -0.025246 -0.038397 0.047732 -0.022304 0.011063 0.005085 0.014031 1
0.181119 -0.011601 -0.009126 0.027923 -0.025246 -0.038397 0.047732 -0.022304 0.011063 0.005085 -1
-0.09727 0.181119 -0.011601 -0.009126 0.027923 -0.025246 -0.038397 0.047732 -0.022304 0.011063 -1
-0.040939 -0.09727 0.181119 -0.011601 -0.009126 0.027923 -0.025246 -0.038397 0.047732 -0.022304 1
0.002153 -0.040939 -0.09727 0.181119 -0.011601 -0.009126 0.027923 -0.025246 -0.038397 0.047732 1
0.005925 0.002153 -0.040939 -0.09727 0.181119 -0.011601 -0.009126 0.027923 -0.025246 -0.038397 1
0.00226 0.005925 0.002153 -0.040939 -0.09727 0.181119 -0.011601 -0.009126 0.027923 -0.025246 -1
-0.007371 0.00226 0.005925 0.002153 -0.040939 -0.09727 0.181119 -0.011601 -0.009126 0.027923 1
0.00918 -0.007371 0.00226 0.005925 0.002153 -0.040939 -0.09727 0.181119 -0.011601 -0.009126 1
0.081 0.00918 -0.007371 0.00226 0.005925 0.002153 -0.040939 -0.09727 0.181119 -0.011601 1
0.00304599999999999 0.081 0.00918 -0.007371 0.00226 0.005925 0.002153 -0.040939 -0.09727 0.181119 -1
-0.010295 0.00304599999999999 0.081 0.00918 -0.007371 0.00226 0.005925 0.002153 -0.040939 -0.09727 -1
-0.021188 -0.010295 0.00304599999999999 0.081 0.00918 -0.007371 0.00226 0.005925 0.002153 -0.040939 1
0.001318 -0.021188 -0.010295 0.00304599999999999 0.081 0.00918 -0.007371 0.00226 0.005925 0.002153 -1
-0.006629 0.001318 -0.021188 -0.010295 0.00304599999999999 0.081 0.00918 -0.007371 0.00226 0.005925 1
0.000589999999999993 -0.006629 0.001318 -0.021188 -0.010295 0.00304599999999999 0.081 0.00918 -0.007371 0.00226 -1
-0.023256 0.000589999999999993 -0.006629 0.001318 -0.021188 -0.010295 0.00304599999999999 0.081 0.00918 -0.007371 1
0.008474 -0.023256 0.000589999999999993 -0.006629 0.001318 -0.021188 -0.010295 0.00304599999999999 0.081 0.00918 1
0.00631499999999999 0.008474 -0.023256 0.000589999999999993 -0.006629 0.001318 -0.021188 -0.010295 0.00304599999999999 0.081 -1
-0.028117 0.00631499999999999 0.008474 -0.023256 0.000589999999999993 -0.006629 0.001318 -0.021188 -0.010295 0.00304599999999999 -1
-0.009607 -0.028117 0.00631499999999999 0.008474 -0.023256 0.000589999999999993 -0.006629 0.001318 -0.021188 -0.010295 1
0.006547 -0.009607 -0.028117 0.00631499999999999 0.008474 -0.023256 0.000589999999999993 -0.006629 0.001318 -0.021188 1
0.003383 0.006547 -0.009607 -0.028117 0.00631499999999999 0.008474 -0.023256 0.000589999999999993 -0.006629 0.001318 -1
-0.00115100000000001 0.003383 0.006547 -0.009607 -0.028117 0.00631499999999999 0.008474 -0.023256 0.000589999999999993 -0.006629 -1
-0.027722 -0.00115100000000001 0.003383 0.006547 -0.009607 -0.028117 0.00631499999999999 0.008474 -0.023256 0.000589999999999993 -1
-0.00292 -0.027722 -0.00115100000000001 0.003383 0.006547 -0.009607 -0.028117 0.00631499999999999 0.008474 -0.023256 1
0.00626 -0.00292 -0.027722 -0.00115100000000001 0.003383 0.006547 -0.009607 -0.028117 0.00631499999999999 0.008474 1
0.012763 0.00626 -0.00292 -0.027722 -0.00115100000000001 0.003383 0.006547 -0.009607 -0.028117 0.00631499999999999 1
0.0108 0.012763 0.00626 -0.00292 -0.027722 -0.00115100000000001 0.003383 0.006547 -0.009607 -0.028117 1
0.013465 0.0108 0.012763 0.00626 -0.00292 -0.027722 -0.00115100000000001 0.003383 0.006547 -0.009607 -1
-0.007432 0.013465 0.0108 0.012763 0.00626 -0.00292 -0.027722 -0.00115100000000001 0.003383 0.006547 -1
-0.043933 -0.007432 0.013465 0.0108 0.012763 0.00626 -0.00292 -0.027722 -0.00115100000000001 0.003383 1
0.034987 -0.043933 -0.007432 0.013465 0.0108 0.012763 0.00626 -0.00292 -0.027722 -0.00115100000000001 -1
-0.03176 0.034987 -0.043933 -0.007432 0.013465 0.0108 0.012763 0.00626 -0.00292 -0.027722 1
0.000911 -0.03176 0.034987 -0.043933 -0.007432 0.013465 0.0108 0.012763 0.00626 -0.00292 1
0.003853 0.000911 -0.03176 0.034987 -0.043933 -0.007432 0.013465 0.0108 0.012763 0.00626 -1
-0.008901 0.003853 0.000911 -0.03176 0.034987 -0.043933 -0.007432 0.013465 0.0108 0.012763 -1
-0.028255 -0.008901 0.003853 0.000911 -0.03176 0.034987 -0.043933 -0.007432 0.013465 0.0108 1
0.020151 -0.028255 -0.008901 0.003853 0.000911 -0.03176 0.034987 -0.043933 -0.007432 0.013465 -1
-0.00209 0.020151 -0.028255 -0.008901 0.003853 0.000911 -0.03176 0.034987 -0.043933 -0.007432 1
0.008521 -0.00209 0.020151 -0.028255 -0.008901 0.003853 0.000911 -0.03176 0.034987 -0.043933 -1
-0.013874 0.008521 -0.00209 0.020151 -0.028255 -0.008901 0.003853 0.000911 -0.03176 0.034987 1
0.012112 -0.013874 0.008521 -0.00209 0.020151 -0.028255 -0.008901 0.003853 0.000911 -0.03176 -1
-0.046561 0.012112 -0.013874 0.008521 -0.00209 0.020151 -0.028255 -0.008901 0.003853 0.000911 -1
-0.009357 -0.046561 0.012112 -0.013874 0.008521 -0.00209 0.020151 -0.028255 -0.008901 0.003853 -1
-0.030356 -0.009357 -0.046561 0.012112 -0.013874 0.008521 -0.00209 0.020151 -0.028255 -0.008901 -1
-0.002596 -0.030356 -0.009357 -0.046561 0.012112 -0.013874 0.008521 -0.00209 0.020151 -0.028255 1
0.020234 -0.002596 -0.030356 -0.009357 -0.046561 0.012112 -0.013874 0.008521 -0.00209 0.020151 1
0.029004 0.020234 -0.002596 -0.030356 -0.009357 -0.046561 0.012112 -0.013874 0.008521 -0.00209 -1
-0.007729 0.029004 0.020234 -0.002596 -0.030356 -0.009357 -0.046561 0.012112 -0.013874 0.008521 -1
-0.019944 -0.007729 0.029004 0.020234 -0.002596 -0.030356 -0.009357 -0.046561 0.012112 -0.013874 1
0.023864 -0.019944 -0.007729 0.029004 0.020234 -0.002596 -0.030356 -0.009357 -0.046561 0.012112 1
0.002564 0.023864 -0.019944 -0.007729 0.029004 0.020234 -0.002596 -0.030356 -0.009357 -0.046561 1
0.005407 0.002564 0.023864 -0.019944 -0.007729 0.029004 0.020234 -0.002596 -0.030356 -0.009357 -1
-0.019758 0.005407 0.002564 0.023864 -0.019944 -0.007729 0.029004 0.020234 -0.002596 -0.030356 -1
-0.00303800000000001 -0.019758 0.005407 0.002564 0.023864 -0.019944 -0.007729 0.029004 0.020234 -0.002596 -1
-0.017971 -0.00303800000000001 -0.019758 0.005407 0.002564 0.023864 -0.019944 -0.007729 0.029004 0.020234 1
0.00439999999999999 -0.017971 -0.00303800000000001 -0.019758 0.005407 0.002564 0.023864 -0.019944 -0.007729 0.029004 1
0.010354 0.00439999999999999 -0.017971 -0.00303800000000001 -0.019758 0.005407 0.002564 0.023864 -0.019944 -0.007729 1
0.020096 0.010354 0.00439999999999999 -0.017971 -0.00303800000000001 -0.019758 0.005407 0.002564 0.023864 -0.019944 -1
-0.00158 0.020096 0.010354 0.00439999999999999 -0.017971 -0.00303800000000001 -0.019758 0.005407 0.002564 0.023864 1
0.048189 -0.00158 0.020096 0.010354 0.00439999999999999 -0.017971 -0.00303800000000001 -0.019758 0.005407 0.002564 1
0.047187 0.048189 -0.00158 0.020096 0.010354 0.00439999999999999 -0.017971 -0.00303800000000001 -0.019758 0.005407 -1
-0.000760000000000004 0.047187 0.048189 -0.00158 0.020096 0.010354 0.00439999999999999 -0.017971 -0.00303800000000001 -0.019758 -1
-0.023098 -0.000760000000000004 0.047187 0.048189 -0.00158 0.020096 0.010354 0.00439999999999999 -0.017971 -0.00303800000000001 1
0.023836 -0.023098 -0.000760000000000004 0.047187 0.048189 -0.00158 0.020096 0.010354 0.00439999999999999 -0.017971 1
0.016916 0.023836 -0.023098 -0.000760000000000004 0.047187 0.048189 -0.00158 0.020096 0.010354 0.00439999999999999 -1
-0.005646 0.016916 0.023836 -0.023098 -0.000760000000000004 0.047187 0.048189 -0.00158 0.020096 0.010354 -1
-0.022591 -0.005646 0.016916 0.023836 -0.023098 -0.000760000000000004 0.047187 0.048189 -0.00158 0.020096 -1
-0.002063 -0.022591 -0.005646 0.016916 0.023836 -0.023098 -0.000760000000000004 0.047187 0.048189 -0.00158 1
0.022049 -0.002063 -0.022591 -0.005646 0.016916 0.023836 -0.023098 -0.000760000000000004 0.047187 0.048189 -1
-0.020704 0.022049 -0.002063 -0.022591 -0.005646 0.016916 0.023836 -0.023098 -0.000760000000000004 0.047187 1
0.010448 -0.020704 0.022049 -0.002063 -0.022591 -0.005646 0.016916 0.023836 -0.023098 -0.000760000000000004 1
0.017815 0.010448 -0.020704 0.022049 -0.002063 -0.022591 -0.005646 0.016916 0.023836 -0.023098 1
0.00483900000000001 0.017815 0.010448 -0.020704 0.022049 -0.002063 -0.022591 -0.005646 0.016916 0.023836 -1
-3.90000000000112e-05 0.00483900000000001 0.017815 0.010448 -0.020704 0.022049 -0.002063 -0.022591 -0.005646 0.016916 -1
-0.014145 -3.90000000000112e-05 0.00483900000000001 0.017815 0.010448 -0.020704 0.022049 -0.002063 -0.022591 -0.005646 -1
-0.035084 -0.014145 -3.90000000000112e-05 0.00483900000000001 0.017815 0.010448 -0.020704 0.022049 -0.002063 -0.022591 1
0.01255 -0.035084 -0.014145 -3.90000000000112e-05 0.00483900000000001 0.017815 0.010448 -0.020704 0.022049 -0.002063 1
0.010138 0.01255 -0.035084 -0.014145 -3.90000000000112e-05 0.00483900000000001 0.017815 0.010448 -0.020704 0.022049 -1
-0.026427 0.010138 0.01255 -0.035084 -0.014145 -3.90000000000112e-05 0.00483900000000001 0.017815 0.010448 -0.020704 1
0.038936 -0.026427 0.010138 0.01255 -0.035084 -0.014145 -3.90000000000112e-05 0.00483900000000001 0.017815 0.010448 1
0.019696 0.038936 -0.026427 0.010138 0.01255 -0.035084 -0.014145 -3.90000000000112e-05 0.00483900000000001 0.017815 1
0.023757 0.019696 0.038936 -0.026427 0.010138 0.01255 -0.035084 -0.014145 -3.90000000000112e-05 0.00483900000000001 1
0.000494999999999995 0.023757 0.019696 0.038936 -0.026427 0.010138 0.01255 -0.035084 -0.014145 -3.90000000000112e-05 -1
-0.019731 0.000494999999999995 0.023757 0.019696 0.038936 -0.026427 0.010138 0.01255 -0.035084 -0.014145 1
0.025687 -0.019731 0.000494999999999995 0.023757 0.019696 0.038936 -0.026427 0.010138 0.01255 -0.035084 -1
-0.000642999999999991 0.025687 -0.019731 0.000494999999999995 0.023757 0.019696 0.038936 -0.026427 0.010138 0.01255 1
0.005149 -0.000642999999999991 0.025687 -0.019731 0.000494999999999995 0.023757 0.019696 0.038936 -0.026427 0.010138 1
0.00730499999999999 0.005149 -0.000642999999999991 0.025687 -0.019731 0.000494999999999995 0.023757 0.019696 0.038936 -0.026427 1
0.012898 0.00730499999999999 0.005149 -0.000642999999999991 0.025687 -0.019731 0.000494999999999995 0.023757 0.019696 0.038936 1
0.001613 0.012898 0.00730499999999999 0.005149 -0.000642999999999991 0.025687 -0.019731 0.000494999999999995 0.023757 0.019696 1
0.065491 0.001613 0.012898 0.00730499999999999 0.005149 -0.000642999999999991 0.025687 -0.019731 0.000494999999999995 0.023757 1
0.018902 0.065491 0.001613 0.012898 0.00730499999999999 0.005149 -0.000642999999999991 0.025687 -0.019731 0.000494999999999995 1
0.00720400000000002 0.018902 0.065491 0.001613 0.012898 0.00730499999999999 0.005149 -0.000642999999999991 0.025687 -0.019731 1
0.012504 0.00720400000000002 0.018902 0.065491 0.001613 0.012898 0.00730499999999999 0.005149 -0.000642999999999991 0.025687 -1
-0.013115 0.012504 0.00720400000000002 0.018902 0.065491 0.001613 0.012898 0.00730499999999999 0.005149 -0.000642999999999991 -1
-0.00766900000000001 -0.013115 0.012504 0.00720400000000002 0.018902 0.065491 0.001613 0.012898 0.00730499999999999 0.005149 -1
-0.00436899999999998 -0.00766900000000001 -0.013115 0.012504 0.00720400000000002 0.018902 0.065491 0.001613 0.012898 0.00730499999999999 1
0.00103399999999998 -0.00436899999999998 -0.00766900000000001 -0.013115 0.012504 0.00720400000000002 0.018902 0.065491 0.001613 0.012898 1
0.017438 0.00103399999999998 -0.00436899999999998 -0.00766900000000001 -0.013115 0.012504 0.00720400000000002 0.018902 0.065491 0.001613 1
0.025633 0.017438 0.00103399999999998 -0.00436899999999998 -0.00766900000000001 -0.013115 0.012504 0.00720400000000002 0.018902 0.065491 1
0.025502 0.025633 0.017438 0.00103399999999998 -0.00436899999999998 -0.00766900000000001 -0.013115 0.012504 0.00720400000000002 0.018902 1
0.004888 0.025502 0.025633 0.017438 0.00103399999999998 -0.00436899999999998 -0.00766900000000001 -0.013115 0.012504 0.00720400000000002 -1
-0.00211899999999998 0.004888 0.025502 0.025633 0.017438 0.00103399999999998 -0.00436899999999998 -0.00766900000000001 -0.013115 0.012504 -1
-0.00791900000000001 -0.00211899999999998 0.004888 0.025502 0.025633 0.017438 0.00103399999999998 -0.00436899999999998 -0.00766900000000001 -0.013115 -1
-0.041165 -0.00791900000000001 -0.00211899999999998 0.004888 0.025502 0.025633 0.017438 0.00103399999999998 -0.00436899999999998 -0.00766900000000001 1
0.00562400000000002 -0.041165 -0.00791900000000001 -0.00211899999999998 0.004888 0.025502 0.025633 0.017438 0.00103399999999998 -0.00436899999999998 1
0.00114499999999998 0.00562400000000002 -0.041165 -0.00791900000000001 -0.00211899999999998 0.004888 0.025502 0.025633 0.017438 0.00103399999999998 -1
-0.113188 0.00114499999999998 0.00562400000000002 -0.041165 -0.00791900000000001 -0.00211899999999998 0.004888 0.025502 0.025633 0.017438 1
0.061723 -0.113188 0.00114499999999998 0.00562400000000002 -0.041165 -0.00791900000000001 -0.00211899999999998 0.004888 0.025502 0.025633 1
0.015307 0.061723 -0.113188 0.00114499999999998 0.00562400000000002 -0.041165 -0.00791900000000001 -0.00211899999999998 0.004888 0.025502 1
0.01819 0.015307 0.061723 -0.113188 0.00114499999999998 0.00562400000000002 -0.041165 -0.00791900000000001 -0.00211899999999998 0.004888 1
0.00326099999999999 0.01819 0.015307 0.061723 -0.113188 0.00114499999999998 0.00562400000000002 -0.041165 -0.00791900000000001 -0.00211899999999998 -1
-0.018835 0.00326099999999999 0.01819 0.015307 0.061723 -0.113188 0.00114499999999998 0.00562400000000002 -0.041165 -0.00791900000000001 1
0.020385 -0.018835 0.00326099999999999 0.01819 0.015307 0.061723 -0.113188 0.00114499999999998 0.00562400000000002 -0.041165 -1
-0.062289 0.020385 -0.018835 0.00326099999999999 0.01819 0.015307 0.061723 -0.113188 0.00114499999999998 0.00562400000000002 1
0.00556499999999999 -0.062289 0.020385 -0.018835 0.00326099999999999 0.01819 0.015307 0.061723 -0.113188 0.00114499999999998 1
0.007025 0.00556499999999999 -0.062289 0.020385 -0.018835 0.00326099999999999 0.01819 0.015307 0.061723 -0.113188 1
0.00506700000000002 0.007025 0.00556499999999999 -0.062289 0.020385 -0.018835 0.00326099999999999 0.01819 0.015307 0.061723 -1
-0.00902800000000001 0.00506700000000002 0.007025 0.00556499999999999 -0.062289 0.020385 -0.018835 0.00326099999999999 0.01819 0.015307 1
0.00179699999999999 -0.00902800000000001 0.00506700000000002 0.007025 0.00556499999999999 -0.062289 0.020385 -0.018835 0.00326099999999999 0.01819 -1
-0.00107699999999999 0.00179699999999999 -0.00902800000000001 0.00506700000000002 0.007025 0.00556499999999999 -0.062289 0.020385 -0.018835 0.00326099999999999 -1
-0.028376 -0.00107699999999999 0.00179699999999999 -0.00902800000000001 0.00506700000000002 0.007025 0.00556499999999999 -0.062289 0.020385 -0.018835 1
0.011165 -0.028376 -0.00107699999999999 0.00179699999999999 -0.00902800000000001 0.00506700000000002 0.007025 0.00556499999999999 -0.062289 0.020385 -1
-0.012207 0.011165 -0.028376 -0.00107699999999999 0.00179699999999999 -0.00902800000000001 0.00506700000000002 0.007025 0.00556499999999999 -0.062289 1
0.002026 -0.012207 0.011165 -0.028376 -0.00107699999999999 0.00179699999999999 -0.00902800000000001 0.00506700000000002 0.007025 0.00556499999999999 -1
-0.00393199999999999 0.002026 -0.012207 0.011165 -0.028376 -0.00107699999999999 0.00179699999999999 -0.00902800000000001 0.00506700000000002 0.007025 -1
-0.018104 -0.00393199999999999 0.002026 -0.012207 0.011165 -0.028376 -0.00107699999999999 0.00179699999999999 -0.00902800000000001 0.00506700000000002 -1
-0.00446200000000001 -0.018104 -0.00393199999999999 0.002026 -0.012207 0.011165 -0.028376 -0.00107699999999999 0.00179699999999999 -0.00902800000000001 -1
-0.017112 -0.00446200000000001 -0.018104 -0.00393199999999999 0.002026 -0.012207 0.011165 -0.028376 -0.00107699999999999 0.00179699999999999 1
0.033972 -0.017112 -0.00446200000000001 -0.018104 -0.00393199999999999 0.002026 -0.012207 0.011165 -0.028376 -0.00107699999999999 -1
-0.015185 0.033972 -0.017112 -0.00446200000000001 -0.018104 -0.00393199999999999 0.002026 -0.012207 0.011165 -0.028376 1
0.031529 -0.015185 0.033972 -0.017112 -0.00446200000000001 -0.018104 -0.00393199999999999 0.002026 -0.012207 0.011165 -1
-0.013659 0.031529 -0.015185 0.033972 -0.017112 -0.00446200000000001 -0.018104 -0.00393199999999999 0.002026 -0.012207 1
0.016682 -0.013659 0.031529 -0.015185 0.033972 -0.017112 -0.00446200000000001 -0.018104 -0.00393199999999999 0.002026 1
0.014088 0.016682 -0.013659 0.031529 -0.015185 0.033972 -0.017112 -0.00446200000000001 -0.018104 -0.00393199999999999 -1
-0.00680500000000001 0.014088 0.016682 -0.013659 0.031529 -0.015185 0.033972 -0.017112 -0.00446200000000001 -0.018104 -1
-0.00139300000000001 -0.00680500000000001 0.014088 0.016682 -0.013659 0.031529 -0.015185 0.033972 -0.017112 -0.00446200000000001 1
0.005241 -0.00139300000000001 -0.00680500000000001 0.014088 0.016682 -0.013659 0.031529 -0.015185 0.033972 -0.017112 -1
-0.017485 0.005241 -0.00139300000000001 -0.00680500000000001 0.014088 0.016682 -0.013659 0.031529 -0.015185 0.033972 1
0.00761000000000001 -0.017485 0.005241 -0.00139300000000001 -0.00680500000000001 0.014088 0.016682 -0.013659 0.031529 -0.015185 1
0.051137 0.00761000000000001 -0.017485 0.005241 -0.00139300000000001 -0.00680500000000001 0.014088 0.016682 -0.013659 0.031529 1
0.019334 0.051137 0.00761000000000001 -0.017485 0.005241 -0.00139300000000001 -0.00680500000000001 0.014088 0.016682 -0.013659 -1
-0.034918 0.019334 0.051137 0.00761000000000001 -0.017485 0.005241 -0.00139300000000001 -0.00680500000000001 0.014088 0.016682 1
0.005915 -0.034918 0.019334 0.051137 0.00761000000000001 -0.017485 0.005241 -0.00139300000000001 -0.00680500000000001 0.014088 1
0.015957 0.005915 -0.034918 0.019334 0.051137 0.00761000000000001 -0.017485 0.005241 -0.00139300000000001 -0.00680500000000001 -1
-0.001136 0.015957 0.005915 -0.034918 0.019334 0.051137 0.00761000000000001 -0.017485 0.005241 -0.00139300000000001 -1
-0.00681999999999999 -0.001136 0.015957 0.005915 -0.034918 0.019334 0.051137 0.00761000000000001 -0.017485 0.005241 -1
-0.064862 -0.00681999999999999 -0.001136 0.015957 0.005915 -0.034918 0.019334 0.051137 0.00761000000000001 -0.017485 1
0.010711 -0.064862 -0.00681999999999999 -0.001136 0.015957 0.005915 -0.034918 0.019334 0.051137 0.00761000000000001 -1
-0.017166 0.010711 -0.064862 -0.00681999999999999 -0.001136 0.015957 0.005915 -0.034918 0.019334 0.051137 -1
-0.000414999999999999 -0.017166 0.010711 -0.064862 -0.00681999999999999 -0.001136 0.015957 0.005915 -0.034918 0.019334 -1
-0.01469 -0.000414999999999999 -0.017166 0.010711 -0.064862 -0.00681999999999999 -0.001136 0.015957 0.005915 -0.034918 1
0.010166 -0.01469 -0.000414999999999999 -0.017166 0.010711 -0.064862 -0.00681999999999999 -0.001136 0.015957 0.005915 -1
-0.011834 0.010166 -0.01469 -0.000414999999999999 -0.017166 0.010711 -0.064862 -0.00681999999999999 -0.001136 0.015957 -1
-0.032817 -0.011834 0.010166 -0.01469 -0.000414999999999999 -0.017166 0.010711 -0.064862 -0.00681999999999999 -0.001136 1
0.011959 -0.032817 -0.011834 0.010166 -0.01469 -0.000414999999999999 -0.017166 0.010711 -0.064862 -0.00681999999999999 -1
-0.010095 0.011959 -0.032817 -0.011834 0.010166 -0.01469 -0.000414999999999999 -0.017166 0.010711 -0.064862 -1
-0.000255000000000005 -0.010095 0.011959 -0.032817 -0.011834 0.010166 -0.01469 -0.000414999999999999 -0.017166 0.010711 -1
-0.02203 -0.000255000000000005 -0.010095 0.011959 -0.032817 -0.011834 0.010166 -0.01469 -0.000414999999999999 -0.017166 -1
-0.075695 -0.02203 -0.000255000000000005 -0.010095 0.011959 -0.032817 -0.011834 0.010166 -0.01469 -0.000414999999999999 -1
-0.016259 -0.075695 -0.02203 -0.000255000000000005 -0.010095 0.011959 -0.032817 -0.011834 0.010166 -0.01469 -1
-0.021554 -0.016259 -0.075695 -0.02203 -0.000255000000000005 -0.010095 0.011959 -0.032817 -0.011834 0.010166 -1
-0.03077 -0.021554 -0.016259 -0.075695 -0.02203 -0.000255000000000005 -0.010095 0.011959 -0.032817 -0.011834 1
0.00094000000000001 -0.03077 -0.021554 -0.016259 -0.075695 -0.02203 -0.000255000000000005 -0.010095 0.011959 -0.032817 1
0.012601 0.00094000000000001 -0.03077 -0.021554 -0.016259 -0.075695 -0.02203 -0.000255000000000005 -0.010095 0.011959 -1
-0.00402699999999999 0.012601 0.00094000000000001 -0.03077 -0.021554 -0.016259 -0.075695 -0.02203 -0.000255000000000005 -0.010095 -1
-0.01705 -0.00402699999999999 0.012601 0.00094000000000001 -0.03077 -0.021554 -0.016259 -0.075695 -0.02203 -0.000255000000000005 1
0.010335 -0.01705 -0.00402699999999999 0.012601 0.00094000000000001 -0.03077 -0.021554 -0.016259 -0.075695 -0.02203 -1
-0.00035700000000001 0.010335 -0.01705 -0.00402699999999999 0.012601 0.00094000000000001 -0.03077 -0.021554 -0.016259 -0.075695 -1
-0.127549 -0.00035700000000001 0.010335 -0.01705 -0.00402699999999999 0.012601 0.00094000000000001 -0.03077 -0.021554 -0.016259 -1
-0.00214599999999998 -0.127549 -0.00035700000000001 0.010335 -0.01705 -0.00402699999999999 0.012601 0.00094000000000001 -0.03077 -0.021554 1
0.00642199999999998 -0.00214599999999998 -0.127549 -0.00035700000000001 0.010335 -0.01705 -0.00402699999999999 0.012601 0.00094000000000001 -0.03077 -1
-0.010169 0.00642199999999998 -0.00214599999999998 -0.127549 -0.00035700000000001 0.010335 -0.01705 -0.00402699999999999 0.012601 0.00094000000000001 1
0.00678999999999999 -0.010169 0.00642199999999998 -0.00214599999999998 -0.127549 -0.00035700000000001 0.010335 -0.01705 -0.00402699999999999 0.012601 -1
-0.000167 0.00678999999999999 -0.010169 0.00642199999999998 -0.00214599999999998 -0.127549 -0.00035700000000001 0.010335 -0.01705 -0.00402699999999999 1
0.00305800000000001 -0.000167 0.00678999999999999 -0.010169 0.00642199999999998 -0.00214599999999998 -0.127549 -0.00035700000000001 0.010335 -0.01705 1
0.011849 0.00305800000000001 -0.000167 0.00678999999999999 -0.010169 0.00642199999999998 -0.00214599999999998 -0.127549 -0.00035700000000001 0.010335 -1
-0.012255 0.011849 0.00305800000000001 -0.000167 0.00678999999999999 -0.010169 0.00642199999999998 -0.00214599999999998 -0.127549 -0.00035700000000001 -1
-0.017656 -0.012255 0.011849 0.00305800000000001 -0.000167 0.00678999999999999 -0.010169 0.00642199999999998 -0.00214599999999998 -0.127549 -1
-0.027499 -0.017656 -0.012255 0.011849 0.00305800000000001 -0.000167 0.00678999999999999 -0.010169 0.00642199999999998 -0.00214599999999998 -1
-0.020125 -0.027499 -0.017656 -0.012255 0.011849 0.00305800000000001 -0.000167 0.00678999999999999 -0.010169 0.00642199999999998 -1
-0.000785999999999953 -0.020125 -0.027499 -0.017656 -0.012255 0.011849 0.00305800000000001 -0.000167 0.00678999999999999 -0.010169 -1
-0.00937700000000002 -0.000785999999999953 -0.020125 -0.027499 -0.017656 -0.012255 0.011849 0.00305800000000001 -0.000167 0.00678999999999999 -1
-0.00511899999999998 -0.00937700000000002 -0.000785999999999953 -0.020125 -0.027499 -0.017656 -0.012255 0.011849 0.00305800000000001 -0.000167 -1
-0.014091 -0.00511899999999998 -0.00937700000000002 -0.000785999999999953 -0.020125 -0.027499 -0.017656 -0.012255 0.011849 0.00305800000000001 -1
-0.00632499999999997 -0.014091 -0.00511899999999998 -0.00937700000000002 -0.000785999999999953 -0.020125 -0.027499 -0.017656 -0.012255 0.011849 1
0.012904 -0.00632499999999997 -0.014091 -0.00511899999999998 -0.00937700000000002 -0.000785999999999953 -0.020125 -0.027499 -0.017656 -0.012255 1
0.015409 0.012904 -0.00632499999999997 -0.014091 -0.00511899999999998 -0.00937700000000002 -0.000785999999999953 -0.020125 -0.027499 -0.017656 -1
-0.00937700000000002 0.015409 0.012904 -0.00632499999999997 -0.014091 -0.00511899999999998 -0.00937700000000002 -0.000785999999999953 -0.020125 -0.027499 1
0.009241 -0.00937700000000002 0.015409 0.012904 -0.00632499999999997 -0.014091 -0.00511899999999998 -0.00937700000000002 -0.000785999999999953 -0.020125 -1
-0.00389699999999998 0.009241 -0.00937700000000002 0.015409 0.012904 -0.00632499999999997 -0.014091 -0.00511899999999998 -0.00937700000000002 -0.000785999999999953 -1
-0.026264 -0.00389699999999998 0.009241 -0.00937700000000002 0.015409 0.012904 -0.00632499999999997 -0.014091 -0.00511899999999998 -0.00937700000000002 1
0.0304 -0.026264 -0.00389699999999998 0.009241 -0.00937700000000002 0.015409 0.012904 -0.00632499999999997 -0.014091 -0.00511899999999998 1
0.033016 0.0304 -0.026264 -0.00389699999999998 0.009241 -0.00937700000000002 0.015409 0.012904 -0.00632499999999997 -0.014091 1
0.032842 0.033016 0.0304 -0.026264 -0.00389699999999998 0.009241 -0.00937700000000002 0.015409 0.012904 -0.00632499999999997 -1
-0.000299999999999995 0.032842 0.033016 0.0304 -0.026264 -0.00389699999999998 0.009241 -0.00937700000000002 0.015409 0.012904 -1
-0.004666 -0.000299999999999995 0.032842 0.033016 0.0304 -0.026264 -0.00389699999999998 0.009241 -0.00937700000000002 0.015409 -1
-0.025676 -0.004666 -0.000299999999999995 0.032842 0.033016 0.0304 -0.026264 -0.00389699999999998 0.009241 -0.00937700000000002 -1
-0.016241 -0.025676 -0.004666 -0.000299999999999995 0.032842 0.033016 0.0304 -0.026264 -0.00389699999999998 0.009241 -1
-0.016449 -0.016241 -0.025676 -0.004666 -0.000299999999999995 0.032842 0.033016 0.0304 -0.026264 -0.00389699999999998 -1
-0.002496 -0.016449 -0.016241 -0.025676 -0.004666 -0.000299999999999995 0.032842 0.033016 0.0304 -0.026264 1
0.015766 -0.002496 -0.016449 -0.016241 -0.025676 -0.004666 -0.000299999999999995 0.032842 0.033016 0.0304 1
0.00412600000000002 0.015766 -0.002496 -0.016449 -0.016241 -0.025676 -0.004666 -0.000299999999999995 0.032842 0.033016 1
0.021504 0.00412600000000002 0.015766 -0.002496 -0.016449 -0.016241 -0.025676 -0.004666 -0.000299999999999995 0.032842 -1
-0.017387 0.021504 0.00412600000000002 0.015766 -0.002496 -0.016449 -0.016241 -0.025676 -0.004666 -0.000299999999999995 -1
-0.023151 -0.017387 0.021504 0.00412600000000002 0.015766 -0.002496 -0.016449 -0.016241 -0.025676 -0.004666 1
0.00162499999999999 -0.023151 -0.017387 0.021504 0.00412600000000002 0.015766 -0.002496 -0.016449 -0.016241 -0.025676 1
0.00663199999999997 0.00162499999999999 -0.023151 -0.017387 0.021504 0.00412600000000002 0.015766 -0.002496 -0.016449 -0.016241 -1
-0.01607 0.00663199999999997 0.00162499999999999 -0.023151 -0.017387 0.021504 0.00412600000000002 0.015766 -0.002496 -0.016449 1
0.106267 -0.01607 0.00663199999999997 0.00162499999999999 -0.023151 -0.017387 0.021504 0.00412600000000002 0.015766 -0.002496 -1
-0.03797 0.106267 -0.01607 0.00663199999999997 0.00162499999999999 -0.023151 -0.017387 0.021504 0.00412600000000002 0.015766 -1
-0.015222 -0.03797 0.106267 -0.01607 0.00663199999999997 0.00162499999999999 -0.023151 -0.017387 0.021504 0.00412600000000002 -1
-0.002969 -0.015222 -0.03797 0.106267 -0.01607 0.00663199999999997 0.00162499999999999 -0.023151 -0.017387 0.021504 1
0.022545 -0.002969 -0.015222 -0.03797 0.106267 -0.01607 0.00663199999999997 0.00162499999999999 -0.023151 -0.017387 1
0.007186 0.022545 -0.002969 -0.015222 -0.03797 0.106267 -0.01607 0.00663199999999997 0.00162499999999999 -0.023151 1
0.012315 0.007186 0.022545 -0.002969 -0.015222 -0.03797 0.106267 -0.01607 0.00663199999999997 0.00162499999999999 1
0.00828500000000001 0.012315 0.007186 0.022545 -0.002969 -0.015222 -0.03797 0.106267 -0.01607 0.00663199999999997 1
0.031081 0.00828500000000001 0.012315 0.007186 0.022545 -0.002969 -0.015222 -0.03797 0.106267 -0.01607 1
0.003193 0.031081 0.00828500000000001 0.012315 0.007186 0.022545 -0.002969 -0.015222 -0.03797 0.106267 1
0.015353 0.003193 0.031081 0.00828500000000001 0.012315 0.007186 0.022545 -0.002969 -0.015222 -0.03797 -1
-0.028596 0.015353 0.003193 0.031081 0.00828500000000001 0.012315 0.007186 0.022545 -0.002969 -0.015222 -1
-0.023672 -0.028596 0.015353 0.003193 0.031081 0.00828500000000001 0.012315 0.007186 0.022545 -0.002969 1
0.031256 -0.023672 -0.028596 0.015353 0.003193 0.031081 0.00828500000000001 0.012315 0.007186 0.022545 1
0.02701 0.031256 -0.023672 -0.028596 0.015353 0.003193 0.031081 0.00828500000000001 0.012315 0.007186 -1
-0.012681 0.02701 0.031256 -0.023672 -0.028596 0.015353 0.003193 0.031081 0.00828500000000001 0.012315 1
0.012033 -0.012681 0.02701 0.031256 -0.023672 -0.028596 0.015353 0.003193 0.031081 0.00828500000000001 -1
-0.024342 0.012033 -0.012681 0.02701 0.031256 -0.023672 -0.028596 0.015353 0.003193 0.031081 1
