38.026 38.0225 37.6815 37.999 38.1795 37.8 37.3925 37.1055 36.8585 36.698 1
38.3525 38.026 38.0225 37.6815 37.999 38.1795 37.8 37.3925 37.1055 36.8585 1
38.4435 38.3525 38.026 38.0225 37.6815 37.999 38.1795 37.8 37.3925 37.1055 -1
38.135 38.4435 38.3525 38.026 38.0225 37.6815 37.999 38.1795 37.8 37.3925 1
38.2645 38.135 38.4435 38.3525 38.026 38.0225 37.6815 37.999 38.1795 37.8 -1
38.1815 38.2645 38.135 38.4435 38.3525 38.026 38.0225 37.6815 37.999 38.1795 -1
37.959 38.1815 38.2645 38.135 38.4435 38.3525 38.026 38.0225 37.6815 37.999 1
38.131 37.959 38.1815 38.2645 38.135 38.4435 38.3525 38.026 38.0225 37.6815 -1
37.9305 38.131 37.959 38.1815 38.2645 38.135 38.4435 38.3525 38.026 38.0225 -1
36.9075 37.9305 38.131 37.959 38.1815 38.2645 38.135 38.4435 38.3525 38.026 1
37.2145 36.9075 37.9305 38.131 37.959 38.1815 38.2645 38.135 38.4435 38.3525 1
37.297 37.2145 36.9075 37.9305 38.131 37.959 38.1815 38.2645 38.135 38.4435 -1
37.0395 37.297 37.2145 36.9075 37.9305 38.131 37.959 38.1815 38.2645 38.135 -1
36.6885 37.0395 37.297 37.2145 36.9075 37.9305 38.131 37.959 38.1815 38.2645 -1
36.433 36.6885 37.0395 37.297 37.2145 36.9075 37.9305 38.131 37.959 38.1815 1
36.9925 36.433 36.6885 37.0395 37.297 37.2145 36.9075 37.9305 38.131 37.959 1
37.2955 36.9925 36.433 36.6885 37.0395 37.297 37.2145 36.9075 37.9305 38.131 -1
37.2425 37.2955 36.9925 36.433 36.6885 37.0395 37.297 37.2145 36.9075 37.9305 1
37.5345 37.2425 37.2955 36.9925 36.433 36.6885 37.0395 37.297 37.2145 36.9075 -1
37.4825 37.5345 37.2425 37.2955 36.9925 36.433 36.6885 37.0395 37.297 37.2145 -1
36.975 37.4825 37.5345 37.2425 37.2955 36.9925 36.433 36.6885 37.0395 37.297 1
37.329 36.975 37.4825 37.5345 37.2425 37.2955 36.9925 36.433 36.6885 37.0395 1
37.463 37.329 36.975 37.4825 37.5345 37.2425 37.2955 36.9925 36.433 36.6885 1
37.6155 37.463 37.329 36.975 37.4825 37.5345 37.2425 37.2955 36.9925 36.433 -1
36.7895 37.6155 37.463 37.329 36.975 37.4825 37.5345 37.2425 37.2955 36.9925 -1
36.375 36.7895 37.6155 37.463 37.329 36.975 37.4825 37.5345 37.2425 37.2955 1
36.4395 36.375 36.7895 37.6155 37.463 37.329 36.975 37.4825 37.5345 37.2425 -1
36.4195 36.4395 36.375 36.7895 37.6155 37.463 37.329 36.975 37.4825 37.5345 1
36.6425 36.4195 36.4395 36.375 36.7895 37.6155 37.463 37.329 36.975 37.4825 -1
36.4095 36.6425 36.4195 36.4395 36.375 36.7895 37.6155 37.463 37.329 36.975 1
36.6485 36.4095 36.6425 36.4195 36.4395 36.375 36.7895 37.6155 37.463 37.329 1
37.0235 36.6485 36.4095 36.6425 36.4195 36.4395 36.375 36.7895 37.6155 37.463 -1
36.398 37.0235 36.6485 36.4095 36.6425 36.4195 36.4395 36.375 36.7895 37.6155 1
36.6005 36.398 37.0235 36.6485 36.4095 36.6425 36.4195 36.4395 36.375 36.7895 1
36.67 36.6005 36.398 37.0235 36.6485 36.4095 36.6425 36.4195 36.4395 36.375 -1
36.6505 36.67 36.6005 36.398 37.0235 36.6485 36.4095 36.6425 36.4195 36.4395 -1
35.802 36.6505 36.67 36.6005 36.398 37.0235 36.6485 36.4095 36.6425 36.4195 -1
35.7525 35.802 36.6505 36.67 36.6005 36.398 37.0235 36.6485 36.4095 36.6425 -1
35.3055 35.7525 35.802 36.6505 36.67 36.6005 36.398 37.0235 36.6485 36.4095 1
35.5225 35.3055 35.7525 35.802 36.6505 36.67 36.6005 36.398 37.0235 36.6485 -1
34.9785 35.5225 35.3055 35.7525 35.802 36.6505 36.67 36.6005 36.398 37.0235 1
35.02 34.9785 35.5225 35.3055 35.7525 35.802 36.6505 36.67 36.6005 36.398 1
35.452 35.02 34.9785 35.5225 35.3055 35.7525 35.802 36.6505 36.67 36.6005 -1
35.186 35.452 35.02 34.9785 35.5225 35.3055 35.7525 35.802 36.6505 36.67 1
35.3295 35.186 35.452 35.02 34.9785 35.5225 35.3055 35.7525 35.802 36.6505 -1
34.3405 35.3295 35.186 35.452 35.02 34.9785 35.5225 35.3055 35.7525 35.802 -1
34.287 34.3405 35.3295 35.186 35.452 35.02 34.9785 35.5225 35.3055 35.7525 1
34.377 34.287 34.3405 35.3295 35.186 35.452 35.02 34.9785 35.5225 35.3055 1
34.9825 34.377 34.287 34.3405 35.3295 35.186 35.452 35.02 34.9785 35.5225 1
35.4525 34.9825 34.377 34.287 34.3405 35.3295 35.186 35.452 35.02 34.9785 1
35.9205 35.4525 34.9825 34.377 34.287 34.3405 35.3295 35.186 35.452 35.02 -1
35.6805 35.9205 35.4525 34.9825 34.377 34.287 34.3405 35.3295 35.186 35.452 1
35.7455 35.6805 35.9205 35.4525 34.9825 34.377 34.287 34.3405 35.3295 35.186 1
36.0395 35.7455 35.6805 35.9205 35.4525 34.9825 34.377 34.287 34.3405 35.3295 1
36.769 36.0395 35.7455 35.6805 35.9205 35.4525 34.9825 34.377 34.287 34.3405 1
37.0965 36.769 36.0395 35.7455 35.6805 35.9205 35.4525 34.9825 34.377 34.287 -1
37.0275 37.0965 36.769 36.0395 35.7455 35.6805 35.9205 35.4525 34.9825 34.377 -1
36.744 37.0275 37.0965 36.769 36.0395 35.7455 35.6805 35.9205 35.4525 34.9825 1
37.0655 36.744 37.0275 37.0965 36.769 36.0395 35.7455 35.6805 35.9205 35.4525 -1
36.9545 37.0655 36.744 37.0275 37.0965 36.769 36.0395 35.7455 35.6805 35.9205 -1
36.812 36.9545 37.0655 36.744 37.0275 37.0965 36.769 36.0395 35.7455 35.6805 -1
36.4365 36.812 36.9545 37.0655 36.744 37.0275 37.0965 36.769 36.0395 35.7455 -1
36.2055 36.4365 36.812 36.9545 37.0655 36.744 37.0275 37.0965 36.769 36.0395 1
36.342 36.2055 36.4365 36.812 36.9545 37.0655 36.744 37.0275 37.0965 36.769 1
36.4745 36.342 36.2055 36.4365 36.812 36.9545 37.0655 36.744 37.0275 37.0965 -1
35.9915 36.4745 36.342 36.2055 36.4365 36.812 36.9545 37.0655 36.744 37.0275 1
36.7425 35.9915 36.4745 36.342 36.2055 36.4365 36.812 36.9545 37.0655 36.744 1
36.958 36.7425 35.9915 36.4745 36.342 36.2055 36.4365 36.812 36.9545 37.0655 1
36.9895 36.958 36.7425 35.9915 36.4745 36.342 36.2055 36.4365 36.812 36.9545 1
37.0395 36.9895 36.958 36.7425 35.9915 36.4745 36.342 36.2055 36.4365 36.812 -1
36.3605 37.0395 36.9895 36.958 36.7425 35.9915 36.4745 36.342 36.2055 36.4365 -1
35.9165 36.3605 37.0395 36.9895 36.958 36.7425 35.9915 36.4745 36.342 36.2055 -1
35.363 35.9165 36.3605 37.0395 36.9895 36.958 36.7425 35.9915 36.4745 36.342 1
35.3875 35.363 35.9165 36.3605 37.0395 36.9895 36.958 36.7425 35.9915 36.4745 -1
35.1465 35.3875 35.363 35.9165 36.3605 37.0395 36.9895 36.958 36.7425 35.9915 1
35.5435 35.1465 35.3875 35.363 35.9165 36.3605 37.0395 36.9895 36.958 36.7425 -1
35.0375 35.5435 35.1465 35.3875 35.363 35.9165 36.3605 37.0395 36.9895 36.958 1
35.5195 35.0375 35.5435 35.1465 35.3875 35.363 35.9165 36.3605 37.0395 36.9895 -1
34.5735 35.5195 35.0375 35.5435 35.1465 35.3875 35.363 35.9165 36.3605 37.0395 1
35.274 34.5735 35.5195 35.0375 35.5435 35.1465 35.3875 35.363 35.9165 36.3605 -1
34.4245 35.274 34.5735 35.5195 35.0375 35.5435 35.1465 35.3875 35.363 35.9165 1
35.3905 34.4245 35.274 34.5735 35.5195 35.0375 35.5435 35.1465 35.3875 35.363 -1
34.7785 35.3905 34.4245 35.274 34.5735 35.5195 35.0375 35.5435 35.1465 35.3875 -1
34.5065 34.7785 35.3905 34.4245 35.274 34.5735 35.5195 35.0375 35.5435 35.1465 1
34.776 34.5065 34.7785 35.3905 34.4245 35.274 34.5735 35.5195 35.0375 35.5435 1
35.402 34.776 34.5065 34.7785 35.3905 34.4245 35.274 34.5735 35.5195 35.0375 -1
34.832 35.402 34.776 34.5065 34.7785 35.3905 34.4245 35.274 34.5735 35.5195 1
35.067 34.832 35.402 34.776 34.5065 34.7785 35.3905 34.4245 35.274 34.5735 -1
35.059 35.067 34.832 35.402 34.776 34.5065 34.7785 35.3905 34.4245 35.274 1
35.2505 35.059 35.067 34.832 35.402 34.776 34.5065 34.7785 35.3905 34.4245 1
36.062 35.2505 35.059 35.067 34.832 35.402 34.776 34.5065 34.7785 35.3905 1
36.2995 36.062 35.2505 35.059 35.067 34.832 35.402 34.776 34.5065 34.7785 1
36.3795 36.2995 36.062 35.2505 35.059 35.067 34.832 35.402 34.776 34.5065 -1
36.236 36.3795 36.2995 36.062 35.2505 35.059 35.067 34.832 35.402 34.776 -1
36.199 36.236 36.3795 36.2995 36.062 35.2505 35.059 35.067 34.832 35.402 1
36.2435 36.199 36.236 36.3795 36.2995 36.062 35.2505 35.059 35.067 34.832 1
36.3845 36.2435 36.199 36.236 36.3795 36.2995 36.062 35.2505 35.059 35.067 1
36.647 36.3845 36.2435 36.199 36.236 36.3795 36.2995 36.062 35.2505 35.059 1
36.933 36.647 36.3845 36.2435 36.199 36.236 36.3795 36.2995 36.062 35.2505 -1
36.8495 36.933 36.647 36.3845 36.2435 36.199 36.236 36.3795 36.2995 36.062 -1
36.689 36.8495 36.933 36.647 36.3845 36.2435 36.199 36.236 36.3795 36.2995 -1
36.332 36.689 36.8495 36.933 36.647 36.3845 36.2435 36.199 36.236 36.3795 1
36.7815 36.332 36.689 36.8495 36.933 36.647 36.3845 36.2435 36.199 36.236 -1
36.7405 36.7815 36.332 36.689 36.8495 36.933 36.647 36.3845 36.2435 36.199 -1
36.4035 36.7405 36.7815 36.332 36.689 36.8495 36.933 36.647 36.3845 36.2435 1
36.6085 36.4035 36.7405 36.7815 36.332 36.689 36.8495 36.933 36.647 36.3845 -1
36.5345 36.6085 36.4035 36.7405 36.7815 36.332 36.689 36.8495 36.933 36.647 -1
36.1665 36.5345 36.6085 36.4035 36.7405 36.7815 36.332 36.689 36.8495 36.933 1
36.761 36.1665 36.5345 36.6085 36.4035 36.7405 36.7815 36.332 36.689 36.8495 1
37.2605 36.761 36.1665 36.5345 36.6085 36.4035 36.7405 36.7815 36.332 36.689 1
37.267 37.2605 36.761 36.1665 36.5345 36.6085 36.4035 36.7405 36.7815 36.332 1
37.4295 37.267 37.2605 36.761 36.1665 36.5345 36.6085 36.4035 36.7405 36.7815 -1
37.404 37.4295 37.267 37.2605 36.761 36.1665 36.5345 36.6085 36.4035 36.7405 1
37.414 37.404 37.4295 37.267 37.2605 36.761 36.1665 36.5345 36.6085 36.4035 -1
37.0255 37.414 37.404 37.4295 37.267 37.2605 36.761 36.1665 36.5345 36.6085 -1
36.8635 37.0255 37.414 37.404 37.4295 37.267 37.2605 36.761 36.1665 36.5345 -1
35.999 36.8635 37.0255 37.414 37.404 37.4295 37.267 37.2605 36.761 36.1665 1
36.0515 35.999 36.8635 37.0255 37.414 37.404 37.4295 37.267 37.2605 36.761 -1
36.0205 36.0515 35.999 36.8635 37.0255 37.414 37.404 37.4295 37.267 37.2605 -1
35.799 36.0205 36.0515 35.999 36.8635 37.0255 37.414 37.404 37.4295 37.267 -1
35.341 35.799 36.0205 36.0515 35.999 36.8635 37.0255 37.414 37.404 37.4295 1
35.5615 35.341 35.799 36.0205 36.0515 35.999 36.8635 37.0255 37.414 37.404 -1
35.5065 35.5615 35.341 35.799 36.0205 36.0515 35.999 36.8635 37.0255 37.414 -1
35.292 35.5065 35.5615 35.341 35.799 36.0205 36.0515 35.999 36.8635 37.0255 -1
35.0135 35.292 35.5065 35.5615 35.341 35.799 36.0205 36.0515 35.999 36.8635 -1
34.9405 35.0135 35.292 35.5065 35.5615 35.341 35.799 36.0205 36.0515 35.999 1
35.214 34.9405 35.0135 35.292 35.5065 35.5615 35.341 35.799 36.0205 36.0515 -1
34.3815 35.214 34.9405 35.0135 35.292 35.5065 35.5615 35.341 35.799 36.0205 1
34.4985 34.3815 35.214 34.9405 35.0135 35.292 35.5065 35.5615 35.341 35.799 -1
33.984 34.4985 34.3815 35.214 34.9405 35.0135 35.292 35.5065 35.5615 35.341 1
34.293 33.984 34.4985 34.3815 35.214 34.9405 35.0135 35.292 35.5065 35.5615 -1
34.027 34.293 33.984 34.4985 34.3815 35.214 34.9405 35.0135 35.292 35.5065 1
34.663 34.027 34.293 33.984 34.4985 34.3815 35.214 34.9405 35.0135 35.292 1
34.9125 34.663 34.027 34.293 33.984 34.4985 34.3815 35.214 34.9405 35.0135 -1
34.661 34.9125 34.663 34.027 34.293 33.984 34.4985 34.3815 35.214 34.9405 1
34.6665 34.661 34.9125 34.663 34.027 34.293 33.984 34.4985 34.3815 35.214 -1
34.199 34.6665 34.661 34.9125 34.663 34.027 34.293 33.984 34.4985 34.3815 -1
34.057 34.199 34.6665 34.661 34.9125 34.663 34.027 34.293 33.984 34.4985 -1
33.2145 34.057 34.199 34.6665 34.661 34.9125 34.663 34.027 34.293 33.984 -1
32.86 33.2145 34.057 34.199 34.6665 34.661 34.9125 34.663 34.027 34.293 1
33.1715 32.86 33.2145 34.057 34.199 34.6665 34.661 34.9125 34.663 34.027 -1
32.7105 33.1715 32.86 33.2145 34.057 34.199 34.6665 34.661 34.9125 34.663 -1
32.63 32.7105 33.1715 32.86 33.2145 34.057 34.199 34.6665 34.661 34.9125 -1
32.6155 32.63 32.7105 33.1715 32.86 33.2145 34.057 34.199 34.6665 34.661 1
32.9805 32.6155 32.63 32.7105 33.1715 32.86 33.2145 34.057 34.199 34.6665 1
33.1985 32.9805 32.6155 32.63 32.7105 33.1715 32.86 33.2145 34.057 34.199 1
33.542 33.1985 32.9805 32.6155 32.63 32.7105 33.1715 32.86 33.2145 34.057 1
33.7115 33.542 33.1985 32.9805 32.6155 32.63 32.7105 33.1715 32.86 33.2145 1
33.7855 33.7115 33.542 33.1985 32.9805 32.6155 32.63 32.7105 33.1715 32.86 1
34.1195 33.7855 33.7115 33.542 33.1985 32.9805 32.6155 32.63 32.7105 33.1715 -1
33.9365 34.1195 33.7855 33.7115 33.542 33.1985 32.9805 32.6155 32.63 32.7105 1
34.085 33.9365 34.1195 33.7855 33.7115 33.542 33.1985 32.9805 32.6155 32.63 1
34.381 34.085 33.9365 34.1195 33.7855 33.7115 33.542 33.1985 32.9805 32.6155 1
34.564 34.381 34.085 33.9365 34.1195 33.7855 33.7115 33.542 33.1985 32.9805 -1
34.1815 34.564 34.381 34.085 33.9365 34.1195 33.7855 33.7115 33.542 33.1985 -1
33.7105 34.1815 34.564 34.381 34.085 33.9365 34.1195 33.7855 33.7115 33.542 1
34.2815 33.7105 34.1815 34.564 34.381 34.085 33.9365 34.1195 33.7855 33.7115 1
34.4145 34.2815 33.7105 34.1815 34.564 34.381 34.085 33.9365 34.1195 33.7855 -1
34.1985 34.4145 34.2815 33.7105 34.1815 34.564 34.381 34.085 33.9365 34.1195 1
34.4655 34.1985 34.4145 34.2815 33.7105 34.1815 34.564 34.381 34.085 33.9365 -1
34.4015 34.4655 34.1985 34.4145 34.2815 33.7105 34.1815 34.564 34.381 34.085 -1
34.2545 34.4015 34.4655 34.1985 34.4145 34.2815 33.7105 34.1815 34.564 34.381 1
34.7905 34.2545 34.4015 34.4655 34.1985 34.4145 34.2815 33.7105 34.1815 34.564 1
35.5765 34.7905 34.2545 34.4015 34.4655 34.1985 34.4145 34.2815 33.7105 34.1815 -1
35.548 35.5765 34.7905 34.2545 34.4015 34.4655 34.1985 34.4145 34.2815 33.7105 -1
35.2305 35.548 35.5765 34.7905 34.2545 34.4015 34.4655 34.1985 34.4145 34.2815 1
35.3815 35.2305 35.548 35.5765 34.7905 34.2545 34.4015 34.4655 34.1985 34.4145 1
35.429 35.3815 35.2305 35.548 35.5765 34.7905 34.2545 34.4015 34.4655 34.1985 1
35.6435 35.429 35.3815 35.2305 35.548 35.5765 34.7905 34.2545 34.4015 34.4655 -1
35.551 35.6435 35.429 35.3815 35.2305 35.548 35.5765 34.7905 34.2545 34.4015 -1
35.034 35.551 35.6435 35.429 35.3815 35.2305 35.548 35.5765 34.7905 34.2545 -1
35.02 35.034 35.551 35.6435 35.429 35.3815 35.2305 35.548 35.5765 34.7905 -1
34.9845 35.02 35.034 35.551 35.6435 35.429 35.3815 35.2305 35.548 35.5765 -1
34.5585 34.9845 35.02 35.034 35.551 35.6435 35.429 35.3815 35.2305 35.548 -1
34.4965 34.5585 34.9845 35.02 35.034 35.551 35.6435 35.429 35.3815 35.2305 1
34.9595 34.4965 34.5585 34.9845 35.02 35.034 35.551 35.6435 35.429 35.3815 -1
34.9305 34.9595 34.4965 34.5585 34.9845 35.02 35.034 35.551 35.6435 35.429 1
36.0285 34.9305 34.9595 34.4965 34.5585 34.9845 35.02 35.034 35.551 35.6435 1
36.3995 36.0285 34.9305 34.9595 34.4965 34.5585 34.9845 35.02 35.034 35.551 -1
36.3175 36.3995 36.0285 34.9305 34.9595 34.4965 34.5585 34.9845 35.02 35.034 -1
36.2795 36.3175 36.3995 36.0285 34.9305 34.9595 34.4965 34.5585 34.9845 35.02 1
36.4 36.2795 36.3175 36.3995 36.0285 34.9305 34.9595 34.4965 34.5585 34.9845 -1
35.8545 36.4 36.2795 36.3175 36.3995 36.0285 34.9305 34.9595 34.4965 34.5585 -1
35.65 35.8545 36.4 36.2795 36.3175 36.3995 36.0285 34.9305 34.9595 34.4965 -1
35.536 35.65 35.8545 36.4 36.2795 36.3175 36.3995 36.0285 34.9305 34.9595 1
35.862 35.536 35.65 35.8545 36.4 36.2795 36.3175 36.3995 36.0285 34.9305 -1
35.46 35.862 35.536 35.65 35.8545 36.4 36.2795 36.3175 36.3995 36.0285 -1
35.4245 35.46 35.862 35.536 35.65 35.8545 36.4 36.2795 36.3175 36.3995 1
35.734 35.4245 35.46 35.862 35.536 35.65 35.8545 36.4 36.2795 36.3175 1
36.3115 35.734 35.4245 35.46 35.862 35.536 35.65 35.8545 36.4 36.2795 -1
35.9725 36.3115 35.734 35.4245 35.46 35.862 35.536 35.65 35.8545 36.4 1
36.312 35.9725 36.3115 35.734 35.4245 35.46 35.862 35.536 35.65 35.8545 -1
36.2475 36.312 35.9725 36.3115 35.734 35.4245 35.46 35.862 35.536 35.65 -1
35.5705 36.2475 36.312 35.9725 36.3115 35.734 35.4245 35.46 35.862 35.536 1
35.638 35.5705 36.2475 36.312 35.9725 36.3115 35.734 35.4245 35.46 35.862 1
36.5885 35.638 35.5705 36.2475 36.312 35.9725 36.3115 35.734 35.4245 35.46 1
36.759 36.5885 35.638 35.5705 36.2475 36.312 35.9725 36.3115 35.734 35.4245 1
36.8245 36.759 36.5885 35.638 35.5705 36.2475 36.312 35.9725 36.3115 35.734 1
37.103 36.8245 36.759 36.5885 35.638 35.5705 36.2475 36.312 35.9725 36.3115 1
37.449 37.103 36.8245 36.759 36.5885 35.638 35.5705 36.2475 36.312 35.9725 1
37.5295 37.449 37.103 36.8245 36.759 36.5885 35.638 35.5705 36.2475 36.312 -1
37.366 37.5295 37.449 37.103 36.8245 36.759 36.5885 35.638 35.5705 36.2475 1
37.666 37.366 37.5295 37.449 37.103 36.8245 36.759 36.5885 35.638 35.5705 1
37.9305 37.666 37.366 37.5295 37.449 37.103 36.8245 36.759 36.5885 35.638 -1
37.863 37.9305 37.666 37.366 37.5295 37.449 37.103 36.8245 36.759 36.5885 -1
37.8565 37.863 37.9305 37.666 37.366 37.5295 37.449 37.103 36.8245 36.759 1
38.0075 37.8565 37.863 37.9305 37.666 37.366 37.5295 37.449 37.103 36.8245 1
38.3355 38.0075 37.8565 37.863 37.9305 37.666 37.366 37.5295 37.449 37.103 1
38.7185 38.3355 38.0075 37.8565 37.863 37.9305 37.666 37.366 37.5295 37.449 -1
38.432 38.7185 38.3355 38.0075 37.8565 37.863 37.9305 37.666 37.366 37.5295 1
39.2625 38.432 38.7185 38.3355 38.0075 37.8565 37.863 37.9305 37.666 37.366 -1
39.1605 39.2625 38.432 38.7185 38.3355 38.0075 37.8565 37.863 37.9305 37.666 -1
38.7905 39.1605 39.2625 38.432 38.7185 38.3355 38.0075 37.8565 37.863 37.9305 -1
38.5375 38.7905 39.1605 39.2625 38.432 38.7185 38.3355 38.0075 37.8565 37.863 1
39.3325 38.5375 38.7905 39.1605 39.2625 38.432 38.7185 38.3355 38.0075 37.8565 -1
39.0875 39.3325 38.5375 38.7905 39.1605 39.2625 38.432 38.7185 38.3355 38.0075 1
39.235 39.0875 39.3325 38.5375 38.7905 39.1605 39.2625 38.432 38.7185 38.3355 1
39.7525 39.235 39.0875 39.3325 38.5375 38.7905 39.1605 39.2625 38.432 38.7185 1
40.2365 39.7525 39.235 39.0875 39.3325 38.5375 38.7905 39.1605 39.2625 38.432 1
40.3285 40.2365 39.7525 39.235 39.0875 39.3325 38.5375 38.7905 39.1605 39.2625 -1
40.1225 40.3285 40.2365 39.7525 39.235 39.0875 39.3325 38.5375 38.7905 39.1605 1
40.3265 40.1225 40.3285 40.2365 39.7525 39.235 39.0875 39.3325 38.5375 38.7905 -1
39.831 40.3265 40.1225 40.3285 40.2365 39.7525 39.235 39.0875 39.3325 38.5375 -1
39.3865 39.831 40.3265 40.1225 40.3285 40.2365 39.7525 39.235 39.0875 39.3325 1
39.8985 39.3865 39.831 40.3265 40.1225 40.3285 40.2365 39.7525 39.235 39.0875 1
40.097 39.8985 39.3865 39.831 40.3265 40.1225 40.3285 40.2365 39.7525 39.235 1
40.382 40.097 39.8985 39.3865 39.831 40.3265 40.1225 40.3285 40.2365 39.7525 -1
40.2835 40.382 40.097 39.8985 39.3865 39.831 40.3265 40.1225 40.3285 40.2365 1
40.3825 40.2835 40.382 40.097 39.8985 39.3865 39.831 40.3265 40.1225 40.3285 -1
39.5285 40.3825 40.2835 40.382 40.097 39.8985 39.3865 39.831 40.3265 40.1225 -1
39.3425 39.5285 40.3825 40.2835 40.382 40.097 39.8985 39.3865 39.831 40.3265 1
39.4475 39.3425 39.5285 40.3825 40.2835 40.382 40.097 39.8985 39.3865 39.831 1
39.7245 39.4475 39.3425 39.5285 40.3825 40.2835 40.382 40.097 39.8985 39.3865 1
39.8055 39.7245 39.4475 39.3425 39.5285 40.3825 40.2835 40.382 40.097 39.8985 -1
39.563 39.8055 39.7245 39.4475 39.3425 39.5285 40.3825 40.2835 40.382 40.097 1
39.8825 39.563 39.8055 39.7245 39.4475 39.3425 39.5285 40.3825 40.2835 40.382 1
39.9945 39.8825 39.563 39.8055 39.7245 39.4475 39.3425 39.5285 40.3825 40.2835 1
40.0335 39.9945 39.8825 39.563 39.8055 39.7245 39.4475 39.3425 39.5285 40.3825 -1
39.6375 40.0335 39.9945 39.8825 39.563 39.8055 39.7245 39.4475 39.3425 39.5285 -1
39.2935 39.6375 40.0335 39.9945 39.8825 39.563 39.8055 39.7245 39.4475 39.3425 -1
38.6605 39.2935 39.6375 40.0335 39.9945 39.8825 39.563 39.8055 39.7245 39.4475 -1
38.5695 38.6605 39.2935 39.6375 40.0335 39.9945 39.8825 39.563 39.8055 39.7245 1
38.606 38.5695 38.6605 39.2935 39.6375 40.0335 39.9945 39.8825 39.563 39.8055 1
38.713 38.606 38.5695 38.6605 39.2935 39.6375 40.0335 39.9945 39.8825 39.563 -1
38.4105 38.713 38.606 38.5695 38.6605 39.2935 39.6375 40.0335 39.9945 39.8825 -1
38.312 38.4105 38.713 38.606 38.5695 38.6605 39.2935 39.6375 40.0335 39.9945 1
38.3765 38.312 38.4105 38.713 38.606 38.5695 38.6605 39.2935 39.6375 40.0335 -1
38.368 38.3765 38.312 38.4105 38.713 38.606 38.5695 38.6605 39.2935 39.6375 1
38.6435 38.368 38.3765 38.312 38.4105 38.713 38.606 38.5695 38.6605 39.2935 -1
38.4185 38.6435 38.368 38.3765 38.312 38.4105 38.713 38.606 38.5695 38.6605 -1
37.7465 38.4185 38.6435 38.368 38.3765 38.312 38.4105 38.713 38.606 38.5695 -1
37.412 37.7465 38.4185 38.6435 38.368 38.3765 38.312 38.4105 38.713 38.606 -1
36.922 37.412 37.7465 38.4185 38.6435 38.368 38.3765 38.312 38.4105 38.713 -1
36.9065 36.922 37.412 37.7465 38.4185 38.6435 38.368 38.3765 38.312 38.4105 -1
36.8855 36.9065 36.922 37.412 37.7465 38.4185 38.6435 38.368 38.3765 38.312 1
37.211 36.8855 36.9065 36.922 37.412 37.7465 38.4185 38.6435 38.368 38.3765 -1
36.7225 37.211 36.8855 36.9065 36.922 37.412 37.7465 38.4185 38.6435 38.368 1
37.4455 36.7225 37.211 36.8855 36.9065 36.922 37.412 37.7465 38.4185 38.6435 1
37.5655 37.4455 36.7225 37.211 36.8855 36.9065 36.922 37.412 37.7465 38.4185 1
37.5765 37.5655 37.4455 36.7225 37.211 36.8855 36.9065 36.922 37.412 37.7465 -1
37.0565 37.5765 37.5655 37.4455 36.7225 37.211 36.8855 36.9065 36.922 37.412 1
37.4175 37.0565 37.5765 37.5655 37.4455 36.7225 37.211 36.8855 36.9065 36.922 1
37.6715 37.4175 37.0565 37.5765 37.5655 37.4455 36.7225 37.211 36.8855 36.9065 1
37.8305 37.6715 37.4175 37.0565 37.5765 37.5655 37.4455 36.7225 37.211 36.8855 -1
37.331 37.8305 37.6715 37.4175 37.0565 37.5765 37.5655 37.4455 36.7225 37.211 -1
37.041 37.331 37.8305 37.6715 37.4175 37.0565 37.5765 37.5655 37.4455 36.7225 1
37.6145 37.041 37.331 37.8305 37.6715 37.4175 37.0565 37.5765 37.5655 37.4455 1
37.8415 37.6145 37.041 37.331 37.8305 37.6715 37.4175 37.0565 37.5765 37.5655 1
38.373 37.8415 37.6145 37.041 37.331 37.8305 37.6715 37.4175 37.0565 37.5765 -1
38.0215 38.373 37.8415 37.6145 37.041 37.331 37.8305 37.6715 37.4175 37.0565 -1
37.7545 38.0215 38.373 37.8415 37.6145 37.041 37.331 37.8305 37.6715 37.4175 -1
37.3425 37.7545 38.0215 38.373 37.8415 37.6145 37.041 37.331 37.8305 37.6715 -1
37.319 37.3425 37.7545 38.0215 38.373 37.8415 37.6145 37.041 37.331 37.8305 -1
36.9445 37.319 37.3425 37.7545 38.0215 38.373 37.8415 37.6145 37.041 37.331 -1
36.876 36.9445 37.319 37.3425 37.7545 38.0215 38.373 37.8415 37.6145 37.041 1
37.631 36.876 36.9445 37.319 37.3425 37.7545 38.0215 38.373 37.8415 37.6145 -1
37.333 37.631 36.876 36.9445 37.319 37.3425 37.7545 38.0215 38.373 37.8415 1
37.5315 37.333 37.631 36.876 36.9445 37.319 37.3425 37.7545 38.0215 38.373 1
37.896 37.5315 37.333 37.631 36.876 36.9445 37.319 37.3425 37.7545 38.0215 -1
37.115 37.896 37.5315 37.333 37.631 36.876 36.9445 37.319 37.3425 37.7545 1
37.5255 37.115 37.896 37.5315 37.333 37.631 36.876 36.9445 37.319 37.3425 1
38.1285 37.5255 37.115 37.896 37.5315 37.333 37.631 36.876 36.9445 37.319 -1
37.858 38.1285 37.5255 37.115 37.896 37.5315 37.333 37.631 36.876 36.9445 -1
37.812 37.858 38.1285 37.5255 37.115 37.896 37.5315 37.333 37.631 36.876 -1
37.242 37.812 37.858 38.1285 37.5255 37.115 37.896 37.5315 37.333 37.631 1
37.301 37.242 37.812 37.858 38.1285 37.5255 37.115 37.896 37.5315 37.333 -1
37.1405 37.301 37.242 37.812 37.858 38.1285 37.5255 37.115 37.896 37.5315 -1
37.057 37.1405 37.301 37.242 37.812 37.858 38.1285 37.5255 37.115 37.896 -1
36.76 37.057 37.1405 37.301 37.242 37.812 37.858 38.1285 37.5255 37.115 1
36.8445 36.76 37.057 37.1405 37.301 37.242 37.812 37.858 38.1285 37.5255 -1
36.6055 36.8445 36.76 37.057 37.1405 37.301 37.242 37.812 37.858 38.1285 -1
36.5025 36.6055 36.8445 36.76 37.057 37.1405 37.301 37.242 37.812 37.858 1
36.5915 36.5025 36.6055 36.8445 36.76 37.057 37.1405 37.301 37.242 37.812 -1
36.29 36.5915 36.5025 36.6055 36.8445 36.76 37.057 37.1405 37.301 37.242 1
36.4665 36.29 36.5915 36.5025 36.6055 36.8445 36.76 37.057 37.1405 37.301 1
36.467 36.4665 36.29 36.5915 36.5025 36.6055 36.8445 36.76 37.057 37.1405 -1
36.465 36.467 36.4665 36.29 36.5915 36.5025 36.6055 36.8445 36.76 37.057 1
36.7255 36.465 36.467 36.4665 36.29 36.5915 36.5025 36.6055 36.8445 36.76 -1
36.566 36.7255 36.465 36.467 36.4665 36.29 36.5915 36.5025 36.6055 36.8445 1
36.813 36.566 36.7255 36.465 36.467 36.4665 36.29 36.5915 36.5025 36.6055 -1
36.7135 36.813 36.566 36.7255 36.465 36.467 36.4665 36.29 36.5915 36.5025 1
36.8125 36.7135 36.813 36.566 36.7255 36.465 36.467 36.4665 36.29 36.5915 -1
36.4925 36.8125 36.7135 36.813 36.566 36.7255 36.465 36.467 36.4665 36.29 -1
36.2045 36.4925 36.8125 36.7135 36.813 36.566 36.7255 36.465 36.467 36.4665 1
36.3955 36.2045 36.4925 36.8125 36.7135 36.813 36.566 36.7255 36.465 36.467 -1
35.7545 36.3955 36.2045 36.4925 36.8125 36.7135 36.813 36.566 36.7255 36.465 -1
35.1095 35.7545 36.3955 36.2045 36.4925 36.8125 36.7135 36.813 36.566 36.7255 -1
34.703 35.1095 35.7545 36.3955 36.2045 36.4925 36.8125 36.7135 36.813 36.566 1
35.286 34.703 35.1095 35.7545 36.3955 36.2045 36.4925 36.8125 36.7135 36.813 1
35.4245 35.286 34.703 35.1095 35.7545 36.3955 36.2045 36.4925 36.8125 36.7135 1
35.5095 35.4245 35.286 34.703 35.1095 35.7545 36.3955 36.2045 36.4925 36.8125 -1
35.049 35.5095 35.4245 35.286 34.703 35.1095 35.7545 36.3955 36.2045 36.4925 -1
34.8715 35.049 35.5095 35.4245 35.286 34.703 35.1095 35.7545 36.3955 36.2045 -1
34.503 34.8715 35.049 35.5095 35.4245 35.286 34.703 35.1095 35.7545 36.3955 1
35.076 34.503 34.8715 35.049 35.5095 35.4245 35.286 34.703 35.1095 35.7545 1
35.2055 35.076 34.503 34.8715 35.049 35.5095 35.4245 35.286 34.703 35.1095 1
35.493 35.2055 35.076 34.503 34.8715 35.049 35.5095 35.4245 35.286 34.703 1
35.825 35.493 35.2055 35.076 34.503 34.8715 35.049 35.5095 35.4245 35.286 1
35.829 35.825 35.493 35.2055 35.076 34.503 34.8715 35.049 35.5095 35.4245 1
35.914 35.829 35.825 35.493 35.2055 35.076 34.503 34.8715 35.049 35.5095 -1
35.7405 35.914 35.829 35.825 35.493 35.2055 35.076 34.503 34.8715 35.049 -1
35.48 35.7405 35.914 35.829 35.825 35.493 35.2055 35.076 34.503 34.8715 1
36.1225 35.48 35.7405 35.914 35.829 35.825 35.493 35.2055 35.076 34.503 1
36.4085 36.1225 35.48 35.7405 35.914 35.829 35.825 35.493 35.2055 35.076 -1
36.3175 36.4085 36.1225 35.48 35.7405 35.914 35.829 35.825 35.493 35.2055 1
36.3935 36.3175 36.4085 36.1225 35.48 35.7405 35.914 35.829 35.825 35.493 1
37.0495 36.3935 36.3175 36.4085 36.1225 35.48 35.7405 35.914 35.829 35.825 1
37.4075 37.0495 36.3935 36.3175 36.4085 36.1225 35.48 35.7405 35.914 35.829 1
37.5575 37.4075 37.0495 36.3935 36.3175 36.4085 36.1225 35.48 35.7405 35.914 1
37.76 37.5575 37.4075 37.0495 36.3935 36.3175 36.4085 36.1225 35.48 35.7405 1
37.824 37.76 37.5575 37.4075 37.0495 36.3935 36.3175 36.4085 36.1225 35.48 -1
37.6905 37.824 37.76 37.5575 37.4075 37.0495 36.3935 36.3175 36.4085 36.1225 1
38.1855 37.6905 37.824 37.76 37.5575 37.4075 37.0495 36.3935 36.3175 36.4085 -1
38.118 38.1855 37.6905 37.824 37.76 37.5575 37.4075 37.0495 36.3935 36.3175 -1
38.015 38.118 38.1855 37.6905 37.824 37.76 37.5575 37.4075 37.0495 36.3935 1
38.602 38.015 38.118 38.1855 37.6905 37.824 37.76 37.5575 37.4075 37.0495 -1
38.4675 38.602 38.015 38.118 38.1855 37.6905 37.824 37.76 37.5575 37.4075 -1
38.193 38.4675 38.602 38.015 38.118 38.1855 37.6905 37.824 37.76 37.5575 -1
37.998 38.193 38.4675 38.602 38.015 38.118 38.1855 37.6905 37.824 37.76 1
38.3935 37.998 38.193 38.4675 38.602 38.015 38.118 38.1855 37.6905 37.824 -1
37.9015 38.3935 37.998 38.193 38.4675 38.602 38.015 38.118 38.1855 37.6905 -1
37.736 37.9015 38.3935 37.998 38.193 38.4675 38.602 38.015 38.118 38.1855 -1
37.4585 37.736 37.9015 38.3935 37.998 38.193 38.4675 38.602 38.015 38.118 1
37.8815 37.4585 37.736 37.9015 38.3935 37.998 38.193 38.4675 38.602 38.015 -1
37.63 37.8815 37.4585 37.736 37.9015 38.3935 37.998 38.193 38.4675 38.602 -1
37.2615 37.63 37.8815 37.4585 37.736 37.9015 38.3935 37.998 38.193 38.4675 1
37.9375 37.2615 37.63 37.8815 37.4585 37.736 37.9015 38.3935 37.998 38.193 -1
37.8555 37.9375 37.2615 37.63 37.8815 37.4585 37.736 37.9015 38.3935 37.998 -1
37.8285 37.8555 37.9375 37.2615 37.63 37.8815 37.4585 37.736 37.9015 38.3935 1
37.878 37.8285 37.8555 37.9375 37.2615 37.63 37.8815 37.4585 37.736 37.9015 -1
37.6925 37.878 37.8285 37.8555 37.9375 37.2615 37.63 37.8815 37.4585 37.736 1
38.114 37.6925 37.878 37.8285 37.8555 37.9375 37.2615 37.63 37.8815 37.4585 -1
37.1575 38.114 37.6925 37.878 37.8285 37.8555 37.9375 37.2615 37.63 37.8815 -1
36.9525 37.1575 38.114 37.6925 37.878 37.8285 37.8555 37.9375 37.2615 37.63 1
37.063 36.9525 37.1575 38.114 37.6925 37.878 37.8285 37.8555 37.9375 37.2615 1
37.1405 37.063 36.9525 37.1575 38.114 37.6925 37.878 37.8285 37.8555 37.9375 -1
37.014 37.1405 37.063 36.9525 37.1575 38.114 37.6925 37.878 37.8285 37.8555 -1
36.798 37.014 37.1405 37.063 36.9525 37.1575 38.114 37.6925 37.878 37.8285 1
37.026 36.798 37.014 37.1405 37.063 36.9525 37.1575 38.114 37.6925 37.878 1
37.1505 37.026 36.798 37.014 37.1405 37.063 36.9525 37.1575 38.114 37.6925 -1
36.8415 37.1505 37.026 36.798 37.014 37.1405 37.063 36.9525 37.1575 38.114 1
37.2485 36.8415 37.1505 37.026 36.798 37.014 37.1405 37.063 36.9525 37.1575 1
38.0815 37.2485 36.8415 37.1505 37.026 36.798 37.014 37.1405 37.063 36.9525 -1
38.0645 38.0815 37.2485 36.8415 37.1505 37.026 36.798 37.014 37.1405 37.063 1
38.337 38.0645 38.0815 37.2485 36.8415 37.1505 37.026 36.798 37.014 37.1405 1
38.659 38.337 38.0645 38.0815 37.2485 36.8415 37.1505 37.026 36.798 37.014 1
38.747 38.659 38.337 38.0645 38.0815 37.2485 36.8415 37.1505 37.026 36.798 -1
38.727 38.747 38.659 38.337 38.0645 38.0815 37.2485 36.8415 37.1505 37.026 1
39.0655 38.727 38.747 38.659 38.337 38.0645 38.0815 37.2485 36.8415 37.1505 1
39.152 39.0655 38.727 38.747 38.659 38.337 38.0645 38.0815 37.2485 36.8415 1
39.3745 39.152 39.0655 38.727 38.747 38.659 38.337 38.0645 38.0815 37.2485 -1
39.337 39.3745 39.152 39.0655 38.727 38.747 38.659 38.337 38.0645 38.0815 1
39.427 39.337 39.3745 39.152 39.0655 38.727 38.747 38.659 38.337 38.0645 -1
39.3745 39.427 39.337 39.3745 39.152 39.0655 38.727 38.747 38.659 38.337 1
39.3995 39.3745 39.427 39.337 39.3745 39.152 39.0655 38.727 38.747 38.659 1
39.8465 39.3995 39.3745 39.427 39.337 39.3745 39.152 39.0655 38.727 38.747 -1
39.629 39.8465 39.3995 39.3745 39.427 39.337 39.3745 39.152 39.0655 38.727 1
39.632 39.629 39.8465 39.3995 39.3745 39.427 39.337 39.3745 39.152 39.0655 1
40.07 39.632 39.629 39.8465 39.3995 39.3745 39.427 39.337 39.3745 39.152 -1
39.9775 40.07 39.632 39.629 39.8465 39.3995 39.3745 39.427 39.337 39.3745 -1
39.699 39.9775 40.07 39.632 39.629 39.8465 39.3995 39.3745 39.427 39.337 -1
39.4445 39.699 39.9775 40.07 39.632 39.629 39.8465 39.3995 39.3745 39.427 -1
39.3995 39.4445 39.699 39.9775 40.07 39.632 39.629 39.8465 39.3995 39.3745 1
39.4555 39.3995 39.4445 39.699 39.9775 40.07 39.632 39.629 39.8465 39.3995 1
39.6275 39.4555 39.3995 39.4445 39.699 39.9775 40.07 39.632 39.629 39.8465 -1
39.3385 39.6275 39.4555 39.3995 39.4445 39.699 39.9775 40.07 39.632 39.629 -1
39.0615 39.3385 39.6275 39.4555 39.3995 39.4445 39.699 39.9775 40.07 39.632 1
39.2285 39.0615 39.3385 39.6275 39.4555 39.3995 39.4445 39.699 39.9775 40.07 -1
39.0495 39.2285 39.0615 39.3385 39.6275 39.4555 39.3995 39.4445 39.699 39.9775 -1
38.983 39.0495 39.2285 39.0615 39.3385 39.6275 39.4555 39.3995 39.4445 39.699 -1
38.9235 38.983 39.0495 39.2285 39.0615 39.3385 39.6275 39.4555 39.3995 39.4445 -1
38.912 38.9235 38.983 39.0495 39.2285 39.0615 39.3385 39.6275 39.4555 39.3995 -1
38.662 38.912 38.9235 38.983 39.0495 39.2285 39.0615 39.3385 39.6275 39.4555 1
39.0485 38.662 38.912 38.9235 38.983 39.0495 39.2285 39.0615 39.3385 39.6275 -1
38.598 39.0485 38.662 38.912 38.9235 38.983 39.0495 39.2285 39.0615 39.3385 -1
38.3565 38.598 39.0485 38.662 38.912 38.9235 38.983 39.0495 39.2285 39.0615 1
38.5115 38.3565 38.598 39.0485 38.662 38.912 38.9235 38.983 39.0495 39.2285 -1
38.3495 38.5115 38.3565 38.598 39.0485 38.662 38.912 38.9235 38.983 39.0495 1
38.604 38.3495 38.5115 38.3565 38.598 39.0485 38.662 38.912 38.9235 38.983 1
39.044 38.604 38.3495 38.5115 38.3565 38.598 39.0485 38.662 38.912 38.9235 -1
38.787 39.044 38.604 38.3495 38.5115 38.3565 38.598 39.0485 38.662 38.912 1
39.2655 38.787 39.044 38.604 38.3495 38.5115 38.3565 38.598 39.0485 38.662 1
39.332 39.2655 38.787 39.044 38.604 38.3495 38.5115 38.3565 38.598 39.0485 1
39.4945 39.332 39.2655 38.787 39.044 38.604 38.3495 38.5115 38.3565 38.598 1
39.5895 39.4945 39.332 39.2655 38.787 39.044 38.604 38.3495 38.5115 38.3565 1
39.709 39.5895 39.4945 39.332 39.2655 38.787 39.044 38.604 38.3495 38.5115 -1
39.5985 39.709 39.5895 39.4945 39.332 39.2655 38.787 39.044 38.604 38.3495 -1
39.5515 39.5985 39.709 39.5895 39.4945 39.332 39.2655 38.787 39.044 38.604 -1
39.168 39.5515 39.5985 39.709 39.5895 39.4945 39.332 39.2655 38.787 39.044 1
39.178 39.168 39.5515 39.5985 39.709 39.5895 39.4945 39.332 39.2655 38.787 -1
39.027 39.178 39.168 39.5515 39.5985 39.709 39.5895 39.4945 39.332 39.2655 1
39.4425 39.027 39.178 39.168 39.5515 39.5985 39.709 39.5895 39.4945 39.332 -1
38.5815 39.4425 39.027 39.178 39.168 39.5515 39.5985 39.709 39.5895 39.4945 -1
38.3725 38.5815 39.4425 39.027 39.178 39.168 39.5515 39.5985 39.709 39.5895 1
38.6545 38.3725 38.5815 39.4425 39.027 39.178 39.168 39.5515 39.5985 39.709 1
38.9035 38.6545 38.3725 38.5815 39.4425 39.027 39.178 39.168 39.5515 39.5985 -1
38.7005 38.9035 38.6545 38.3725 38.5815 39.4425 39.027 39.178 39.168 39.5515 1
38.739 38.7005 38.9035 38.6545 38.3725 38.5815 39.4425 39.027 39.178 39.168 1
38.855 38.739 38.7005 38.9035 38.6545 38.3725 38.5815 39.4425 39.027 39.178 1
39.2525 38.855 38.739 38.7005 38.9035 38.6545 38.3725 38.5815 39.4425 39.027 1
39.631 39.2525 38.855 38.739 38.7005 38.9035 38.6545 38.3725 38.5815 39.4425 1
39.849 39.631 39.2525 38.855 38.739 38.7005 38.9035 38.6545 38.3725 38.5815 -1
38.9685 39.849 39.631 39.2525 38.855 38.739 38.7005 38.9035 38.6545 38.3725 -1
38.6855 38.9685 39.849 39.631 39.2525 38.855 38.739 38.7005 38.9035 38.6545 -1
38.3725 38.6855 38.9685 39.849 39.631 39.2525 38.855 38.739 38.7005 38.9035 -1
38.272 38.3725 38.6855 38.9685 39.849 39.631 39.2525 38.855 38.739 38.7005 -1
37.995 38.272 38.3725 38.6855 38.9685 39.849 39.631 39.2525 38.855 38.739 -1
37.5445 37.995 38.272 38.3725 38.6855 38.9685 39.849 39.631 39.2525 38.855 -1
37.3985 37.5445 37.995 38.272 38.3725 38.6855 38.9685 39.849 39.631 39.2525 1
37.9095 37.3985 37.5445 37.995 38.272 38.3725 38.6855 38.9685 39.849 39.631 1
38.0575 37.9095 37.3985 37.5445 37.995 38.272 38.3725 38.6855 38.9685 39.849 1
38.1105 38.0575 37.9095 37.3985 37.5445 37.995 38.272 38.3725 38.6855 38.9685 -1
37.7565 38.1105 38.0575 37.9095 37.3985 37.5445 37.995 38.272 38.3725 38.6855 1
38.6255 37.7565 38.1105 38.0575 37.9095 37.3985 37.5445 37.995 38.272 38.3725 -1
38.4955 38.6255 37.7565 38.1105 38.0575 37.9095 37.3985 37.5445 37.995 38.272 1
38.7515 38.4955 38.6255 37.7565 38.1105 38.0575 37.9095 37.3985 37.5445 37.995 1
38.947 38.7515 38.4955 38.6255 37.7565 38.1105 38.0575 37.9095 37.3985 37.5445 1
39.0895 38.947 38.7515 38.4955 38.6255 37.7565 38.1105 38.0575 37.9095 37.3985 -1
38.4735 39.0895 38.947 38.7515 38.4955 38.6255 37.7565 38.1105 38.0575 37.9095 -1
38.235 38.4735 39.0895 38.947 38.7515 38.4955 38.6255 37.7565 38.1105 38.0575 1
38.812 38.235 38.4735 39.0895 38.947 38.7515 38.4955 38.6255 37.7565 38.1105 1
38.8185 38.812 38.235 38.4735 39.0895 38.947 38.7515 38.4955 38.6255 37.7565 1
39.9405 38.8185 38.812 38.235 38.4735 39.0895 38.947 38.7515 38.4955 38.6255 1
39.967 39.9405 38.8185 38.812 38.235 38.4735 39.0895 38.947 38.7515 38.4955 1
40.088 39.967 39.9405 38.8185 38.812 38.235 38.4735 39.0895 38.947 38.7515 1
40.3345 40.088 39.967 39.9405 38.8185 38.812 38.235 38.4735 39.0895 38.947 -1
40.117 40.3345 40.088 39.967 39.9405 38.8185 38.812 38.235 38.4735 39.0895 -1
40.0575 40.117 40.3345 40.088 39.967 39.9405 38.8185 38.812 38.235 38.4735 1
40.772 40.0575 40.117 40.3345 40.088 39.967 39.9405 38.8185 38.812 38.235 -1
40.714 40.772 40.0575 40.117 40.3345 40.088 39.967 39.9405 38.8185 38.812 1
40.796 40.714 40.772 40.0575 40.117 40.3345 40.088 39.967 39.9405 38.8185 -1
40.6755 40.796 40.714 40.772 40.0575 40.117 40.3345 40.088 39.967 39.9405 1
40.935 40.6755 40.796 40.714 40.772 40.0575 40.117 40.3345 40.088 39.967 1
41.374 40.935 40.6755 40.796 40.714 40.772 40.0575 40.117 40.3345 40.088 -1
41.2845 41.374 40.935 40.6755 40.796 40.714 40.772 40.0575 40.117 40.3345 1
41.5625 41.2845 41.374 40.935 40.6755 40.796 40.714 40.772 40.0575 40.117 1
41.854 41.5625 41.2845 41.374 40.935 40.6755 40.796 40.714 40.772 40.0575 -1
41.826 41.854 41.5625 41.2845 41.374 40.935 40.6755 40.796 40.714 40.772 -1
41.6815 41.826 41.854 41.5625 41.2845 41.374 40.935 40.6755 40.796 40.714 -1
41.667 41.6815 41.826 41.854 41.5625 41.2845 41.374 40.935 40.6755 40.796 -1
41.319 41.667 41.6815 41.826 41.854 41.5625 41.2845 41.374 40.935 40.6755 1
41.7845 41.319 41.667 41.6815 41.826 41.854 41.5625 41.2845 41.374 40.935 1
42.001 41.7845 41.319 41.667 41.6815 41.826 41.854 41.5625 41.2845 41.374 -1
41.736 42.001 41.7845 41.319 41.667 41.6815 41.826 41.854 41.5625 41.2845 1
42.155 41.736 42.001 41.7845 41.319 41.667 41.6815 41.826 41.854 41.5625 -1
41.831 42.155 41.736 42.001 41.7845 41.319 41.667 41.6815 41.826 41.854 1
41.9305 41.831 42.155 41.736 42.001 41.7845 41.319 41.667 41.6815 41.826 -1
41.489 41.9305 41.831 42.155 41.736 42.001 41.7845 41.319 41.667 41.6815 1
41.889 41.489 41.9305 41.831 42.155 41.736 42.001 41.7845 41.319 41.667 -1
41.863 41.889 41.489 41.9305 41.831 42.155 41.736 42.001 41.7845 41.319 -1
41.818 41.863 41.889 41.489 41.9305 41.831 42.155 41.736 42.001 41.7845 1
41.9335 41.818 41.863 41.889 41.489 41.9305 41.831 42.155 41.736 42.001 -1
41.7385 41.9335 41.818 41.863 41.889 41.489 41.9305 41.831 42.155 41.736 -1
41.5645 41.7385 41.9335 41.818 41.863 41.889 41.489 41.9305 41.831 42.155 -1
40.9265 41.5645 41.7385 41.9335 41.818 41.863 41.889 41.489 41.9305 41.831 1
41.238 40.9265 41.5645 41.7385 41.9335 41.818 41.863 41.889 41.489 41.9305 1
41.2505 41.238 40.9265 41.5645 41.7385 41.9335 41.818 41.863 41.889 41.489 1
41.4295 41.2505 41.238 40.9265 41.5645 41.7385 41.9335 41.818 41.863 41.889 -1
41.13 41.4295 41.2505 41.238 40.9265 41.5645 41.7385 41.9335 41.818 41.863 -1
40.9765 41.13 41.4295 41.2505 41.238 40.9265 41.5645 41.7385 41.9335 41.818 -1
40.9655 40.9765 41.13 41.4295 41.2505 41.238 40.9265 41.5645 41.7385 41.9335 -1
40.9655 40.9655 40.9765 41.13 41.4295 41.2505 41.238 40.9265 41.5645 41.7385 -1
40.4775 40.9655 40.9655 40.9765 41.13 41.4295 41.2505 41.238 40.9265 41.5645 1
40.545 40.4775 40.9655 40.9655 40.9765 41.13 41.4295 41.2505 41.238 40.9265 1
41.695 40.545 40.4775 40.9655 40.9655 40.9765 41.13 41.4295 41.2505 41.238 1
41.975 41.695 40.545 40.4775 40.9655 40.9655 40.9765 41.13 41.4295 41.2505 1
42.295 41.975 41.695 40.545 40.4775 40.9655 40.9655 40.9765 41.13 41.4295 1
42.835 42.295 41.975 41.695 40.545 40.4775 40.9655 40.9655 40.9765 41.13 -1
42.695 42.835 42.295 41.975 41.695 40.545 40.4775 40.9655 40.9655 40.9765 1
43.085 42.695 42.835 42.295 41.975 41.695 40.545 40.4775 40.9655 40.9655 1
43.245 43.085 42.695 42.835 42.295 41.975 41.695 40.545 40.4775 40.9655 -1
42.955 43.245 43.085 42.695 42.835 42.295 41.975 41.695 40.545 40.4775 -1
42.675 42.955 43.245 43.085 42.695 42.835 42.295 41.975 41.695 40.545 -1
42.145 42.675 42.955 43.245 43.085 42.695 42.835 42.295 41.975 41.695 1
42.485 42.145 42.675 42.955 43.245 43.085 42.695 42.835 42.295 41.975 -1
41.755 42.485 42.145 42.675 42.955 43.245 43.085 42.695 42.835 42.295 -1
41.405 41.755 42.485 42.145 42.675 42.955 43.245 43.085 42.695 42.835 1
41.455 41.405 41.755 42.485 42.145 42.675 42.955 43.245 43.085 42.695 -1
41.345 41.455 41.405 41.755 42.485 42.145 42.675 42.955 43.245 43.085 1
41.615 41.345 41.455 41.405 41.755 42.485 42.145 42.675 42.955 43.245 1
42.155 41.615 41.345 41.455 41.405 41.755 42.485 42.145 42.675 42.955 -1
42.135 42.155 41.615 41.345 41.455 41.405 41.755 42.485 42.145 42.675 -1
41.955 42.135 42.155 41.615 41.345 41.455 41.405 41.755 42.485 42.145 -1
41.915 41.955 42.135 42.155 41.615 41.345 41.455 41.405 41.755 42.485 -1
41.535 41.915 41.955 42.135 42.155 41.615 41.345 41.455 41.405 41.755 -1
41.025 41.535 41.915 41.955 42.135 42.155 41.615 41.345 41.455 41.405 -1
40.895 41.025 41.535 41.915 41.955 42.135 42.155 41.615 41.345 41.455 -1
40.695 40.895 41.025 41.535 41.915 41.955 42.135 42.155 41.615 41.345 1
