0.0101042603545461 0.905558405559903 -0.84157212664079 -0.478084073624074 1.00770650804999 1.08199603713369 0.76228574232704 0.656157843636037 0.426656262716734 0.000818069219076494 1
0.8670870422844 0.0101042603545461 0.905558405559903 -0.84157212664079 -0.478084073624074 1.00770650804999 1.08199603713369 0.76228574232704 0.656157843636037 0.426656262716734 1
0.242259038741117 0.8670870422844 0.0101042603545461 0.905558405559903 -0.84157212664079 -0.478084073624074 1.00770650804999 1.08199603713369 0.76228574232704 0.656157843636037 -1
-0.817693349435311 0.242259038741117 0.8670870422844 0.0101042603545461 0.905558405559903 -0.84157212664079 -0.478084073624074 1.00770650804999 1.08199603713369 0.76228574232704 1
0.344407141231208 -0.817693349435311 0.242259038741117 0.8670870422844 0.0101042603545461 0.905558405559903 -0.84157212664079 -0.478084073624074 1.00770650804999 1.08199603713369 -1
-0.219397320564756 0.344407141231208 -0.817693349435311 0.242259038741117 0.8670870422844 0.0101042603545461 0.905558405559903 -0.84157212664079 -0.478084073624074 1.00770650804999 -1
-0.589518367249635 -0.219397320564756 0.344407141231208 -0.817693349435311 0.242259038741117 0.8670870422844 0.0101042603545461 0.905558405559903 -0.84157212664079 -0.478084073624074 1
0.457168033590393 -0.589518367249635 -0.219397320564756 0.344407141231208 -0.817693349435311 0.242259038741117 0.8670870422844 0.0101042603545461 0.905558405559903 -0.84157212664079 -1
-0.531148022969585 0.457168033590393 -0.589518367249635 -0.219397320564756 0.344407141231208 -0.817693349435311 0.242259038741117 0.8670870422844 0.0101042603545461 0.905558405559903 -1
-2.7134029398034 -0.531148022969585 0.457168033590393 -0.589518367249635 -0.219397320564756 0.344407141231208 -0.817693349435311 0.242259038741117 0.8670870422844 0.0101042603545461 1
0.815349691672551 -2.7134029398034 -0.531148022969585 0.457168033590393 -0.589518367249635 -0.219397320564756 0.344407141231208 -0.817693349435311 0.242259038741117 0.8670870422844 1
0.219706860269265 0.815349691672551 -2.7134029398034 -0.531148022969585 0.457168033590393 -0.589518367249635 -0.219397320564756 0.344407141231208 -0.817693349435311 0.242259038741117 -1
-0.682380278604273 0.219706860269265 0.815349691672551 -2.7134029398034 -0.531148022969585 0.457168033590393 -0.589518367249635 -0.219397320564756 0.344407141231208 -0.817693349435311 -1
-0.930454241794496 -0.682380278604273 0.219706860269265 0.815349691672551 -2.7134029398034 -0.531148022969585 0.457168033590393 -0.589518367249635 -0.219397320564756 0.344407141231208 -1
-0.677073883669717 -0.930454241794496 -0.682380278604273 0.219706860269265 0.815349691672551 -2.7134029398034 -0.531148022969585 0.457168033590393 -0.589518367249635 -0.219397320564756 1
1.48528205215952 -0.677073883669717 -0.930454241794496 -0.682380278604273 0.219706860269265 0.815349691672551 -2.7134029398034 -0.531148022969585 0.457168033590393 -0.589518367249635 1
0.804736901803437 1.48528205215952 -0.677073883669717 -0.930454241794496 -0.682380278604273 0.219706860269265 0.815349691672551 -2.7134029398034 -0.531148022969585 0.457168033590393 -1
-0.139801396546499 0.804736901803437 1.48528205215952 -0.677073883669717 -0.930454241794496 -0.682380278604273 0.219706860269265 0.815349691672551 -2.7134029398034 -0.531148022969585 1
0.775551729663424 -0.139801396546499 0.804736901803437 1.48528205215952 -0.677073883669717 -0.930454241794496 -0.682380278604273 0.219706860269265 0.815349691672551 -2.7134029398034 -1
-0.13714819907923 0.775551729663424 -0.139801396546499 0.804736901803437 1.48528205215952 -0.677073883669717 -0.930454241794496 -0.682380278604273 0.219706860269265 0.815349691672551 -1
-1.34567964542306 -0.13714819907923 0.775551729663424 -0.139801396546499 0.804736901803437 1.48528205215952 -0.677073883669717 -0.930454241794496 -0.682380278604273 0.219706860269265 1
0.940049972634475 -1.34567964542306 -0.13714819907923 0.775551729663424 -0.139801396546499 0.804736901803437 1.48528205215952 -0.677073883669717 -0.930454241794496 -0.682380278604273 1
0.356346529833946 0.940049972634475 -1.34567964542306 -0.13714819907923 0.775551729663424 -0.139801396546499 0.804736901803437 1.48528205215952 -0.677073883669717 -0.930454241794496 1
0.405430682978525 0.356346529833946 0.940049972634475 -1.34567964542306 -0.13714819907923 0.775551729663424 -0.139801396546499 0.804736901803437 1.48528205215952 -0.677073883669717 -1
-2.19072303875019 0.405430682978525 0.356346529833946 0.940049972634475 -1.34567964542306 -0.13714819907923 0.775551729663424 -0.139801396546499 0.804736901803437 1.48528205215952 -1
-1.09893228096646 -2.19072303875019 0.405430682978525 0.356346529833946 0.940049972634475 -1.34567964542306 -0.13714819907923 0.775551729663424 -0.139801396546499 0.804736901803437 1
0.17194930585833 -1.09893228096646 -2.19072303875019 0.405430682978525 0.356346529833946 0.940049972634475 -1.34567964542306 -0.13714819907923 0.775551729663424 -0.139801396546499 -1
-0.0522458801264346 0.17194930585833 -1.09893228096646 -2.19072303875019 0.405430682978525 0.356346529833946 0.940049972634475 -1.34567964542306 -0.13714819907923 0.775551729663424 1
0.592481104421431 -0.0522458801264346 0.17194930585833 -1.09893228096646 -2.19072303875019 0.405430682978525 0.356346529833946 0.940049972634475 -1.34567964542306 -0.13714819907923 -1
-0.617376940656024 0.592481104421431 -0.0522458801264346 0.17194930585833 -1.09893228096646 -2.19072303875019 0.405430682978525 0.356346529833946 0.940049972634475 -1.34567964542306 1
0.634932263897828 -0.617376940656024 0.592481104421431 -0.0522458801264346 0.17194930585833 -1.09893228096646 -2.19072303875019 0.405430682978525 0.356346529833946 0.940049972634475 1
0.995767119447256 0.634932263897828 -0.617376940656024 0.592481104421431 -0.0522458801264346 0.17194930585833 -1.09893228096646 -2.19072303875019 0.405430682978525 0.356346529833946 -1
-1.65875694656151 0.995767119447256 0.634932263897828 -0.617376940656024 0.592481104421431 -0.0522458801264346 0.17194930585833 -1.09893228096646 -2.19072303875019 0.405430682978525 1
0.538090556342275 -1.65875694656151 0.995767119447256 0.634932263897828 -0.617376940656024 0.592481104421431 -0.0522458801264346 0.17194930585833 -1.09893228096646 -2.19072303875019 1
0.185215293194712 0.538090556342275 -1.65875694656151 0.995767119447256 0.634932263897828 -0.617376940656024 0.592481104421431 -0.0522458801264346 0.17194930585833 -1.09893228096646 -1
-0.0509192813927907 0.185215293194712 0.538090556342275 -1.65875694656151 0.995767119447256 0.634932263897828 -0.617376940656024 0.592481104421431 -0.0522458801264346 0.17194930585833 -1
-2.25041998176389 -0.0509192813927907 0.185215293194712 0.538090556342275 -1.65875694656151 0.995767119447256 0.634932263897828 -0.617376940656024 0.592481104421431 -0.0522458801264346 -1
-0.130515205411048 -2.25041998176389 -0.0509192813927907 0.185215293194712 0.538090556342275 -1.65875694656151 0.995767119447256 0.634932263897828 -0.617376940656024 0.592481104421431 -1
-1.1851611986529 -0.130515205411048 -2.25041998176389 -0.0509192813927907 0.185215293194712 0.538090556342275 -1.65875694656151 0.995767119447256 0.634932263897828 -0.617376940656024 1
0.57656191961778 -1.1851611986529 -0.130515205411048 -2.25041998176389 -0.0509192813927907 0.185215293194712 0.538090556342275 -1.65875694656151 0.995767119447256 0.634932263897828 -1
-1.44252135297861 0.57656191961778 -1.1851611986529 -0.130515205411048 -2.25041998176389 -0.0509192813927907 0.185215293194712 0.538090556342275 -1.65875694656151 0.995767119447256 1
0.110925764111012 -1.44252135297861 0.57656191961778 -1.1851611986529 -0.130515205411048 -2.25041998176389 -0.0509192813927907 0.185215293194712 0.538090556342275 -1.65875694656151 1
1.14699937508193 0.110925764111012 -1.44252135297861 0.57656191961778 -1.1851611986529 -0.130515205411048 -2.25041998176389 -0.0509192813927907 0.185215293194712 0.538090556342275 -1
-0.704932457076107 1.14699937508193 0.110925764111012 -1.44252135297861 0.57656191961778 -1.1851611986529 -0.130515205411048 -2.25041998176389 -0.0509192813927907 0.185215293194712 1
0.381551905773068 -0.704932457076107 1.14699937508193 0.110925764111012 -1.44252135297861 0.57656191961778 -1.1851611986529 -0.130515205411048 -2.25041998176389 -0.0509192813927907 -1
-2.62319422591605 0.381551905773068 -0.704932457076107 1.14699937508193 0.110925764111012 -1.44252135297861 0.57656191961778 -1.1851611986529 -0.130515205411048 -2.25041998176389 -1
-0.141127995280143 -2.62319422591605 0.381551905773068 -0.704932457076107 1.14699937508193 0.110925764111012 -1.44252135297861 0.57656191961778 -1.1851611986529 -0.130515205411048 1
0.239605841273848 -0.141127995280143 -2.62319422591605 0.381551905773068 -0.704932457076107 1.14699937508193 0.110925764111012 -1.44252135297861 0.57656191961778 -1.1851611986529 1
1.60732913565417 0.239605841273848 -0.141127995280143 -2.62319422591605 0.381551905773068 -0.704932457076107 1.14699937508193 0.110925764111012 -1.44252135297861 0.57656191961778 1
1.24782087883839 1.60732913565417 0.239605841273848 -0.141127995280143 -2.62319422591605 0.381551905773068 -0.704932457076107 1.14699937508193 0.110925764111012 -1.44252135297861 1
1.24251448390383 1.24782087883839 1.60732913565417 0.239605841273848 -0.141127995280143 -2.62319422591605 0.381551905773068 -0.704932457076107 1.14699937508193 0.110925764111012 -1
-0.635949322926945 1.24251448390383 1.24782087883839 1.60732913565417 0.239605841273848 -0.141127995280143 -2.62319422591605 0.381551905773068 -0.704932457076107 1.14699937508193 1
0.173275904591955 -0.635949322926945 1.24251448390383 1.24782087883839 1.60732913565417 0.239605841273848 -0.141127995280143 -2.62319422591605 0.381551905773068 -0.704932457076107 1
0.780858124597961 0.173275904591955 -0.635949322926945 1.24251448390383 1.24782087883839 1.60732913565417 0.239605841273848 -0.141127995280143 -2.62319422591605 0.381551905773068 1
1.9363256215963 0.780858124597961 0.173275904591955 -0.635949322926945 1.24251448390383 1.24782087883839 1.60732913565417 0.239605841273848 -0.141127995280143 -2.62319422591605 1
0.869740239751689 1.9363256215963 0.780858124597961 0.173275904591955 -0.635949322926945 1.24251448390383 1.24782087883839 1.60732913565417 0.239605841273848 -0.141127995280143 -1
-0.182252556022897 0.869740239751689 1.9363256215963 0.780858124597961 0.173275904591955 -0.635949322926945 1.24251448390383 1.24782087883839 1.60732913565417 0.239605841273848 -1
-0.751363412753437 -0.182252556022897 0.869740239751689 1.9363256215963 0.780858124597961 0.173275904591955 -0.635949322926945 1.24251448390383 1.24782087883839 1.60732913565417 1
0.853821054948035 -0.751363412753437 -0.182252556022897 0.869740239751689 1.9363256215963 0.780858124597961 0.173275904591955 -0.635949322926945 1.24251448390383 1.24782087883839 -1
-0.293686849648457 0.853821054948035 -0.751363412753437 -0.182252556022897 0.869740239751689 1.9363256215963 0.780858124597961 0.173275904591955 -0.635949322926945 1.24251448390383 -1
-0.377262569867645 -0.293686849648457 0.853821054948035 -0.751363412753437 -0.182252556022897 0.869740239751689 1.9363256215963 0.780858124597961 0.173275904591955 -0.635949322926945 -1
-0.995457579742727 -0.377262569867645 -0.293686849648457 0.853821054948035 -0.751363412753437 -0.182252556022897 0.869740239751689 1.9363256215963 0.780858124597961 0.173275904591955 -1
-0.612070545721487 -0.995457579742727 -0.377262569867645 -0.293686849648457 0.853821054948035 -0.751363412753437 -0.182252556022897 0.869740239751689 1.9363256215963 0.780858124597961 1
0.362979523502128 -0.612070545721487 -0.995457579742727 -0.377262569867645 -0.293686849648457 0.853821054948035 -0.751363412753437 -0.182252556022897 0.869740239751689 1.9363256215963 1
0.352366733633033 0.362979523502128 -0.612070545721487 -0.995457579742727 -0.377262569867645 -0.293686849648457 0.853821054948035 -0.751363412753437 -0.182252556022897 0.869740239751689 -1
-1.28067630747481 0.352366733633033 0.362979523502128 -0.612070545721487 -0.995457579742727 -0.377262569867645 -0.293686849648457 0.853821054948035 -0.751363412753437 -0.182252556022897 1
1.9933693671427 -1.28067630747481 0.352366733633033 0.362979523502128 -0.612070545721487 -0.995457579742727 -0.377262569867645 -0.293686849648457 0.853821054948035 -0.751363412753437 1
0.572582123416867 1.9933693671427 -1.28067630747481 0.352366733633033 0.362979523502128 -0.612070545721487 -0.995457579742727 -0.377262569867645 -0.293686849648457 0.853821054948035 1
0.0843937894382467 0.572582123416867 1.9933693671427 -1.28067630747481 0.352366733633033 0.362979523502128 -0.612070545721487 -0.995457579742727 -0.377262569867645 -0.293686849648457 1
0.133477942582826 0.0843937894382467 0.572582123416867 1.9933693671427 -1.28067630747481 0.352366733633033 0.362979523502128 -0.612070545721487 -0.995457579742727 -0.377262569867645 -1
-1.80070301106073 0.133477942582826 0.0843937894382467 0.572582123416867 1.9933693671427 -1.28067630747481 0.352366733633033 0.362979523502128 -0.612070545721487 -0.995457579742727 -1
-1.1772016062511 -1.80070301106073 0.133477942582826 0.0843937894382467 0.572582123416867 1.9933693671427 -1.28067630747481 0.352366733633033 0.362979523502128 -0.612070545721487 -1
-1.46772672891772 -1.1772016062511 -1.80070301106073 0.133477942582826 0.0843937894382467 0.572582123416867 1.9933693671427 -1.28067630747481 0.352366733633033 0.362979523502128 1
0.0658214071673263 -1.46772672891772 -1.1772016062511 -1.80070301106073 0.133477942582826 0.0843937894382467 0.572582123416867 1.9933693671427 -1.28067630747481 0.352366733633033 -1
-0.638602520394233 0.0658214071673263 -1.46772672891772 -1.1772016062511 -1.80070301106073 0.133477942582826 0.0843937894382467 0.572582123416867 1.9933693671427 -1.28067630747481 1
1.0541374637273 -0.638602520394233 0.0658214071673263 -1.46772672891772 -1.1772016062511 -1.80070301106073 0.133477942582826 0.0843937894382467 0.572582123416867 1.9933693671427 -1
-1.34169984922215 1.0541374637273 -0.638602520394233 0.0658214071673263 -1.46772672891772 -1.1772016062511 -1.80070301106073 0.133477942582826 0.0843937894382467 0.572582123416867 1
1.27965924844569 -1.34169984922215 1.0541374637273 -0.638602520394233 0.0658214071673263 -1.46772672891772 -1.1772016062511 -1.80070301106073 0.133477942582826 0.0843937894382467 -1
-2.5091067348232 1.27965924844569 -1.34169984922215 1.0541374637273 -0.638602520394233 0.0658214071673263 -1.46772672891772 -1.1772016062511 -1.80070301106073 0.133477942582826 1
1.85938289504531 -2.5091067348232 1.27965924844569 -1.34169984922215 1.0541374637273 -0.638602520394233 0.0658214071673263 -1.46772672891772 -1.1772016062511 -1.80070301106073 -1
-2.25307317923116 1.85938289504531 -2.5091067348232 1.27965924844569 -1.34169984922215 1.0541374637273 -0.638602520394233 0.0658214071673263 -1.46772672891772 -1.1772016062511 1
2.56380682260687 -2.25307317923116 1.85938289504531 -2.5091067348232 1.27965924844569 -1.34169984922215 1.0541374637273 -0.638602520394233 0.0658214071673263 -1.46772672891772 -1
-1.62293878075332 2.56380682260687 -2.25307317923116 1.85938289504531 -2.5091067348232 1.27965924844569 -1.34169984922215 1.0541374637273 -0.638602520394233 0.0658214071673263 -1
-0.720851641879757 -1.62293878075332 2.56380682260687 -2.25307317923116 1.85938289504531 -2.5091067348232 1.27965924844569 -1.34169984922215 1.0541374637273 -0.638602520394233 1
0.715854786649731 -0.720851641879757 -1.62293878075332 2.56380682260687 -2.25307317923116 1.85938289504531 -2.5091067348232 1.27965924844569 -1.34169984922215 1.0541374637273 1
1.66171968373331 0.715854786649731 -0.720851641879757 -1.62293878075332 2.56380682260687 -2.25307317923116 1.85938289504531 -2.5091067348232 1.27965924844569 -1.34169984922215 -1
-1.51150448712776 1.66171968373331 0.715854786649731 -0.720851641879757 -1.62293878075332 2.56380682260687 -2.25307317923116 1.85938289504531 -2.5091067348232 1.27965924844569 1
0.624319474028733 -1.51150448712776 1.66171968373331 0.715854786649731 -0.720851641879757 -1.62293878075332 2.56380682260687 -2.25307317923116 1.85938289504531 -2.5091067348232 -1
-0.0204075105191317 0.624319474028733 -1.51150448712776 1.66171968373331 0.715854786649731 -0.720851641879757 -1.62293878075332 2.56380682260687 -2.25307317923116 1.85938289504531 1
0.50890538420228 -0.0204075105191317 0.624319474028733 -1.51150448712776 1.66171968373331 0.715854786649731 -0.720851641879757 -1.62293878075332 2.56380682260687 -2.25307317923116 1
2.15388781391284 0.50890538420228 -0.0204075105191317 0.624319474028733 -1.51150448712776 1.66171968373331 0.715854786649731 -0.720851641879757 -1.62293878075332 2.56380682260687 1
0.630952467696934 2.15388781391284 0.50890538420228 -0.0204075105191317 0.624319474028733 -1.51150448712776 1.66171968373331 0.715854786649731 -0.720851641879757 -1.62293878075332 1
0.213073866601083 0.630952467696934 2.15388781391284 0.50890538420228 -0.0204075105191317 0.624319474028733 -1.51150448712776 1.66171968373331 0.715854786649731 -0.720851641879757 -1
-0.379915767334915 0.213073866601083 0.630952467696934 2.15388781391284 0.50890538420228 -0.0204075105191317 0.624319474028733 -1.51150448712776 1.66171968373331 0.715854786649731 -1
-0.0973502370701012 -0.379915767334915 0.213073866601083 0.630952467696934 2.15388781391284 0.50890538420228 -0.0204075105191317 0.624319474028733 -1.51150448712776 1.66171968373331 1
0.118885356512819 -0.0973502370701012 -0.379915767334915 0.213073866601083 0.630952467696934 2.15388781391284 0.50890538420228 -0.0204075105191317 0.624319474028733 -1.51150448712776 1
0.374918912104885 0.118885356512819 -0.0973502370701012 -0.379915767334915 0.213073866601083 0.630952467696934 2.15388781391284 0.50890538420228 -0.0204075105191317 0.624319474028733 1
0.697282404378791 0.374918912104885 0.118885356512819 -0.0973502370701012 -0.379915767334915 0.213073866601083 0.630952467696934 2.15388781391284 0.50890538420228 -0.0204075105191317 1
0.75963254485977 0.697282404378791 0.374918912104885 0.118885356512819 -0.0973502370701012 -0.379915767334915 0.213073866601083 0.630952467696934 2.15388781391284 0.50890538420228 -1
-0.2207239192984 0.75963254485977 0.697282404378791 0.374918912104885 0.118885356512819 -0.0973502370701012 -0.379915767334915 0.213073866601083 0.630952467696934 2.15388781391284 -1
-0.425020124278581 -0.2207239192984 0.75963254485977 0.697282404378791 0.374918912104885 0.118885356512819 -0.0973502370701012 -0.379915767334915 0.213073866601083 0.630952467696934 -1
-0.946373426598147 -0.425020124278581 -0.2207239192984 0.75963254485977 0.697282404378791 0.374918912104885 0.118885356512819 -0.0973502370701012 -0.379915767334915 0.213073866601083 1
1.19343033075925 -0.946373426598147 -0.425020124278581 -0.2207239192984 0.75963254485977 0.697282404378791 0.374918912104885 0.118885356512819 -0.0973502370701012 -0.379915767334915 -1
-0.107963026939215 1.19343033075925 -0.946373426598147 -0.425020124278581 -0.2207239192984 0.75963254485977 0.697282404378791 0.374918912104885 0.118885356512819 -0.0973502370701012 -1
-0.893309477252636 -0.107963026939215 1.19343033075925 -0.946373426598147 -0.425020124278581 -0.2207239192984 0.75963254485977 0.697282404378791 0.374918912104885 0.118885356512819 1
0.544723550010476 -0.893309477252636 -0.107963026939215 1.19343033075925 -0.946373426598147 -0.425020124278581 -0.2207239192984 0.75963254485977 0.697282404378791 0.374918912104885 -1
-0.195518543359279 0.544723550010476 -0.893309477252636 -0.107963026939215 1.19343033075925 -0.946373426598147 -0.425020124278581 -0.2207239192984 0.75963254485977 0.697282404378791 -1
-0.975558598738182 -0.195518543359279 0.544723550010476 -0.893309477252636 -0.107963026939215 1.19343033075925 -0.946373426598147 -0.425020124278581 -0.2207239192984 0.75963254485977 1
1.57814396351416 -0.975558598738182 -0.195518543359279 0.544723550010476 -0.893309477252636 -0.107963026939215 1.19343033075925 -0.946373426598147 -0.425020124278581 -0.2207239192984 1
1.32609020412301 1.57814396351416 -0.975558598738182 -0.195518543359279 0.544723550010476 -0.893309477252636 -0.107963026939215 1.19343033075925 -0.946373426598147 -0.425020124278581 1
0.0180638527563719 1.32609020412301 1.57814396351416 -0.975558598738182 -0.195518543359279 0.544723550010476 -0.893309477252636 -0.107963026939215 1.19343033075925 -0.946373426598147 1
0.431962657651272 0.0180638527563719 1.32609020412301 1.57814396351416 -0.975558598738182 -0.195518543359279 0.544723550010476 -0.893309477252636 -0.107963026939215 1.19343033075925 -1
-0.0668384661964235 0.431962657651272 0.0180638527563719 1.32609020412301 1.57814396351416 -0.975558598738182 -0.195518543359279 0.544723550010476 -0.893309477252636 -0.107963026939215 1
0.0273500438918227 -0.0668384661964235 0.431962657651272 0.0180638527563719 1.32609020412301 1.57814396351416 -0.975558598738182 -0.195518543359279 0.544723550010476 -0.893309477252636 -1
-1.02994914681732 0.0273500438918227 -0.0668384661964235 0.431962657651272 0.0180638527563719 1.32609020412301 1.57814396351416 -0.975558598738182 -0.195518543359279 0.544723550010476 -1
-0.428999920479494 -1.02994914681732 0.0273500438918227 -0.0668384661964235 0.431962657651272 0.0180638527563719 1.32609020412301 1.57814396351416 -0.975558598738182 -0.195518543359279 -1
-2.29287114124029 -0.428999920479494 -1.02994914681732 0.0273500438918227 -0.0668384661964235 0.431962657651272 0.0180638527563719 1.32609020412301 1.57814396351416 -0.975558598738182 1
0.140110936251008 -2.29287114124029 -0.428999920479494 -1.02994914681732 0.0273500438918227 -0.0668384661964235 0.431962657651272 0.0180638527563719 1.32609020412301 1.57814396351416 -1
-0.0814310522664498 0.140110936251008 -2.29287114124029 -0.428999920479494 -1.02994914681732 0.0273500438918227 -0.0668384661964235 0.431962657651272 0.0180638527563719 1.32609020412301 -1
-0.586865169782365 -0.0814310522664498 0.140110936251008 -2.29287114124029 -0.428999920479494 -1.02994914681732 0.0273500438918227 -0.0668384661964235 0.431962657651272 0.0180638527563719 -1
-1.21434637079293 -0.586865169782365 -0.0814310522664498 0.140110936251008 -2.29287114124029 -0.428999920479494 -1.02994914681732 0.0273500438918227 -0.0668384661964235 0.431962657651272 1
0.585848110753248 -1.21434637079293 -0.586865169782365 -0.0814310522664498 0.140110936251008 -2.29287114124029 -0.428999920479494 -1.02994914681732 0.0273500438918227 -0.0668384661964235 -1
-0.145107791481056 0.585848110753248 -1.21434637079293 -0.586865169782365 -0.0814310522664498 0.140110936251008 -2.29287114124029 -0.428999920479494 -1.02994914681732 0.0273500438918227 -1
-0.568292787511445 -0.145107791481056 0.585848110753248 -1.21434637079293 -0.586865169782365 -0.0814310522664498 0.140110936251008 -2.29287114124029 -0.428999920479494 -1.02994914681732 -1
-0.738097425417054 -0.568292787511445 -0.145107791481056 0.585848110753248 -1.21434637079293 -0.586865169782365 -0.0814310522664498 0.140110936251008 -2.29287114124029 -0.428999920479494 -1
-0.19286534589201 -0.738097425417054 -0.568292787511445 -0.145107791481056 0.585848110753248 -1.21434637079293 -0.586865169782365 -0.0814310522664498 0.140110936251008 -2.29287114124029 1
0.726467576518826 -0.19286534589201 -0.738097425417054 -0.568292787511445 -0.145107791481056 0.585848110753248 -1.21434637079293 -0.586865169782365 -0.0814310522664498 0.140110936251008 -1
-2.20796882228747 0.726467576518826 -0.19286534589201 -0.738097425417054 -0.568292787511445 -0.145107791481056 0.585848110753248 -1.21434637079293 -0.586865169782365 -0.0814310522664498 1
0.31124217289026 -2.20796882228747 0.726467576518826 -0.19286534589201 -0.738097425417054 -0.568292787511445 -0.145107791481056 0.585848110753248 -1.21434637079293 -0.586865169782365 -1
-1.36425202769398 0.31124217289026 -2.20796882228747 0.726467576518826 -0.19286534589201 -0.738097425417054 -0.568292787511445 -0.145107791481056 0.585848110753248 -1.21434637079293 1
0.820656086607088 -1.36425202769398 0.31124217289026 -2.20796882228747 0.726467576518826 -0.19286534589201 -0.738097425417054 -0.568292787511445 -0.145107791481056 0.585848110753248 -1
-0.704932457076107 0.820656086607088 -1.36425202769398 0.31124217289026 -2.20796882228747 0.726467576518826 -0.19286534589201 -0.738097425417054 -0.568292787511445 -0.145107791481056 1
1.68825165840606 -0.704932457076107 0.820656086607088 -1.36425202769398 0.31124217289026 -2.20796882228747 0.726467576518826 -0.19286534589201 -0.738097425417054 -0.568292787511445 1
0.662790837304238 1.68825165840606 -0.704932457076107 0.820656086607088 -1.36425202769398 0.31124217289026 -2.20796882228747 0.726467576518826 -0.19286534589201 -0.738097425417054 -1
-0.666461093800622 0.662790837304238 1.68825165840606 -0.704932457076107 0.820656086607088 -1.36425202769398 0.31124217289026 -2.20796882228747 0.726467576518826 -0.19286534589201 1
0.0154106552890841 -0.666461093800622 0.662790837304238 1.68825165840606 -0.704932457076107 0.820656086607088 -1.36425202769398 0.31124217289026 -2.20796882228747 0.726467576518826 -1
-1.23955174673206 0.0154106552890841 -0.666461093800622 0.662790837304238 1.68825165840606 -0.704932457076107 0.820656086607088 -1.36425202769398 0.31124217289026 -2.20796882228747 -1
-0.375935971133983 -1.23955174673206 0.0154106552890841 -0.666461093800622 0.662790837304238 1.68825165840606 -0.704932457076107 0.820656086607088 -1.36425202769398 0.31124217289026 -1
-2.23450079696023 -0.375935971133983 -1.23955174673206 0.0154106552890841 -0.666461093800622 0.662790837304238 1.68825165840606 -0.704932457076107 0.820656086607088 -1.36425202769398 -1
-0.939740432929967 -2.23450079696023 -0.375935971133983 -1.23955174673206 0.0154106552890841 -0.666461093800622 0.662790837304238 1.68825165840606 -0.704932457076107 0.820656086607088 1
0.827289080275289 -0.939740432929967 -2.23450079696023 -0.375935971133983 -1.23955174673206 0.0154106552890841 -0.666461093800622 0.662790837304238 1.68825165840606 -0.704932457076107 -1
-1.22230596319476 0.827289080275289 -0.939740432929967 -2.23450079696023 -0.375935971133983 -1.23955174673206 0.0154106552890841 -0.666461093800622 0.662790837304238 1.68825165840606 -1
-0.212764326896574 -1.22230596319476 0.827289080275289 -0.939740432929967 -2.23450079696023 -0.375935971133983 -1.23955174673206 0.0154106552890841 -0.666461093800622 0.662790837304238 -1
-0.0376532940564272 -0.212764326896574 -1.22230596319476 0.827289080275289 -0.939740432929967 -2.23450079696023 -0.375935971133983 -1.23955174673206 0.0154106552890841 -0.666461093800622 1
0.969235144774509 -0.0376532940564272 -0.212764326896574 -1.22230596319476 0.827289080275289 -0.939740432929967 -2.23450079696023 -0.375935971133983 -1.23955174673206 0.0154106552890841 1
0.579215117085068 0.969235144774509 -0.0376532940564272 -0.212764326896574 -1.22230596319476 0.827289080275289 -0.939740432929967 -2.23450079696023 -0.375935971133983 -1.23955174673206 1
0.912191399228086 0.579215117085068 0.969235144774509 -0.0376532940564272 -0.212764326896574 -1.22230596319476 0.827289080275289 -0.939740432929967 -2.23450079696023 -0.375935971133983 1
0.450535039922211 0.912191399228086 0.579215117085068 0.969235144774509 -0.0376532940564272 -0.212764326896574 -1.22230596319476 0.827289080275289 -0.939740432929967 -2.23450079696023 1
0.197154681797432 0.450535039922211 0.912191399228086 0.579215117085068 0.969235144774509 -0.0376532940564272 -0.212764326896574 -1.22230596319476 0.827289080275289 -0.939740432929967 1
0.886986023288983 0.197154681797432 0.450535039922211 0.912191399228086 0.579215117085068 0.969235144774509 -0.0376532940564272 -0.212764326896574 -1.22230596319476 0.827289080275289 -1
-0.484717067292275 0.886986023288983 0.197154681797432 0.450535039922211 0.912191399228086 0.579215117085068 0.969235144774509 -0.0376532940564272 -0.212764326896574 -1.22230596319476 1
0.394817893109433 -0.484717067292275 0.886986023288983 0.197154681797432 0.450535039922211 0.912191399228086 0.579215117085068 0.969235144774509 -0.0376532940564272 -0.212764326896574 1
0.786164519532517 0.394817893109433 -0.484717067292275 0.886986023288983 0.197154681797432 0.450535039922211 0.912191399228086 0.579215117085068 0.969235144774509 -0.0376532940564272 1
0.486353205730428 0.786164519532517 0.394817893109433 -0.484717067292275 0.886986023288983 0.197154681797432 0.450535039922211 0.912191399228086 0.579215117085068 0.969235144774509 -1
-1.01402996201367 0.486353205730428 0.786164519532517 0.394817893109433 -0.484717067292275 0.886986023288983 0.197154681797432 0.450535039922211 0.912191399228086 0.579215117085068 -1
-1.24883793786751 -1.01402996201367 0.486353205730428 0.786164519532517 0.394817893109433 -0.484717067292275 0.886986023288983 0.197154681797432 0.450535039922211 0.912191399228086 1
1.51579382303318 -1.24883793786751 -1.01402996201367 0.486353205730428 0.786164519532517 0.394817893109433 -0.484717067292275 0.886986023288983 0.197154681797432 0.450535039922211 1
0.35369333236666 1.51579382303318 -1.24883793786751 -1.01402996201367 0.486353205730428 0.786164519532517 0.394817893109433 -0.484717067292275 0.886986023288983 0.197154681797432 -1
-0.572272583712339 0.35369333236666 1.51579382303318 -1.24883793786751 -1.01402996201367 0.486353205730428 0.786164519532517 0.394817893109433 -0.484717067292275 0.886986023288983 1
0.709221792981529 -0.572272583712339 0.35369333236666 1.51579382303318 -1.24883793786751 -1.01402996201367 0.486353205730428 0.786164519532517 0.394817893109433 -0.484717067292275 -1
-0.168986568686533 0.709221792981529 -0.572272583712339 0.35369333236666 1.51579382303318 -1.24883793786751 -1.01402996201367 0.486353205730428 0.786164519532517 0.394817893109433 -1
-0.389201958470364 -0.168986568686533 0.709221792981529 -0.572272583712339 0.35369333236666 1.51579382303318 -1.24883793786751 -1.01402996201367 0.486353205730428 0.786164519532517 1
1.42293191167856 -0.389201958470364 -0.168986568686533 0.709221792981529 -0.572272583712339 0.35369333236666 1.51579382303318 -1.24883793786751 -1.01402996201367 0.486353205730428 1
2.08623127849734 1.42293191167856 -0.389201958470364 -0.168986568686533 0.709221792981529 -0.572272583712339 0.35369333236666 1.51579382303318 -1.24883793786751 -1.01402996201367 -1
-0.074798058598268 2.08623127849734 1.42293191167856 -0.389201958470364 -0.168986568686533 0.709221792981529 -0.572272583712339 0.35369333236666 1.51579382303318 -1.24883793786751 -1
-0.84157212664079 -0.074798058598268 2.08623127849734 1.42293191167856 -0.389201958470364 -0.168986568686533 0.709221792981529 -0.572272583712339 0.35369333236666 1.51579382303318 1
0.401450886777631 -0.84157212664079 -0.074798058598268 2.08623127849734 1.42293191167856 -0.389201958470364 -0.168986568686533 0.709221792981529 -0.572272583712339 0.35369333236666 1
0.126844948914644 0.401450886777631 -0.84157212664079 -0.074798058598268 2.08623127849734 1.42293191167856 -0.389201958470364 -0.168986568686533 0.709221792981529 -0.572272583712339 1
0.569928925949598 0.126844948914644 0.401450886777631 -0.84157212664079 -0.074798058598268 2.08623127849734 1.42293191167856 -0.389201958470364 -0.168986568686533 0.709221792981529 -1
-0.244602696503877 0.569928925949598 0.126844948914644 0.401450886777631 -0.84157212664079 -0.074798058598268 2.08623127849734 1.42293191167856 -0.389201958470364 -0.168986568686533 -1
-1.37088502136218 -0.244602696503877 0.569928925949598 0.126844948914644 0.401450886777631 -0.84157212664079 -0.074798058598268 2.08623127849734 1.42293191167856 -0.389201958470364 -1
-0.0363266953227644 -1.37088502136218 -0.244602696503877 0.569928925949598 0.126844948914644 0.401450886777631 -0.84157212664079 -0.074798058598268 2.08623127849734 1.42293191167856 -1
-0.0933704408692073 -0.0363266953227644 -1.37088502136218 -0.244602696503877 0.569928925949598 0.126844948914644 0.401450886777631 -0.84157212664079 -0.074798058598268 2.08623127849734 -1
-1.12944405184012 -0.0933704408692073 -0.0363266953227644 -1.37088502136218 -0.244602696503877 0.569928925949598 0.126844948914644 0.401450886777631 -0.84157212664079 -0.074798058598268 -1
-0.163680173751995 -1.12944405184012 -0.0933704408692073 -0.0363266953227644 -1.37088502136218 -0.244602696503877 0.569928925949598 0.126844948914644 0.401450886777631 -0.84157212664079 1
1.22924849656747 -0.163680173751995 -1.12944405184012 -0.0933704408692073 -0.0363266953227644 -1.37088502136218 -0.244602696503877 0.569928925949598 0.126844948914644 0.401450886777631 -1
-0.0761246573318931 1.22924849656747 -0.163680173751995 -1.12944405184012 -0.0933704408692073 -0.0363266953227644 -1.37088502136218 -0.244602696503877 0.569928925949598 0.126844948914644 1
2.91402888828718 -0.0761246573318931 1.22924849656747 -0.163680173751995 -1.12944405184012 -0.0933704408692073 -0.0363266953227644 -1.37088502136218 -0.244602696503877 0.569928925949598 1
0.98515432957816 2.91402888828718 -0.0761246573318931 1.22924849656747 -0.163680173751995 -1.12944405184012 -0.0933704408692073 -0.0363266953227644 -1.37088502136218 -0.244602696503877 -1
-0.216744123097487 0.98515432957816 2.91402888828718 -0.0761246573318931 1.22924849656747 -0.163680173751995 -1.12944405184012 -0.0933704408692073 -0.0363266953227644 -1.37088502136218 -1
-0.100003434537389 -0.216744123097487 0.98515432957816 2.91402888828718 -0.0761246573318931 1.22924849656747 -0.163680173751995 -1.12944405184012 -0.0933704408692073 -0.0363266953227644 1
0.320528364025731 -0.100003434537389 -0.216744123097487 0.98515432957816 2.91402888828718 -0.0761246573318931 1.22924849656747 -0.163680173751995 -1.12944405184012 -0.0933704408692073 -1
-1.44650114917951 0.320528364025731 -0.100003434537389 -0.216744123097487 0.98515432957816 2.91402888828718 -0.0761246573318931 1.22924849656747 -0.163680173751995 -1.12944405184012 -1
-0.541760812838698 -1.44650114917951 0.320528364025731 -0.100003434537389 -0.216744123097487 0.98515432957816 2.91402888828718 -0.0761246573318931 1.22924849656747 -0.163680173751995 -1
-0.301646442050282 -0.541760812838698 -1.44650114917951 0.320528364025731 -0.100003434537389 -0.216744123097487 0.98515432957816 2.91402888828718 -0.0761246573318931 1.22924849656747 1
0.865760443550776 -0.301646442050282 -0.541760812838698 -1.44650114917951 0.320528364025731 -0.100003434537389 -0.216744123097487 0.98515432957816 2.91402888828718 -0.0761246573318931 -1
-1.06576731262553 0.865760443550776 -0.301646442050282 -0.541760812838698 -1.44650114917951 0.320528364025731 -0.100003434537389 -0.216744123097487 0.98515432957816 2.91402888828718 -1
-0.0933704408691885 -1.06576731262553 0.865760443550776 -0.301646442050282 -0.541760812838698 -1.44650114917951 0.320528364025731 -0.100003434537389 -0.216744123097487 0.98515432957816 1
0.821982685340734 -0.0933704408691885 -1.06576731262553 0.865760443550776 -0.301646442050282 -0.541760812838698 -1.44650114917951 0.320528364025731 -0.100003434537389 -0.216744123097487 1
1.53303960657047 0.821982685340734 -0.0933704408691885 -1.06576731262553 0.865760443550776 -0.301646442050282 -0.541760812838698 -1.44650114917951 0.320528364025731 -0.100003434537389 -1
-0.898615872187213 1.53303960657047 0.821982685340734 -0.0933704408691885 -1.06576731262553 0.865760443550776 -0.301646442050282 -0.541760812838698 -1.44650114917951 0.320528364025731 1
0.901578609358991 -0.898615872187213 1.53303960657047 0.821982685340734 -0.0933704408691885 -1.06576731262553 0.865760443550776 -0.301646442050282 -0.541760812838698 -1.44650114917951 -1
-0.170313167420158 0.901578609358991 -0.898615872187213 1.53303960657047 0.821982685340734 -0.0933704408691885 -1.06576731262553 0.865760443550776 -0.301646442050282 -0.541760812838698 -1
-1.7953966161262 -0.170313167420158 0.901578609358991 -0.898615872187213 1.53303960657047 0.821982685340734 -0.0933704408691885 -1.06576731262553 0.865760443550776 -0.301646442050282 1
0.179908898260137 -1.7953966161262 -0.170313167420158 0.901578609358991 -0.898615872187213 1.53303960657047 0.821982685340734 -0.0933704408691885 -1.06576731262553 0.865760443550776 1
2.52268226186411 0.179908898260137 -1.7953966161262 -0.170313167420158 0.901578609358991 -0.898615872187213 1.53303960657047 0.821982685340734 -0.0933704408691885 -1.06576731262553 1
0.453188237389481 2.52268226186411 0.179908898260137 -1.7953966161262 -0.170313167420158 0.901578609358991 -0.898615872187213 1.53303960657047 0.821982685340734 -0.0933704408691885 1
0.174602503325599 0.453188237389481 2.52268226186411 0.179908898260137 -1.7953966161262 -0.170313167420158 0.901578609358991 -0.898615872187213 1.53303960657047 0.821982685340734 1
0.739733563855207 0.174602503325599 0.453188237389481 2.52268226186411 0.179908898260137 -1.7953966161262 -0.170313167420158 0.901578609358991 -0.898615872187213 1.53303960657047 1
0.918824392896268 0.739733563855207 0.174602503325599 0.453188237389481 2.52268226186411 0.179908898260137 -1.7953966161262 -0.170313167420158 0.901578609358991 -0.898615872187213 1
0.214400465334727 0.918824392896268 0.739733563855207 0.174602503325599 0.453188237389481 2.52268226186411 0.179908898260137 -1.7953966161262 -0.170313167420158 0.901578609358991 -1
-0.432979716680407 0.214400465334727 0.918824392896268 0.739733563855207 0.174602503325599 0.453188237389481 2.52268226186411 0.179908898260137 -1.7953966161262 -0.170313167420158 1
0.796777309401612 -0.432979716680407 0.214400465334727 0.918824392896268 0.739733563855207 0.174602503325599 0.453188237389481 2.52268226186411 0.179908898260137 -1.7953966161262 1
0.702588799313365 0.796777309401612 -0.432979716680407 0.214400465334727 0.918824392896268 0.739733563855207 0.174602503325599 0.453188237389481 2.52268226186411 0.179908898260137 -1
-0.178272759822003 0.702588799313365 0.796777309401612 -0.432979716680407 0.214400465334727 0.918824392896268 0.739733563855207 0.174602503325599 0.453188237389481 2.52268226186411 -1
-0.0164277143182189 -0.178272759822003 0.702588799313365 0.796777309401612 -0.432979716680407 0.214400465334727 0.918824392896268 0.739733563855207 0.174602503325599 0.453188237389481 1
0.401450886777631 -0.0164277143182189 -0.178272759822003 0.702588799313365 0.796777309401612 -0.432979716680407 0.214400465334727 0.918824392896268 0.739733563855207 0.174602503325599 1
0.871066838485332 0.401450886777631 -0.0164277143182189 -0.178272759822003 0.702588799313365 0.796777309401612 -0.432979716680407 0.214400465334727 0.918824392896268 0.739733563855207 1
1.01699269918545 0.871066838485332 0.401450886777631 -0.0164277143182189 -0.178272759822003 0.702588799313365 0.796777309401612 -0.432979716680407 0.214400465334727 0.918824392896268 -1
-0.759323005155244 1.01699269918545 0.871066838485332 0.401450886777631 -0.0164277143182189 -0.178272759822003 0.702588799313365 0.796777309401612 -0.432979716680407 0.214400465334727 1
2.20429856579109 -0.759323005155244 1.01699269918545 0.871066838485332 0.401450886777631 -0.0164277143182189 -0.178272759822003 0.702588799313365 0.796777309401612 -0.432979716680407 -1
-0.269808072442999 2.20429856579109 -0.759323005155244 1.01699269918545 0.871066838485332 0.401450886777631 -0.0164277143182189 -0.178272759822003 0.702588799313365 0.796777309401612 -1
-0.980864993672719 -0.269808072442999 2.20429856579109 -0.759323005155244 1.01699269918545 0.871066838485332 0.401450886777631 -0.0164277143182189 -0.178272759822003 0.702588799313365 -1
-0.670440890001535 -0.980864993672719 -0.269808072442999 2.20429856579109 -0.759323005155244 1.01699269918545 0.871066838485332 0.401450886777631 -0.0164277143182189 -0.178272759822003 1
2.11011005570282 -0.670440890001535 -0.980864993672719 -0.269808072442999 2.20429856579109 -0.759323005155244 1.01699269918545 0.871066838485332 0.401450886777631 -0.0164277143182189 -1
-0.649215310263347 2.11011005570282 -0.670440890001535 -0.980864993672719 -0.269808072442999 2.20429856579109 -0.759323005155244 1.01699269918545 0.871066838485332 0.401450886777631 1
0.392164695642163 -0.649215310263347 2.11011005570282 -0.670440890001535 -0.980864993672719 -0.269808072442999 2.20429856579109 -0.759323005155244 1.01699269918545 0.871066838485332 1
1.37384775853396 0.392164695642163 -0.649215310263347 2.11011005570282 -0.670440890001535 -0.980864993672719 -0.269808072442999 2.20429856579109 -0.759323005155244 1.01699269918545 1
1.28496564338025 1.37384775853396 0.392164695642163 -0.649215310263347 2.11011005570282 -0.670440890001535 -0.980864993672719 -0.269808072442999 2.20429856579109 -0.759323005155244 1
0.244912236208386 1.28496564338025 1.37384775853396 0.392164695642163 -0.649215310263347 2.11011005570282 -0.670440890001535 -0.980864993672719 -0.269808072442999 2.20429856579109 -1
-0.545740609039593 0.244912236208386 1.28496564338025 1.37384775853396 0.392164695642163 -0.649215310263347 2.11011005570282 -0.670440890001535 -0.980864993672719 -0.269808072442999 1
0.542070352543209 -0.545740609039593 0.244912236208386 1.28496564338025 1.37384775853396 0.392164695642163 -0.649215310263347 2.11011005570282 -0.670440890001535 -0.980864993672719 -1
-1.31384127581576 0.542070352543209 -0.545740609039593 0.244912236208386 1.28496564338025 1.37384775853396 0.392164695642163 -0.649215310263347 2.11011005570282 -0.670440890001535 -1
-1.17852820498474 -1.31384127581576 0.542070352543209 -0.545740609039593 0.244912236208386 1.28496564338025 1.37384775853396 0.392164695642163 -0.649215310263347 2.11011005570282 1
1.35925517246395 -1.17852820498474 -1.31384127581576 0.542070352543209 -0.545740609039593 0.244912236208386 1.28496564338025 1.37384775853396 0.392164695642163 -0.649215310263347 1
0.527477766473201 1.35925517246395 -1.17852820498474 -1.31384127581576 0.542070352543209 -0.545740609039593 0.244912236208386 1.28496564338025 1.37384775853396 0.392164695642163 1
0.756979347392485 0.527477766473201 1.35925517246395 -1.17852820498474 -1.31384127581576 0.542070352543209 -0.545740609039593 0.244912236208386 1.28496564338025 1.37384775853396 -1
-0.260521881307529 0.756979347392485 0.527477766473201 1.35925517246395 -1.17852820498474 -1.31384127581576 0.542070352543209 -0.545740609039593 0.244912236208386 1.28496564338025 1
0.263484618479326 -0.260521881307529 0.756979347392485 0.527477766473201 1.35925517246395 -1.17852820498474 -1.31384127581576 0.542070352543209 -0.545740609039593 0.244912236208386 -1
-2.26501256783389 0.263484618479326 -0.260521881307529 0.756979347392485 0.527477766473201 1.35925517246395 -1.17852820498474 -1.31384127581576 0.542070352543209 -0.545740609039593 -1
-0.4926766596941 -2.26501256783389 0.263484618479326 -0.260521881307529 0.756979347392485 0.527477766473201 1.35925517246395 -1.17852820498474 -1.31384127581576 0.542070352543209 1
0.279403803282959 -0.4926766596941 -2.26501256783389 0.263484618479326 -0.260521881307529 0.756979347392485 0.527477766473201 1.35925517246395 -1.17852820498474 -1.31384127581576 1
0.735753767654294 0.279403803282959 -0.4926766596941 -2.26501256783389 0.263484618479326 -0.260521881307529 0.756979347392485 0.527477766473201 1.35925517246395 -1.17852820498474 1
0.215727064068371 0.735753767654294 0.279403803282959 -0.4926766596941 -2.26501256783389 0.263484618479326 -0.260521881307529 0.756979347392485 0.527477766473201 1.35925517246395 -1
-0.642582316595146 0.215727064068371 0.735753767654294 0.279403803282959 -0.4926766596941 -2.26501256783389 0.263484618479326 -0.260521881307529 0.756979347392485 0.527477766473201 1
0.84851466001348 -0.642582316595146 0.215727064068371 0.735753767654294 0.279403803282959 -0.4926766596941 -2.26501256783389 0.263484618479326 -0.260521881307529 0.756979347392485 1
0.297976185553898 0.84851466001348 -0.642582316595146 0.215727064068371 0.735753767654294 0.279403803282959 -0.4926766596941 -2.26501256783389 0.263484618479326 -0.260521881307529 1
0.104292770442792 0.297976185553898 0.84851466001348 -0.642582316595146 0.215727064068371 0.735753767654294 0.279403803282959 -0.4926766596941 -2.26501256783389 0.263484618479326 -1
-1.04984812782186 0.104292770442792 0.297976185553898 0.84851466001348 -0.642582316595146 0.215727064068371 0.735753767654294 0.279403803282959 -0.4926766596941 -2.26501256783389 -1
-0.911881859523576 -1.04984812782186 0.104292770442792 0.297976185553898 0.84851466001348 -0.642582316595146 0.215727064068371 0.735753767654294 0.279403803282959 -0.4926766596941 -1
-1.6786559275661 -0.911881859523576 -1.04984812782186 0.104292770442792 0.297976185553898 0.84851466001348 -0.642582316595146 0.215727064068371 0.735753767654294 0.279403803282959 -1
-0.240622900302965 -1.6786559275661 -0.911881859523576 -1.04984812782186 0.104292770442792 0.297976185553898 0.84851466001348 -0.642582316595146 0.215727064068371 0.735753767654294 1
0.0976597767746293 -0.240622900302965 -1.6786559275661 -0.911881859523576 -1.04984812782186 0.104292770442792 0.297976185553898 0.84851466001348 -0.642582316595146 0.215727064068371 1
0.284710198217514 0.0976597767746293 -0.240622900302965 -1.6786559275661 -0.911881859523576 -1.04984812782186 0.104292770442792 0.297976185553898 0.84851466001348 -0.642582316595146 -1
-0.80177416463166 0.284710198217514 0.0976597767746293 -0.240622900302965 -1.6786559275661 -0.911881859523576 -1.04984812782186 0.104292770442792 0.297976185553898 0.84851466001348 -1
-0.260521881307529 -0.80177416463166 0.284710198217514 0.0976597767746293 -0.240622900302965 -1.6786559275661 -0.911881859523576 -1.04984812782186 0.104292770442792 0.297976185553898 1
0.17194930585833 -0.260521881307529 -0.80177416463166 0.284710198217514 0.0976597767746293 -0.240622900302965 -1.6786559275661 -0.911881859523576 -1.04984812782186 0.104292770442792 -1
-0.0217341092527568 0.17194930585833 -0.260521881307529 -0.80177416463166 0.284710198217514 0.0976597767746293 -0.240622900302965 -1.6786559275661 -0.911881859523576 -1.04984812782186 1
0.731773971453381 -0.0217341092527568 0.17194930585833 -0.260521881307529 -0.80177416463166 0.284710198217514 0.0976597767746293 -0.240622900302965 -1.6786559275661 -0.911881859523576 -1
-0.596151360917834 0.731773971453381 -0.0217341092527568 0.17194930585833 -0.260521881307529 -0.80177416463166 0.284710198217514 0.0976597767746293 -0.240622900302965 -1.6786559275661 -1
-1.78213062878983 -0.596151360917834 0.731773971453381 -0.0217341092527568 0.17194930585833 -0.260521881307529 -0.80177416463166 0.284710198217514 0.0976597767746293 -0.240622900302965 -1
-0.886676483584454 -1.78213062878983 -0.596151360917834 0.731773971453381 -0.0217341092527568 0.17194930585833 -0.260521881307529 -0.80177416463166 0.284710198217514 0.0976597767746293 -1
-1.29924868974575 -0.886676483584454 -1.78213062878983 -0.596151360917834 0.731773971453381 -0.0217341092527568 0.17194930585833 -0.260521881307529 -0.80177416463166 0.284710198217514 -1
-0.0403064915236774 -1.29924868974575 -0.886676483584454 -1.78213062878983 -0.596151360917834 0.731773971453381 -0.0217341092527568 0.17194930585833 -0.260521881307529 -0.80177416463166 -1
-0.0548990775937036 -0.0403064915236774 -1.29924868974575 -0.886676483584454 -1.78213062878983 -0.596151360917834 0.731773971453381 -0.0217341092527568 0.17194930585833 -0.260521881307529 1
0.864433844817131 -0.0548990775937036 -0.0403064915236774 -1.29924868974575 -0.886676483584454 -1.78213062878983 -0.596151360917834 0.731773971453381 -0.0217341092527568 0.17194930585833 -1
-1.29526889354484 0.864433844817131 -0.0548990775937036 -0.0403064915236774 -1.29924868974575 -0.886676483584454 -1.78213062878983 -0.596151360917834 0.731773971453381 -0.0217341092527568 1
1.91907983805902 -1.29526889354484 0.864433844817131 -0.0548990775937036 -0.0403064915236774 -1.29924868974575 -0.886676483584454 -1.78213062878983 -0.596151360917834 0.731773971453381 1
0.319201765292086 1.91907983805902 -1.29526889354484 0.864433844817131 -0.0548990775937036 -0.0403064915236774 -1.29924868974575 -0.886676483584454 -1.78213062878983 -0.596151360917834 1
0.0300032413591105 0.319201765292086 1.91907983805902 -1.29526889354484 0.864433844817131 -0.0548990775937036 -0.0403064915236774 -1.29924868974575 -0.886676483584454 -1.78213062878983 -1
-1.37884461376401 0.0300032413591105 0.319201765292086 1.91907983805902 -1.29526889354484 0.864433844817131 -0.0548990775937036 -0.0403064915236774 -1.29924868974575 -0.886676483584454 1
0.958622354905395 -1.37884461376401 0.0300032413591105 0.319201765292086 1.91907983805902 -1.29526889354484 0.864433844817131 -0.0548990775937036 -0.0403064915236774 -1.29924868974575 1
0.674730225906976 0.958622354905395 -1.37884461376401 0.0300032413591105 0.319201765292086 1.91907983805902 -1.29526889354484 0.864433844817131 -0.0548990775937036 -0.0403064915236774 1
0.422676466515822 0.674730225906976 0.958622354905395 -1.37884461376401 0.0300032413591105 0.319201765292086 1.91907983805902 -1.29526889354484 0.864433844817131 -0.0548990775937036 -1
-1.32445406568485 0.422676466515822 0.674730225906976 0.958622354905395 -1.37884461376401 0.0300032413591105 0.319201765292086 1.91907983805902 -1.29526889354484 0.864433844817131 -1
-0.768609196290731 -1.32445406568485 0.422676466515822 0.674730225906976 0.958622354905395 -1.37884461376401 0.0300032413591105 0.319201765292086 1.91907983805902 -1.29526889354484 1
1.52242681670138 -0.768609196290731 -1.32445406568485 0.422676466515822 0.674730225906976 0.958622354905395 -1.37884461376401 0.0300032413591105 0.319201765292086 1.91907983805902 1
0.603093894290545 1.52242681670138 -0.768609196290731 -1.32445406568485 0.422676466515822 0.674730225906976 0.958622354905395 -1.37884461376401 0.0300032413591105 0.319201765292086 1
1.4109925230758 0.603093894290545 1.52242681670138 -0.768609196290731 -1.32445406568485 0.422676466515822 0.674730225906976 0.958622354905395 -1.37884461376401 0.0300032413591105 -1
-0.931780840528121 1.4109925230758 0.603093894290545 1.52242681670138 -0.768609196290731 -1.32445406568485 0.422676466515822 0.674730225906976 0.958622354905395 -1.37884461376401 -1
-0.707585654543395 -0.931780840528121 1.4109925230758 0.603093894290545 1.52242681670138 -0.768609196290731 -1.32445406568485 0.422676466515822 0.674730225906976 0.958622354905395 -1
-1.09229928729828 -0.707585654543395 -0.931780840528121 1.4109925230758 0.603093894290545 1.52242681670138 -0.768609196290731 -1.32445406568485 0.422676466515822 0.674730225906976 -1
-0.0615320712618854 -1.09229928729828 -0.707585654543395 -0.931780840528121 1.4109925230758 0.603093894290545 1.52242681670138 -0.768609196290731 -1.32445406568485 0.422676466515822 -1
-0.992804382275478 -0.0615320712618854 -1.09229928729828 -0.707585654543395 -0.931780840528121 1.4109925230758 0.603093894290545 1.52242681670138 -0.768609196290731 -1.32445406568485 -1
-0.180925957289271 -0.992804382275478 -0.0615320712618854 -1.09229928729828 -0.707585654543395 -0.931780840528121 1.4109925230758 0.603093894290545 1.52242681670138 -0.768609196290731 1
2.00398215701182 -0.180925957289271 -0.992804382275478 -0.0615320712618854 -1.09229928729828 -0.707585654543395 -0.931780840528121 1.4109925230758 0.603093894290545 1.52242681670138 -1
-0.789834776028922 2.00398215701182 -0.180925957289271 -0.992804382275478 -0.0615320712618854 -1.09229928729828 -0.707585654543395 -0.931780840528121 1.4109925230758 0.603093894290545 1
0.527477766473201 -0.789834776028922 2.00398215701182 -0.180925957289271 -0.992804382275478 -0.0615320712618854 -1.09229928729828 -0.707585654543395 -0.931780840528121 1.4109925230758 1
0.967908546040867 0.527477766473201 -0.789834776028922 2.00398215701182 -0.180925957289271 -0.992804382275478 -0.0615320712618854 -1.09229928729828 -0.707585654543395 -0.931780840528121 -1
-2.07132915272281 0.967908546040867 0.527477766473201 -0.789834776028922 2.00398215701182 -0.180925957289271 -0.992804382275478 -0.0615320712618854 -1.09229928729828 -0.707585654543395 1
1.08995562953552 -2.07132915272281 0.967908546040867 0.527477766473201 -0.789834776028922 2.00398215701182 -0.180925957289271 -0.992804382275478 -0.0615320712618854 -1.09229928729828 1
1.60069614198599 1.08995562953552 -2.07132915272281 0.967908546040867 0.527477766473201 -0.789834776028922 2.00398215701182 -0.180925957289271 -0.992804382275478 -0.0615320712618854 -1
-0.716871845678866 1.60069614198599 1.08995562953552 -2.07132915272281 0.967908546040867 0.527477766473201 -0.789834776028922 2.00398215701182 -0.180925957289271 -0.992804382275478 -1
-0.121229014275579 -0.716871845678866 1.60069614198599 1.08995562953552 -2.07132915272281 0.967908546040867 0.527477766473201 -0.789834776028922 2.00398215701182 -0.180925957289271 -1
-1.51150448712776 -0.121229014275579 -0.716871845678866 1.60069614198599 1.08995562953552 -2.07132915272281 0.967908546040867 0.527477766473201 -0.789834776028922 2.00398215701182 1
0.157356719788322 -1.51150448712776 -0.121229014275579 -0.716871845678866 1.60069614198599 1.08995562953552 -2.07132915272281 0.967908546040867 0.527477766473201 -0.789834776028922 -1
-0.425020124278581 0.157356719788322 -1.51150448712776 -0.121229014275579 -0.716871845678866 1.60069614198599 1.08995562953552 -2.07132915272281 0.967908546040867 0.527477766473201 -1
-0.2207239192984 -0.425020124278581 0.157356719788322 -1.51150448712776 -0.121229014275579 -0.716871845678866 1.60069614198599 1.08995562953552 -2.07132915272281 0.967908546040867 -1
-0.787181578561652 -0.2207239192984 -0.425020124278581 0.157356719788322 -1.51150448712776 -0.121229014275579 -0.716871845678866 1.60069614198599 1.08995562953552 -2.07132915272281 1
0.225013255203822 -0.787181578561652 -0.2207239192984 -0.425020124278581 0.157356719788322 -1.51150448712776 -0.121229014275579 -0.716871845678866 1.60069614198599 1.08995562953552 -1
-0.633296125459675 0.225013255203822 -0.787181578561652 -0.2207239192984 -0.425020124278581 0.157356719788322 -1.51150448712776 -0.121229014275579 -0.716871845678866 1.60069614198599 -1
-0.272461269910269 -0.633296125459675 0.225013255203822 -0.787181578561652 -0.2207239192984 -0.425020124278581 0.157356719788322 -1.51150448712776 -0.121229014275579 -0.716871845678866 1
0.236952643806579 -0.272461269910269 -0.633296125459675 0.225013255203822 -0.787181578561652 -0.2207239192984 -0.425020124278581 0.157356719788322 -1.51150448712776 -0.121229014275579 -1
-0.79912096716439 0.236952643806579 -0.272461269910269 -0.633296125459675 0.225013255203822 -0.787181578561652 -0.2207239192984 -0.425020124278581 0.157356719788322 -1.51150448712776 1
0.46910742219315 -0.79912096716439 0.236952643806579 -0.272461269910269 -0.633296125459675 0.225013255203822 -0.787181578561652 -0.2207239192984 -0.425020124278581 0.157356719788322 1
0.00214466795270155 0.46910742219315 -0.79912096716439 0.236952643806579 -0.272461269910269 -0.633296125459675 0.225013255203822 -0.787181578561652 -0.2207239192984 -0.425020124278581 -1
-0.00448832571546143 0.00214466795270155 0.46910742219315 -0.79912096716439 0.236952643806579 -0.272461269910269 -0.633296125459675 0.225013255203822 -0.787181578561652 -0.2207239192984 1
0.691976009444233 -0.00448832571546143 0.00214466795270155 0.46910742219315 -0.79912096716439 0.236952643806579 -0.272461269910269 -0.633296125459675 0.225013255203822 -0.787181578561652 -1
-0.422366926811293 0.691976009444233 -0.00448832571546143 0.00214466795270155 0.46910742219315 -0.79912096716439 0.236952643806579 -0.272461269910269 -0.633296125459675 0.225013255203822 1
0.656157843636037 -0.422366926811293 0.691976009444233 -0.00448832571546143 0.00214466795270155 0.46910742219315 -0.79912096716439 0.236952643806579 -0.272461269910269 -0.633296125459675 -1
-0.263175078774798 0.656157843636037 -0.422366926811293 0.691976009444233 -0.00448832571546143 0.00214466795270155 0.46910742219315 -0.79912096716439 0.236952643806579 -0.272461269910269 1
0.263484618479307 -0.263175078774798 0.656157843636037 -0.422366926811293 0.691976009444233 -0.00448832571546143 0.00214466795270155 0.46910742219315 -0.79912096716439 0.236952643806579 -1
-0.84820512030897 0.263484618479307 -0.263175078774798 0.656157843636037 -0.422366926811293 0.691976009444233 -0.00448832571546143 0.00214466795270155 0.46910742219315 -0.79912096716439 -1
-0.763302801356157 -0.84820512030897 0.263484618479307 -0.263175078774798 0.656157843636037 -0.422366926811293 0.691976009444233 -0.00448832571546143 0.00214466795270155 0.46910742219315 1
0.507578785468616 -0.763302801356157 -0.84820512030897 0.263484618479307 -0.263175078774798 0.656157843636037 -0.422366926811293 0.691976009444233 -0.00448832571546143 0.00214466795270155 -1
-1.69988150730429 0.507578785468616 -0.763302801356157 -0.84820512030897 0.263484618479307 -0.263175078774798 0.656157843636037 -0.422366926811293 0.691976009444233 -0.00448832571546143 -1
-1.7104942971734 -1.69988150730429 0.507578785468616 -0.763302801356157 -0.84820512030897 0.263484618479307 -0.263175078774798 0.656157843636037 -0.422366926811293 0.691976009444233 -1
-1.07770670122825 -1.7104942971734 -1.69988150730429 0.507578785468616 -0.763302801356157 -0.84820512030897 0.263484618479307 -0.263175078774798 0.656157843636037 -0.422366926811293 1
1.54763219264048 -1.07770670122825 -1.7104942971734 -1.69988150730429 0.507578785468616 -0.763302801356157 -0.84820512030897 0.263484618479307 -0.263175078774798 0.656157843636037 1
0.368285918436687 1.54763219264048 -1.07770670122825 -1.7104942971734 -1.69988150730429 0.507578785468616 -0.763302801356157 -0.84820512030897 0.263484618479307 -0.263175078774798 1
0.226339853937466 0.368285918436687 1.54763219264048 -1.07770670122825 -1.7104942971734 -1.69988150730429 0.507578785468616 -0.763302801356157 -0.84820512030897 0.263484618479307 -1
-1.22097936446114 0.226339853937466 0.368285918436687 1.54763219264048 -1.07770670122825 -1.7104942971734 -1.69988150730429 0.507578785468616 -0.763302801356157 -0.84820512030897 -1
-0.470124481222267 -1.22097936446114 0.226339853937466 0.368285918436687 1.54763219264048 -1.07770670122825 -1.7104942971734 -1.69988150730429 0.507578785468616 -0.763302801356157 -1
-0.976885197471806 -0.470124481222267 -1.22097936446114 0.226339853937466 0.368285918436687 1.54763219264048 -1.07770670122825 -1.7104942971734 -1.69988150730429 0.507578785468616 1
1.52110021796773 -0.976885197471806 -0.470124481222267 -1.22097936446114 0.226339853937466 0.368285918436687 1.54763219264048 -1.07770670122825 -1.7104942971734 -1.69988150730429 1
0.344407141231208 1.52110021796773 -0.976885197471806 -0.470124481222267 -1.22097936446114 0.226339853937466 0.368285918436687 1.54763219264048 -1.07770670122825 -1.7104942971734 1
0.763612341060683 0.344407141231208 1.52110021796773 -0.976885197471806 -0.470124481222267 -1.22097936446114 0.226339853937466 0.368285918436687 1.54763219264048 -1.07770670122825 1
0.881679628354427 0.763612341060683 0.344407141231208 1.52110021796773 -0.976885197471806 -0.470124481222267 -1.22097936446114 0.226339853937466 0.368285918436687 1.54763219264048 1
0.0114308590881712 0.881679628354427 0.763612341060683 0.344407141231208 1.52110021796773 -0.976885197471806 -0.470124481222267 -1.22097936446114 0.226339853937466 0.368285918436687 1
0.226339853937466 0.0114308590881712 0.881679628354427 0.763612341060683 0.344407141231208 1.52110021796773 -0.976885197471806 -0.470124481222267 -1.22097936446114 0.226339853937466 -1
-0.459511691353172 0.226339853937466 0.0114308590881712 0.881679628354427 0.763612341060683 0.344407141231208 1.52110021796773 -0.976885197471806 -0.470124481222267 -1.22097936446114 -1
-0.690339871006099 -0.459511691353172 0.226339853937466 0.0114308590881712 0.881679628354427 0.763612341060683 0.344407141231208 1.52110021796773 -0.976885197471806 -0.470124481222267 1
1.70549744194337 -0.690339871006099 -0.459511691353172 0.226339853937466 0.0114308590881712 0.881679628354427 0.763612341060683 0.344407141231208 1.52110021796773 -0.976885197471806 1
0.759632544859752 1.70549744194337 -0.690339871006099 -0.459511691353172 0.226339853937466 0.0114308590881712 0.881679628354427 0.763612341060683 0.344407141231208 1.52110021796773 -1
-0.240622900302946 0.759632544859752 1.70549744194337 -0.690339871006099 -0.459511691353172 0.226339853937466 0.0114308590881712 0.881679628354427 0.763612341060683 0.344407141231208 1
0.202461076731989 -0.240622900302946 0.759632544859752 1.70549744194337 -0.690339871006099 -0.459511691353172 0.226339853937466 0.0114308590881712 0.881679628354427 0.763612341060683 1
1.74131560775157 0.202461076731989 -0.240622900302946 0.759632544859752 1.70549744194337 -0.690339871006099 -0.459511691353172 0.226339853937466 0.0114308590881712 0.881679628354427 1
0.95066276250357 1.74131560775157 0.202461076731989 -0.240622900302946 0.759632544859752 1.70549744194337 -0.690339871006099 -0.459511691353172 0.226339853937466 0.0114308590881712 1
0.398797689310345 0.95066276250357 1.74131560775157 0.202461076731989 -0.240622900302946 0.759632544859752 1.70549744194337 -0.690339871006099 -0.459511691353172 0.226339853937466 1
0.538090556342296 0.398797689310345 0.95066276250357 1.74131560775157 0.202461076731989 -0.240622900302946 0.759632544859752 1.70549744194337 -0.690339871006099 -0.459511691353172 1
0.170622707124686 0.538090556342296 0.398797689310345 0.95066276250357 1.74131560775157 0.202461076731989 -0.240622900302946 0.759632544859752 1.70549744194337 -0.690339871006099 -1
-0.35338379266215 0.170622707124686 0.538090556342296 0.398797689310345 0.95066276250357 1.74131560775157 0.202461076731989 -0.240622900302946 0.759632544859752 1.70549744194337 1
1.31415081552026 -0.35338379266215 0.170622707124686 0.538090556342296 0.398797689310345 0.95066276250357 1.74131560775157 0.202461076731989 -0.240622900302946 0.759632544859752 -1
-0.178272759821984 1.31415081552026 -0.35338379266215 0.170622707124686 0.538090556342296 0.398797689310345 0.95066276250357 1.74131560775157 0.202461076731989 -0.240622900302946 -1
-0.272461269910269 -0.178272759821984 1.31415081552026 -0.35338379266215 0.170622707124686 0.538090556342296 0.398797689310345 0.95066276250357 1.74131560775157 0.202461076731989 1
1.55824498250958 -0.272461269910269 -0.178272759821984 1.31415081552026 -0.35338379266215 0.170622707124686 0.538090556342296 0.398797689310345 0.95066276250357 1.74131560775157 -1
-0.35603699012942 1.55824498250958 -0.272461269910269 -0.178272759821984 1.31415081552026 -0.35338379266215 0.170622707124686 0.538090556342296 0.398797689310345 0.95066276250357 -1
-0.727484635547959 -0.35603699012942 1.55824498250958 -0.272461269910269 -0.178272759821984 1.31415081552026 -0.35338379266215 0.170622707124686 0.538090556342296 0.398797689310345 -1
-0.516555436899577 -0.727484635547959 -0.35603699012942 1.55824498250958 -0.272461269910269 -0.178272759821984 1.31415081552026 -0.35338379266215 0.170622707124686 0.538090556342296 1
1.05015766752641 -0.516555436899577 -0.727484635547959 -0.35603699012942 1.55824498250958 -0.272461269910269 -0.178272759821984 1.31415081552026 -0.35338379266215 0.170622707124686 -1
-1.3045550846803 1.05015766752641 -0.516555436899577 -0.727484635547959 -0.35603699012942 1.55824498250958 -0.272461269910269 -0.178272759821984 1.31415081552026 -0.35338379266215 -1
-0.438286111614965 -1.3045550846803 1.05015766752641 -0.516555436899577 -0.727484635547959 -0.35603699012942 1.55824498250958 -0.272461269910269 -0.178272759821984 1.31415081552026 -1
-0.735444227949765 -0.438286111614965 -1.3045550846803 1.05015766752641 -0.516555436899577 -0.727484635547959 -0.35603699012942 1.55824498250958 -0.272461269910269 -0.178272759821984 1
1.12312059787647 -0.735444227949765 -0.438286111614965 -1.3045550846803 1.05015766752641 -0.516555436899577 -0.727484635547959 -0.35603699012942 1.55824498250958 -0.272461269910269 -1
-0.666461093800622 1.12312059787647 -0.735444227949765 -0.438286111614965 -1.3045550846803 1.05015766752641 -0.516555436899577 -0.727484635547959 -0.35603699012942 1.55824498250958 -1
-0.976885197471825 -0.666461093800622 1.12312059787647 -0.735444227949765 -0.438286111614965 -1.3045550846803 1.05015766752641 -0.516555436899577 -0.727484635547959 -0.35603699012942 1
1.79437955709708 -0.976885197471825 -0.666461093800622 1.12312059787647 -0.735444227949765 -0.438286111614965 -1.3045550846803 1.05015766752641 -0.516555436899577 -0.727484635547959 -1
-0.216744123097487 1.79437955709708 -0.976885197471825 -0.666461093800622 1.12312059787647 -0.735444227949765 -0.438286111614965 -1.3045550846803 1.05015766752641 -0.516555436899577 -1
-0.070818262397355 -0.216744123097487 1.79437955709708 -0.976885197471825 -0.666461093800622 1.12312059787647 -0.735444227949765 -0.438286111614965 -1.3045550846803 1.05015766752641 1
0.132151343849201 -0.070818262397355 -0.216744123097487 1.79437955709708 -0.976885197471825 -0.666461093800622 1.12312059787647 -0.735444227949765 -0.438286111614965 -1.3045550846803 -1
-0.491350060960457 0.132151343849201 -0.070818262397355 -0.216744123097487 1.79437955709708 -0.976885197471825 -0.666461093800622 1.12312059787647 -0.735444227949765 -0.438286111614965 1
1.11914080167554 -0.491350060960457 0.132151343849201 -0.070818262397355 -0.216744123097487 1.79437955709708 -0.976885197471825 -0.666461093800622 1.12312059787647 -0.735444227949765 -1
-2.53696530822959 1.11914080167554 -0.491350060960457 0.132151343849201 -0.070818262397355 -0.216744123097487 1.79437955709708 -0.976885197471825 -0.666461093800622 1.12312059787647 -1
-0.543087411572323 -2.53696530822959 1.11914080167554 -0.491350060960457 0.132151343849201 -0.070818262397355 -0.216744123097487 1.79437955709708 -0.976885197471825 -0.666461093800622 1
0.293996389352985 -0.543087411572323 -2.53696530822959 1.11914080167554 -0.491350060960457 0.132151343849201 -0.070818262397355 -0.216744123097487 1.79437955709708 -0.976885197471825 1
0.206440872932902 0.293996389352985 -0.543087411572323 -2.53696530822959 1.11914080167554 -0.491350060960457 0.132151343849201 -0.070818262397355 -0.216744123097487 1.79437955709708 -1
-0.334811410391229 0.206440872932902 0.293996389352985 -0.543087411572323 -2.53696530822959 1.11914080167554 -0.491350060960457 0.132151343849201 -0.070818262397355 -0.216744123097487 -1
-0.572272583712357 -0.334811410391229 0.206440872932902 0.293996389352985 -0.543087411572323 -2.53696530822959 1.11914080167554 -0.491350060960457 0.132151343849201 -0.070818262397355 1
0.605747091757815 -0.572272583712357 -0.334811410391229 0.206440872932902 0.293996389352985 -0.543087411572323 -2.53696530822959 1.11914080167554 -0.491350060960457 0.132151343849201 1
0.331141153894827 0.605747091757815 -0.572272583712357 -0.334811410391229 0.206440872932902 0.293996389352985 -0.543087411572323 -2.53696530822959 1.11914080167554 -0.491350060960457 -1
-0.819019948168935 0.331141153894827 0.605747091757815 -0.572272583712357 -0.334811410391229 0.206440872932902 0.293996389352985 -0.543087411572323 -2.53696530822959 1.11914080167554 1
1.08066943840005 -0.819019948168935 0.331141153894827 0.605747091757815 -0.572272583712357 -0.334811410391229 0.206440872932902 0.293996389352985 -0.543087411572323 -2.53696530822959 1
2.21093155945927 1.08066943840005 -0.819019948168935 0.331141153894827 0.605747091757815 -0.572272583712357 -0.334811410391229 0.206440872932902 0.293996389352985 -0.543087411572323 -1
-0.0442862877245901 2.21093155945927 1.08066943840005 -0.819019948168935 0.331141153894827 0.605747091757815 -0.572272583712357 -0.334811410391229 0.206440872932902 0.293996389352985 1
0.723814379051556 -0.0442862877245901 2.21093155945927 1.08066943840005 -0.819019948168935 0.331141153894827 0.605747091757815 -0.572272583712357 -0.334811410391229 0.206440872932902 1
0.855147653681662 0.723814379051556 -0.0442862877245901 2.21093155945927 1.08066943840005 -0.819019948168935 0.331141153894827 0.605747091757815 -0.572272583712357 -0.334811410391229 1
0.234299446339292 0.855147653681662 0.723814379051556 -0.0442862877245901 2.21093155945927 1.08066943840005 -0.819019948168935 0.331141153894827 0.605747091757815 -0.572272583712357 -1
-0.0522458801264346 0.234299446339292 0.855147653681662 0.723814379051556 -0.0442862877245901 2.21093155945927 1.08066943840005 -0.819019948168935 0.331141153894827 0.605747091757815 1
0.898925411891721 -0.0522458801264346 0.234299446339292 0.855147653681662 0.723814379051556 -0.0442862877245901 2.21093155945927 1.08066943840005 -0.819019948168935 0.331141153894827 1
0.230319650138379 0.898925411891721 -0.0522458801264346 0.234299446339292 0.855147653681662 0.723814379051556 -0.0442862877245901 2.21093155945927 1.08066943840005 -0.819019948168935 1
0.591154505687788 0.230319650138379 0.898925411891721 -0.0522458801264346 0.234299446339292 0.855147653681662 0.723814379051556 -0.0442862877245901 2.21093155945927 1.08066943840005 -1
-0.0986768358037263 0.591154505687788 0.230319650138379 0.898925411891721 -0.0522458801264346 0.234299446339292 0.855147653681662 0.723814379051556 -0.0442862877245901 2.21093155945927 1
0.23960584127383 -0.0986768358037263 0.591154505687788 0.230319650138379 0.898925411891721 -0.0522458801264346 0.234299446339292 0.855147653681662 0.723814379051556 -0.0442862877245901 -1
-0.138474797812874 0.23960584127383 -0.0986768358037263 0.591154505687788 0.230319650138379 0.898925411891721 -0.0522458801264346 0.234299446339292 0.855147653681662 0.723814379051556 1
0.0671480059009702 -0.138474797812874 0.23960584127383 -0.0986768358037263 0.591154505687788 0.230319650138379 0.898925411891721 -0.0522458801264346 0.234299446339292 0.855147653681662 1
1.18679733709106 0.0671480059009702 -0.138474797812874 0.23960584127383 -0.0986768358037263 0.591154505687788 0.230319650138379 0.898925411891721 -0.0522458801264346 0.234299446339292 -1
-0.57625237991327 1.18679733709106 0.0671480059009702 -0.138474797812874 0.23960584127383 -0.0986768358037263 0.591154505687788 0.230319650138379 0.898925411891721 -0.0522458801264346 1
0.00877766162090222 -0.57625237991327 1.18679733709106 0.0671480059009702 -0.138474797812874 0.23960584127383 -0.0986768358037263 0.591154505687788 0.230319650138379 0.898925411891721 1
1.16291855988559 0.00877766162090222 -0.57625237991327 1.18679733709106 0.0671480059009702 -0.138474797812874 0.23960584127383 -0.0986768358037263 0.591154505687788 0.230319650138379 -1
-0.244602696503877 1.16291855988559 0.00877766162090222 -0.57625237991327 1.18679733709106 0.0671480059009702 -0.138474797812874 0.23960584127383 -0.0986768358037263 0.591154505687788 -1
-0.738097425417054 -0.244602696503877 1.16291855988559 0.00877766162090222 -0.57625237991327 1.18679733709106 0.0671480059009702 -0.138474797812874 0.23960584127383 -0.0986768358037263 -1
-0.674420686202448 -0.738097425417054 -0.244602696503877 1.16291855988559 0.00877766162090222 -0.57625237991327 1.18679733709106 0.0671480059009702 -0.138474797812874 0.23960584127383 -1
-0.118575816808291 -0.674420686202448 -0.738097425417054 -0.244602696503877 1.16291855988559 0.00877766162090222 -0.57625237991327 1.18679733709106 0.0671480059009702 -0.138474797812874 1
0.149397127386478 -0.118575816808291 -0.674420686202448 -0.738097425417054 -0.244602696503877 1.16291855988559 0.00877766162090222 -0.57625237991327 1.18679733709106 0.0671480059009702 1
0.457168033590393 0.149397127386478 -0.118575816808291 -0.674420686202448 -0.738097425417054 -0.244602696503877 1.16291855988559 0.00877766162090222 -0.57625237991327 1.18679733709106 -1
-0.765955998823424 0.457168033590393 0.149397127386478 -0.118575816808291 -0.674420686202448 -0.738097425417054 -0.244602696503877 1.16291855988559 0.00877766162090222 -0.57625237991327 -1
-0.734117629216141 -0.765955998823424 0.457168033590393 0.149397127386478 -0.118575816808291 -0.674420686202448 -0.738097425417054 -0.244602696503877 1.16291855988559 0.00877766162090222 1
0.44390204625401 -0.734117629216141 -0.765955998823424 0.457168033590393 0.149397127386478 -0.118575816808291 -0.674420686202448 -0.738097425417054 -0.244602696503877 1.16291855988559 -1
-0.474104277423161 0.44390204625401 -0.734117629216141 -0.765955998823424 0.457168033590393 0.149397127386478 -0.118575816808291 -0.674420686202448 -0.738097425417054 -0.244602696503877 -1
-0.175619562354734 -0.474104277423161 0.44390204625401 -0.734117629216141 -0.765955998823424 0.457168033590393 0.149397127386478 -0.118575816808291 -0.674420686202448 -0.738097425417054 -1
-0.157047180083794 -0.175619562354734 -0.474104277423161 0.44390204625401 -0.734117629216141 -0.765955998823424 0.457168033590393 0.149397127386478 -0.118575816808291 -0.674420686202448 -1
-0.0296937016545826 -0.157047180083794 -0.175619562354734 -0.474104277423161 0.44390204625401 -0.734117629216141 -0.765955998823424 0.457168033590393 0.149397127386478 -0.118575816808291 -1
-0.66248129759971 -0.0296937016545826 -0.157047180083794 -0.175619562354734 -0.474104277423161 0.44390204625401 -0.734117629216141 -0.765955998823424 0.457168033590393 0.149397127386478 1
1.02627889032091 -0.66248129759971 -0.0296937016545826 -0.157047180083794 -0.175619562354734 -0.474104277423161 0.44390204625401 -0.734117629216141 -0.765955998823424 0.457168033590393 -1
-1.19444738978837 1.02627889032091 -0.66248129759971 -0.0296937016545826 -0.157047180083794 -0.175619562354734 -0.474104277423161 0.44390204625401 -0.734117629216141 -0.765955998823424 -1
-0.639929119127876 -1.19444738978837 1.02627889032091 -0.66248129759971 -0.0296937016545826 -0.157047180083794 -0.175619562354734 -0.474104277423161 0.44390204625401 -0.734117629216141 1
0.412063676646726 -0.639929119127876 -1.19444738978837 1.02627889032091 -0.66248129759971 -0.0296937016545826 -0.157047180083794 -0.175619562354734 -0.474104277423161 0.44390204625401 -1
-0.428999920479494 0.412063676646726 -0.639929119127876 -1.19444738978837 1.02627889032091 -0.66248129759971 -0.0296937016545826 -0.157047180083794 -0.175619562354734 -0.474104277423161 1
0.676056824640601 -0.428999920479494 0.412063676646726 -0.639929119127876 -1.19444738978837 1.02627889032091 -0.66248129759971 -0.0296937016545826 -0.157047180083794 -0.175619562354734 1
1.16822495482013 0.676056824640601 -0.428999920479494 0.412063676646726 -0.639929119127876 -1.19444738978837 1.02627889032091 -0.66248129759971 -0.0296937016545826 -0.157047180083794 -1
-0.68105367987063 1.16822495482013 0.676056824640601 -0.428999920479494 0.412063676646726 -0.639929119127876 -1.19444738978837 1.02627889032091 -0.66248129759971 -0.0296937016545826 1
1.27037305731024 -0.68105367987063 1.16822495482013 0.676056824640601 -0.428999920479494 0.412063676646726 -0.639929119127876 -1.19444738978837 1.02627889032091 -0.66248129759971 1
0.177255700792868 1.27037305731024 -0.68105367987063 1.16822495482013 0.676056824640601 -0.428999920479494 0.412063676646726 -0.639929119127876 -1.19444738978837 1.02627889032091 1
0.43196265765129 0.177255700792868 1.27037305731024 -0.68105367987063 1.16822495482013 0.676056824640601 -0.428999920479494 0.412063676646726 -0.639929119127876 -1.19444738978837 1
0.252871828610212 0.43196265765129 0.177255700792868 1.27037305731024 -0.68105367987063 1.16822495482013 0.676056824640601 -0.428999920479494 0.412063676646726 -0.639929119127876 1
0.317875166558461 0.252871828610212 0.43196265765129 0.177255700792868 1.27037305731024 -0.68105367987063 1.16822495482013 0.676056824640601 -0.428999920479494 0.412063676646726 -1
-0.292360250914832 0.317875166558461 0.252871828610212 0.43196265765129 0.177255700792868 1.27037305731024 -0.68105367987063 1.16822495482013 0.676056824640601 -0.428999920479494 -1
-0.123882211742866 -0.292360250914832 0.317875166558461 0.252871828610212 0.43196265765129 0.177255700792868 1.27037305731024 -0.68105367987063 1.16822495482013 0.676056824640601 -1
-1.01668315948094 -0.123882211742866 -0.292360250914832 0.317875166558461 0.252871828610212 0.43196265765129 0.177255700792868 1.27037305731024 -0.68105367987063 1.16822495482013 1
0.0273500438918227 -1.01668315948094 -0.123882211742866 -0.292360250914832 0.317875166558461 0.252871828610212 0.43196265765129 0.177255700792868 1.27037305731024 -0.68105367987063 -1
-0.39981474833946 0.0273500438918227 -1.01668315948094 -0.123882211742866 -0.292360250914832 0.317875166558461 0.252871828610212 0.43196265765129 0.177255700792868 1.27037305731024 1
1.1032216168719 -0.39981474833946 0.0273500438918227 -1.01668315948094 -0.123882211742866 -0.292360250914832 0.317875166558461 0.252871828610212 0.43196265765129 0.177255700792868 -1
-2.28358495010483 1.1032216168719 -0.39981474833946 0.0273500438918227 -1.01668315948094 -0.123882211742866 -0.292360250914832 0.317875166558461 0.252871828610212 0.43196265765129 -1
-0.553700201441418 -2.28358495010483 1.1032216168719 -0.39981474833946 0.0273500438918227 -1.01668315948094 -0.123882211742866 -0.292360250914832 0.317875166558461 0.252871828610212 1
0.749019754990656 -0.553700201441418 -2.28358495010483 1.1032216168719 -0.39981474833946 0.0273500438918227 -1.01668315948094 -0.123882211742866 -0.292360250914832 0.317875166558461 1
0.661464238570593 0.749019754990656 -0.553700201441418 -2.28358495010483 1.1032216168719 -0.39981474833946 0.0273500438918227 -1.01668315948094 -0.123882211742866 -0.292360250914832 -1
-0.537781016637786 0.661464238570593 0.749019754990656 -0.553700201441418 -2.28358495010483 1.1032216168719 -0.39981474833946 0.0273500438918227 -1.01668315948094 -0.123882211742866 1
0.102966171709167 -0.537781016637786 0.661464238570593 0.749019754990656 -0.553700201441418 -2.28358495010483 1.1032216168719 -0.39981474833946 0.0273500438918227 -1.01668315948094 1
0.308588975422993 0.102966171709167 -0.537781016637786 0.661464238570593 0.749019754990656 -0.553700201441418 -2.28358495010483 1.1032216168719 -0.39981474833946 0.0273500438918227 1
1.05546406246095 0.308588975422993 0.102966171709167 -0.537781016637786 0.661464238570593 0.749019754990656 -0.553700201441418 -2.28358495010483 1.1032216168719 -0.39981474833946 1
1.00505331058273 1.05546406246095 0.308588975422993 0.102966171709167 -0.537781016637786 0.661464238570593 0.749019754990656 -0.553700201441418 -2.28358495010483 1.1032216168719 1
0.579215117085047 1.00505331058273 1.05546406246095 0.308588975422993 0.102966171709167 -0.537781016637786 0.661464238570593 0.749019754990656 -0.553700201441418 -2.28358495010483 -1
-2.33532230071668 0.579215117085047 1.00505331058273 1.05546406246095 0.308588975422993 0.102966171709167 -0.537781016637786 0.661464238570593 0.749019754990656 -0.553700201441418 -1
-0.750036814019792 -2.33532230071668 0.579215117085047 1.00505331058273 1.05546406246095 0.308588975422993 0.102966171709167 -0.537781016637786 0.661464238570593 0.749019754990656 -1
-0.82963273803803 -0.750036814019792 -2.33532230071668 0.579215117085047 1.00505331058273 1.05546406246095 0.308588975422993 0.102966171709167 -0.537781016637786 0.661464238570593 -1
-0.265828276242086 -0.82963273803803 -0.750036814019792 -2.33532230071668 0.579215117085047 1.00505331058273 1.05546406246095 0.308588975422993 0.102966171709167 -0.537781016637786 -1
-0.734117629216141 -0.265828276242086 -0.82963273803803 -0.750036814019792 -2.33532230071668 0.579215117085047 1.00505331058273 1.05546406246095 0.308588975422993 0.102966171709167 -1
-1.19444738978837 -0.734117629216141 -0.265828276242086 -0.82963273803803 -0.750036814019792 -2.33532230071668 0.579215117085047 1.00505331058273 1.05546406246095 0.308588975422993 -1
-0.386548761003097 -1.19444738978837 -0.734117629216141 -0.265828276242086 -0.82963273803803 -0.750036814019792 -2.33532230071668 0.579215117085047 1.00505331058273 1.05546406246095 1
1.35660197499668 -0.386548761003097 -1.19444738978837 -0.734117629216141 -0.265828276242086 -0.82963273803803 -0.750036814019792 -2.33532230071668 0.579215117085047 1.00505331058273 1
0.393491294375787 1.35660197499668 -0.386548761003097 -1.19444738978837 -0.734117629216141 -0.265828276242086 -0.82963273803803 -0.750036814019792 -2.33532230071668 0.579215117085047 1
0.141437534984671 0.393491294375787 1.35660197499668 -0.386548761003097 -1.19444738978837 -0.734117629216141 -0.265828276242086 -0.82963273803803 -0.750036814019792 -2.33532230071668 -1
-0.938413834196322 0.141437534984671 0.393491294375787 1.35660197499668 -0.386548761003097 -1.19444738978837 -0.734117629216141 -0.265828276242086 -0.82963273803803 -0.750036814019792 1
2.30644666828118 -0.938413834196322 0.141437534984671 0.393491294375787 1.35660197499668 -0.386548761003097 -1.19444738978837 -0.734117629216141 -0.265828276242086 -0.82963273803803 -1
-0.3440976015267 2.30644666828118 -0.938413834196322 0.141437534984671 0.393491294375787 1.35660197499668 -0.386548761003097 -1.19444738978837 -0.734117629216141 -0.265828276242086 1
0.680036620841513 -0.3440976015267 2.30644666828118 -0.938413834196322 0.141437534984671 0.393491294375787 1.35660197499668 -0.386548761003097 -1.19444738978837 -0.734117629216141 1
0.519518174071375 0.680036620841513 -0.3440976015267 2.30644666828118 -0.938413834196322 0.141437534984671 0.393491294375787 1.35660197499668 -0.386548761003097 -1.19444738978837 1
0.378898708305779 0.519518174071375 0.680036620841513 -0.3440976015267 2.30644666828118 -0.938413834196322 0.141437534984671 0.393491294375787 1.35660197499668 -0.386548761003097 -1
-1.63355157062241 0.378898708305779 0.519518174071375 0.680036620841513 -0.3440976015267 2.30644666828118 -0.938413834196322 0.141437534984671 0.393491294375787 1.35660197499668 -1
-0.631969526726051 -1.63355157062241 0.378898708305779 0.519518174071375 0.680036620841513 -0.3440976015267 2.30644666828118 -0.938413834196322 0.141437534984671 0.393491294375787 1
1.53171300783683 -0.631969526726051 -1.63355157062241 0.378898708305779 0.519518174071375 0.680036620841513 -0.3440976015267 2.30644666828118 -0.938413834196322 0.141437534984671 1
0.0180638527563719 1.53171300783683 -0.631969526726051 -1.63355157062241 0.378898708305779 0.519518174071375 0.680036620841513 -0.3440976015267 2.30644666828118 -0.938413834196322 1
2.97770562750179 0.0180638527563719 1.53171300783683 -0.631969526726051 -1.63355157062241 0.378898708305779 0.519518174071375 0.680036620841513 -0.3440976015267 2.30644666828118 1
0.0711278021018641 2.97770562750179 0.0180638527563719 1.53171300783683 -0.631969526726051 -1.63355157062241 0.378898708305779 0.519518174071375 0.680036620841513 -0.3440976015267 1
0.321854962759374 0.0711278021018641 2.97770562750179 0.0180638527563719 1.53171300783683 -0.631969526726051 -1.63355157062241 0.378898708305779 0.519518174071375 0.680036620841513 1
0.654831244902392 0.321854962759374 0.0711278021018641 2.97770562750179 0.0180638527563719 1.53171300783683 -0.631969526726051 -1.63355157062241 0.378898708305779 0.519518174071375 -1
-0.57625237991327 0.654831244902392 0.321854962759374 0.0711278021018641 2.97770562750179 0.0180638527563719 1.53171300783683 -0.631969526726051 -1.63355157062241 0.378898708305779 -1
-0.157047180083794 -0.57625237991327 0.654831244902392 0.321854962759374 0.0711278021018641 2.97770562750179 0.0180638527563719 1.53171300783683 -0.631969526726051 -1.63355157062241 1
1.89652765958717 -0.157047180083794 -0.57625237991327 0.654831244902392 0.321854962759374 0.0711278021018641 2.97770562750179 0.0180638527563719 1.53171300783683 -0.631969526726051 -1
-0.153067383882881 1.89652765958717 -0.157047180083794 -0.57625237991327 0.654831244902392 0.321854962759374 0.0711278021018641 2.97770562750179 0.0180638527563719 1.53171300783683 1
0.21838026153564 -0.153067383882881 1.89652765958717 -0.157047180083794 -0.57625237991327 0.654831244902392 0.321854962759374 0.0711278021018641 2.97770562750179 0.0180638527563719 -1
-0.318892225587578 0.21838026153564 -0.153067383882881 1.89652765958717 -0.157047180083794 -0.57625237991327 0.654831244902392 0.321854962759374 0.0711278021018641 2.97770562750179 1
0.689322811976984 -0.318892225587578 0.21838026153564 -0.153067383882881 1.89652765958717 -0.157047180083794 -0.57625237991327 0.654831244902392 0.321854962759374 0.0711278021018641 1
1.16557175735286 0.689322811976984 -0.318892225587578 0.21838026153564 -0.153067383882881 1.89652765958717 -0.157047180083794 -0.57625237991327 0.654831244902392 0.321854962759374 -1
-0.236643104102052 1.16557175735286 0.689322811976984 -0.318892225587578 0.21838026153564 -0.153067383882881 1.89652765958717 -0.157047180083794 -0.57625237991327 0.654831244902392 1
0.738406965121564 -0.236643104102052 1.16557175735286 0.689322811976984 -0.318892225587578 0.21838026153564 -0.153067383882881 1.89652765958717 -0.157047180083794 -0.57625237991327 1
0.774225130929778 0.738406965121564 -0.236643104102052 1.16557175735286 0.689322811976984 -0.318892225587578 0.21838026153564 -0.153067383882881 1.89652765958717 -0.157047180083794 -1
-0.0734714598646241 0.774225130929778 0.738406965121564 -0.236643104102052 1.16557175735286 0.689322811976984 -0.318892225587578 0.21838026153564 -0.153067383882881 1.89652765958717 -1
-0.382568964802184 -0.0734714598646241 0.774225130929778 0.738406965121564 -0.236643104102052 1.16557175735286 0.689322811976984 -0.318892225587578 0.21838026153564 -0.153067383882881 -1
-0.0376532940564083 -0.382568964802184 -0.0734714598646241 0.774225130929778 0.738406965121564 -0.236643104102052 1.16557175735286 0.689322811976984 -0.318892225587578 0.21838026153564 -1
-0.922494649392671 -0.0376532940564083 -0.382568964802184 -0.0734714598646241 0.774225130929778 0.738406965121564 -0.236643104102052 1.16557175735286 0.689322811976984 -0.318892225587578 1
1.23588149023565 -0.922494649392671 -0.0376532940564083 -0.382568964802184 -0.0734714598646241 0.774225130929778 0.738406965121564 -0.236643104102052 1.16557175735286 0.689322811976984 1
0.575235320884135 1.23588149023565 -0.922494649392671 -0.0376532940564083 -0.382568964802184 -0.0734714598646241 0.774225130929778 0.738406965121564 -0.236643104102052 1.16557175735286 -1
-0.702279259608839 0.575235320884135 1.23588149023565 -0.922494649392671 -0.0376532940564083 -0.382568964802184 -0.0734714598646241 0.774225130929778 0.738406965121564 -0.236643104102052 1
1.11250780800737 -0.702279259608839 0.575235320884135 1.23588149023565 -0.922494649392671 -0.0376532940564083 -0.382568964802184 -0.0734714598646241 0.774225130929778 0.738406965121564 -1
-0.858817910178065 1.11250780800737 -0.702279259608839 0.575235320884135 1.23588149023565 -0.922494649392671 -0.0376532940564083 -0.382568964802184 -0.0734714598646241 0.774225130929778 1
0.264811217212951 -0.858817910178065 1.11250780800737 -0.702279259608839 0.575235320884135 1.23588149023565 -0.922494649392671 -0.0376532940564083 -0.382568964802184 -0.0734714598646241 -1
-1.17056861258291 0.264811217212951 -0.858817910178065 1.11250780800737 -0.702279259608839 0.575235320884135 1.23588149023565 -0.922494649392671 -0.0376532940564083 -0.382568964802184 1
1.06209705612915 -1.17056861258291 0.264811217212951 -0.858817910178065 1.11250780800737 -0.702279259608839 0.575235320884135 1.23588149023565 -0.922494649392671 -0.0376532940564083 -1
-0.0681650649300863 1.06209705612915 -1.17056861258291 0.264811217212951 -0.858817910178065 1.11250780800737 -0.702279259608839 0.575235320884135 1.23588149023565 -0.922494649392671 -1
-0.11857581680831 -0.0681650649300863 1.06209705612915 -1.17056861258291 0.264811217212951 -0.858817910178065 1.11250780800737 -0.702279259608839 0.575235320884135 1.23588149023565 1
0.307262376689366 -0.11857581680831 -0.0681650649300863 1.06209705612915 -1.17056861258291 0.264811217212951 -0.858817910178065 1.11250780800737 -0.702279259608839 0.575235320884135 -1
-0.516555436899577 0.307262376689366 -0.11857581680831 -0.0681650649300863 1.06209705612915 -1.17056861258291 0.264811217212951 -0.858817910178065 1.11250780800737 -0.702279259608839 -1
-0.460838290086796 -0.516555436899577 0.307262376689366 -0.11857581680831 -0.0681650649300863 1.06209705612915 -1.17056861258291 0.264811217212951 -0.858817910178065 1.11250780800737 -1
-1.69192191490248 -0.460838290086796 -0.516555436899577 0.307262376689366 -0.11857581680831 -0.0681650649300863 1.06209705612915 -1.17056861258291 0.264811217212951 -0.858817910178065 1
0.827289080275289 -1.69192191490248 -0.460838290086796 -0.516555436899577 0.307262376689366 -0.11857581680831 -0.0681650649300863 1.06209705612915 -1.17056861258291 0.264811217212951 1
0.0339830375600232 0.827289080275289 -1.69192191490248 -0.460838290086796 -0.516555436899577 0.307262376689366 -0.11857581680831 -0.0681650649300863 1.06209705612915 -1.17056861258291 1
0.475740415861314 0.0339830375600232 0.827289080275289 -1.69192191490248 -0.460838290086796 -0.516555436899577 0.307262376689366 -0.11857581680831 -0.0681650649300863 1.06209705612915 -1
-0.793814572229816 0.475740415861314 0.0339830375600232 0.827289080275289 -1.69192191490248 -0.460838290086796 -0.516555436899577 0.307262376689366 -0.11857581680831 -0.0681650649300863 -1
-0.406447742007661 -0.793814572229816 0.475740415861314 0.0339830375600232 0.827289080275289 -1.69192191490248 -0.460838290086796 -0.516555436899577 0.307262376689366 -0.11857581680831 -1
-0.0283671029209575 -0.406447742007661 -0.793814572229816 0.475740415861314 0.0339830375600232 0.827289080275289 -1.69192191490248 -0.460838290086796 -0.516555436899577 0.307262376689366 -1
0.000818069219076494 -0.0283671029209575 -0.406447742007661 -0.793814572229816 0.475740415861314 0.0339830375600232 0.827289080275289 -1.69192191490248 -0.460838290086796 -0.516555436899577 -1
-1.29394229481119 0.000818069219076494 -0.0283671029209575 -0.406447742007661 -0.793814572229816 0.475740415861314 0.0339830375600232 0.827289080275289 -1.69192191490248 -0.460838290086796 1
0.179908898260156 -1.29394229481119 0.000818069219076494 -0.0283671029209575 -0.406447742007661 -0.793814572229816 0.475740415861314 0.0339830375600232 0.827289080275289 -1.69192191490248 1
3.05199515658549 0.179908898260156 -1.29394229481119 0.000818069219076494 -0.0283671029209575 -0.406447742007661 -0.793814572229816 0.475740415861314 0.0339830375600232 0.827289080275289 1
0.74371336005612 3.05199515658549 0.179908898260156 -1.29394229481119 0.000818069219076494 -0.0283671029209575 -0.406447742007661 -0.793814572229816 0.475740415861314 0.0339830375600232 1
0.849841258747123 0.74371336005612 3.05199515658549 0.179908898260156 -1.29394229481119 0.000818069219076494 -0.0283671029209575 -0.406447742007661 -0.793814572229816 0.475740415861314 1
1.43354470154765 0.849841258747123 0.74371336005612 3.05199515658549 0.179908898260156 -1.29394229481119 0.000818069219076494 -0.0283671029209575 -0.406447742007661 -0.793814572229816 -1
-0.370629576199446 1.43354470154765 0.849841258747123 0.74371336005612 3.05199515658549 0.179908898260156 -1.29394229481119 0.000818069219076494 -0.0283671029209575 -0.406447742007661 1
1.03556508145639 -0.370629576199446 1.43354470154765 0.849841258747123 0.74371336005612 3.05199515658549 0.179908898260156 -1.29394229481119 0.000818069219076494 -0.0283671029209575 1
0.425329663983092 1.03556508145639 -0.370629576199446 1.43354470154765 0.849841258747123 0.74371336005612 3.05199515658549 0.179908898260156 -1.29394229481119 0.000818069219076494 -1
-0.768609196290712 0.425329663983092 1.03556508145639 -0.370629576199446 1.43354470154765 0.849841258747123 0.74371336005612 3.05199515658549 0.179908898260156 -1.29394229481119 -1
-0.742077221617967 -0.768609196290712 0.425329663983092 1.03556508145639 -0.370629576199446 1.43354470154765 0.849841258747123 0.74371336005612 3.05199515658549 0.179908898260156 -1
-1.40537658843673 -0.742077221617967 -0.768609196290712 0.425329663983092 1.03556508145639 -0.370629576199446 1.43354470154765 0.849841258747123 0.74371336005612 3.05199515658549 1
0.902905208092615 -1.40537658843673 -0.742077221617967 -0.768609196290712 0.425329663983092 1.03556508145639 -0.370629576199446 1.43354470154765 0.849841258747123 0.74371336005612 -1
-1.93601608189177 0.902905208092615 -1.40537658843673 -0.742077221617967 -0.768609196290712 0.425329663983092 1.03556508145639 -0.370629576199446 1.43354470154765 0.849841258747123 -1
-0.927801044327226 -1.93601608189177 0.902905208092615 -1.40537658843673 -0.742077221617967 -0.768609196290712 0.425329663983092 1.03556508145639 -0.370629576199446 1.43354470154765 1
0.133477942582826 -0.927801044327226 -1.93601608189177 0.902905208092615 -1.40537658843673 -0.742077221617967 -0.768609196290712 0.425329663983092 1.03556508145639 -0.370629576199446 -1
-0.291033652181187 0.133477942582826 -0.927801044327226 -1.93601608189177 0.902905208092615 -1.40537658843673 -0.742077221617967 -0.768609196290712 0.425329663983092 1.03556508145639 1
0.717181385383373 -0.291033652181187 0.133477942582826 -0.927801044327226 -1.93601608189177 0.902905208092615 -1.40537658843673 -0.742077221617967 -0.768609196290712 0.425329663983092 1
1.43354470154765 0.717181385383373 -0.291033652181187 0.133477942582826 -0.927801044327226 -1.93601608189177 0.902905208092615 -1.40537658843673 -0.742077221617967 -0.768609196290712 -1
-0.0522458801264346 1.43354470154765 0.717181385383373 -0.291033652181187 0.133477942582826 -0.927801044327226 -1.93601608189177 0.902905208092615 -1.40537658843673 -0.742077221617967 -1
-0.476757474890449 -0.0522458801264346 1.43354470154765 0.717181385383373 -0.291033652181187 0.133477942582826 -0.927801044327226 -1.93601608189177 0.902905208092615 -1.40537658843673 -1
-0.105309829471927 -0.476757474890449 -0.0522458801264346 1.43354470154765 0.717181385383373 -0.291033652181187 0.133477942582826 -0.927801044327226 -1.93601608189177 0.902905208092615 -1
-1.00739696834549 -0.105309829471927 -0.476757474890449 -0.0522458801264346 1.43354470154765 0.717181385383373 -0.291033652181187 0.133477942582826 -0.927801044327226 -1.93601608189177 -1
-1.35231263909124 -1.00739696834549 -0.105309829471927 -0.476757474890449 -0.0522458801264346 1.43354470154765 0.717181385383373 -0.291033652181187 0.133477942582826 -0.927801044327226 -1
-0.344097601526679 -1.35231263909124 -1.00739696834549 -0.105309829471927 -0.476757474890449 -0.0522458801264346 1.43354470154765 0.717181385383373 -0.291033652181187 0.133477942582826 -1
-0.52982142423596 -0.344097601526679 -1.35231263909124 -1.00739696834549 -0.105309829471927 -0.476757474890449 -0.0522458801264346 1.43354470154765 0.717181385383373 -0.291033652181187 1
