113.39 112.96 112.01 112.725 113.26 113.075 112.455 112.255 111.84 111.91 1
113.93 113.39 112.96 112.01 112.725 113.26 113.075 112.455 112.255 111.84 1
113.975 113.93 113.39 112.96 112.01 112.725 113.26 113.075 112.455 112.255 1
114.14 113.975 113.93 113.39 112.96 112.01 112.725 113.26 113.075 112.455 1
114.825 114.14 113.975 113.93 113.39 112.96 112.01 112.725 113.26 113.075 1
114.92 114.825 114.14 113.975 113.93 113.39 112.96 112.01 112.725 113.26 -1
114.615 114.92 114.825 114.14 113.975 113.93 113.39 112.96 112.01 112.725 1
115.35 114.615 114.92 114.825 114.14 113.975 113.93 113.39 112.96 112.01 -1
115.16 115.35 114.615 114.92 114.825 114.14 113.975 113.93 113.39 112.96 -1
113.055 115.16 115.35 114.615 114.92 114.825 114.14 113.975 113.93 113.39 1
113.355 113.055 115.16 115.35 114.615 114.92 114.825 114.14 113.975 113.93 1
114.08 113.355 113.055 115.16 115.35 114.615 114.92 114.825 114.14 113.975 -1
113.72 114.08 113.355 113.055 115.16 115.35 114.615 114.92 114.825 114.14 -1
113.47 113.72 114.08 113.355 113.055 115.16 115.35 114.615 114.92 114.825 -1
112.97 113.47 113.72 114.08 113.355 113.055 115.16 115.35 114.615 114.92 1
114.2 112.97 113.47 113.72 114.08 113.355 113.055 115.16 115.35 114.615 1
114.64 114.2 112.97 113.47 113.72 114.08 113.355 113.055 115.16 115.35 1
114.68 114.64 114.2 112.97 113.47 113.72 114.08 113.355 113.055 115.16 1
115.73 114.68 114.64 114.2 112.97 113.47 113.72 114.08 113.355 113.055 1
115.94 115.73 114.68 114.64 114.2 112.97 113.47 113.72 114.08 113.355 -1
115.11 115.94 115.73 114.68 114.64 114.2 112.97 113.47 113.72 114.08 1
116.02 115.11 115.94 115.73 114.68 114.64 114.2 112.97 113.47 113.72 -1
115.985 116.02 115.11 115.94 115.73 114.68 114.64 114.2 112.97 113.47 1
116.175 115.985 116.02 115.11 115.94 115.73 114.68 114.64 114.2 112.97 -1
114.82 116.175 115.985 116.02 115.11 115.94 115.73 114.68 114.64 114.2 -1
114.425 114.82 116.175 115.985 116.02 115.11 115.94 115.73 114.68 114.64 1
114.58 114.425 114.82 116.175 115.985 116.02 115.11 115.94 115.73 114.68 -1
114.54 114.58 114.425 114.82 116.175 115.985 116.02 115.11 115.94 115.73 1
114.915 114.54 114.58 114.425 114.82 116.175 115.985 116.02 115.11 115.94 -1
114.87 114.915 114.54 114.58 114.425 114.82 116.175 115.985 116.02 115.11 1
115.7 114.87 114.915 114.54 114.58 114.425 114.82 116.175 115.985 116.02 1
116.05 115.7 114.87 114.915 114.54 114.58 114.425 114.82 116.175 115.985 -1
115.295 116.05 115.7 114.87 114.915 114.54 114.58 114.425 114.82 116.175 1
115.815 115.295 116.05 115.7 114.87 114.915 114.54 114.58 114.425 114.82 1
116.215 115.815 115.295 116.05 115.7 114.87 114.915 114.54 114.58 114.425 1
116.46 116.215 115.815 115.295 116.05 115.7 114.87 114.915 114.54 114.58 -1
114.825 116.46 116.215 115.815 115.295 116.05 115.7 114.87 114.915 114.54 -1
114.4 114.825 116.46 116.215 115.815 115.295 116.05 115.7 114.87 114.915 -1
112.675 114.4 114.825 116.46 116.215 115.815 115.295 116.05 115.7 114.87 -1
112.52 112.675 114.4 114.825 116.46 116.215 115.815 115.295 116.05 115.7 -1
111.2 112.52 112.675 114.4 114.825 116.46 116.215 115.815 115.295 116.05 1
111.67 111.2 112.52 112.675 114.4 114.825 116.46 116.215 115.815 115.295 1
112.945 111.67 111.2 112.52 112.675 114.4 114.825 116.46 116.215 115.815 -1
112.36 112.945 111.67 111.2 112.52 112.675 114.4 114.825 116.46 116.215 -1
112.27 112.36 112.945 111.67 111.2 112.52 112.675 114.4 114.825 116.46 -1
110.03 112.27 112.36 112.945 111.67 111.2 112.52 112.675 114.4 114.825 -1
109.915 110.03 112.27 112.36 112.945 111.67 111.2 112.52 112.675 114.4 -1
109.745 109.915 110.03 112.27 112.36 112.945 111.67 111.2 112.52 112.675 1
110.355 109.745 109.915 110.03 112.27 112.36 112.945 111.67 111.2 112.52 1
111.57 110.355 109.745 109.915 110.03 112.27 112.36 112.945 111.67 111.2 1
112.59 111.57 110.355 109.745 109.915 110.03 112.27 112.36 112.945 111.67 -1
112.435 112.59 111.57 110.355 109.745 109.915 110.03 112.27 112.36 112.945 1
112.745 112.435 112.59 111.57 110.355 109.745 109.915 110.03 112.27 112.36 1
113.61 112.745 112.435 112.59 111.57 110.355 109.745 109.915 110.03 112.27 1
114.36 113.61 112.745 112.435 112.59 111.57 110.355 109.745 109.915 110.03 1
114.565 114.36 113.61 112.745 112.435 112.59 111.57 110.355 109.745 109.915 1
114.745 114.565 114.36 113.61 112.745 112.435 112.59 111.57 110.355 109.745 -1
114.29 114.745 114.565 114.36 113.61 112.745 112.435 112.59 111.57 110.355 1
114.695 114.29 114.745 114.565 114.36 113.61 112.745 112.435 112.59 111.57 -1
114.275 114.695 114.29 114.745 114.565 114.36 113.61 112.745 112.435 112.59 -1
113.545 114.275 114.695 114.29 114.745 114.565 114.36 113.61 112.745 112.435 -1
113.12 113.545 114.275 114.695 114.29 114.745 114.565 114.36 113.61 112.745 1
113.695 113.12 113.545 114.275 114.695 114.29 114.745 114.565 114.36 113.61 1
113.725 113.695 113.12 113.545 114.275 114.695 114.29 114.745 114.565 114.36 -1
113.675 113.725 113.695 113.12 113.545 114.275 114.695 114.29 114.745 114.565 -1
112.6 113.675 113.725 113.695 113.12 113.545 114.275 114.695 114.29 114.745 1
113.99 112.6 113.675 113.725 113.695 113.12 113.545 114.275 114.695 114.29 -1
113.94 113.99 112.6 113.675 113.725 113.695 113.12 113.545 114.275 114.695 1
114.365 113.94 113.99 112.6 113.675 113.725 113.695 113.12 113.545 114.275 1
114.815 114.365 113.94 113.99 112.6 113.675 113.725 113.695 113.12 113.545 -1
113.075 114.815 114.365 113.94 113.99 112.6 113.675 113.725 113.695 113.12 -1
112.545 113.075 114.815 114.365 113.94 113.99 112.6 113.675 113.725 113.695 -1
111.86 112.545 113.075 114.815 114.365 113.94 113.99 112.6 113.675 113.725 1
112 111.86 112.545 113.075 114.815 114.365 113.94 113.99 112.6 113.675 -1
111.945 112 111.86 112.545 113.075 114.815 114.365 113.94 113.99 112.6 1
112.68 111.945 112 111.86 112.545 113.075 114.815 114.365 113.94 113.99 -1
111.52 112.68 111.945 112 111.86 112.545 113.075 114.815 114.365 113.94 -1
111.47 111.52 112.68 111.945 112 111.86 112.545 113.075 114.815 114.365 -1
108.77 111.47 111.52 112.68 111.945 112 111.86 112.545 113.075 114.815 1
109.815 108.77 111.47 111.52 112.68 111.945 112 111.86 112.545 113.075 -1
108.445 109.815 108.77 111.47 111.52 112.68 111.945 112 111.86 112.545 1
110.68 108.445 109.815 108.77 111.47 111.52 112.68 111.945 112 111.86 -1
109.795 110.68 108.445 109.815 108.77 111.47 111.52 112.68 111.945 112 -1
109.365 109.795 110.68 108.445 109.815 108.77 111.47 111.52 112.68 111.945 1
109.725 109.365 109.795 110.68 108.445 109.815 108.77 111.47 111.52 112.68 1
110.95 109.725 109.365 109.795 110.68 108.445 109.815 108.77 111.47 111.52 -1
109.595 110.95 109.725 109.365 109.795 110.68 108.445 109.815 108.77 111.47 1
110.31 109.595 110.95 109.725 109.365 109.795 110.68 108.445 109.815 108.77 -1
109.925 110.31 109.595 110.95 109.725 109.365 109.795 110.68 108.445 109.815 1
110.375 109.925 110.31 109.595 110.95 109.725 109.365 109.795 110.68 108.445 1
111.945 110.375 109.925 110.31 109.595 110.95 109.725 109.365 109.795 110.68 1
112.55 111.945 110.375 109.925 110.31 109.595 110.95 109.725 109.365 109.795 -1
112.55 112.55 111.945 110.375 109.925 110.31 109.595 110.95 109.725 109.365 -1
112.285 112.55 112.55 111.945 110.375 109.925 110.31 109.595 110.95 109.725 1
112.54 112.285 112.55 112.55 111.945 110.375 109.925 110.31 109.595 110.95 1
112.985 112.54 112.285 112.55 112.55 111.945 110.375 109.925 110.31 109.595 1
113.035 112.985 112.54 112.285 112.55 112.55 111.945 110.375 109.925 110.31 1
113.965 113.035 112.985 112.54 112.285 112.55 112.55 111.945 110.375 109.925 1
114.405 113.965 113.035 112.985 112.54 112.285 112.55 112.55 111.945 110.375 -1
114.235 114.405 113.965 113.035 112.985 112.54 112.285 112.55 112.55 111.945 -1
114.155 114.235 114.405 113.965 113.035 112.985 112.54 112.285 112.55 112.55 -1
113.305 114.155 114.235 114.405 113.965 113.035 112.985 112.54 112.285 112.55 1
114.185 113.305 114.155 114.235 114.405 113.965 113.035 112.985 112.54 112.285 -1
113.955 114.185 113.305 114.155 114.235 114.405 113.965 113.035 112.985 112.54 -1
113.71 113.955 114.185 113.305 114.155 114.235 114.405 113.965 113.035 112.985 1
113.99 113.71 113.955 114.185 113.305 114.155 114.235 114.405 113.965 113.035 -1
113.945 113.99 113.71 113.955 114.185 113.305 114.155 114.235 114.405 113.965 -1
112.865 113.945 113.99 113.71 113.955 114.185 113.305 114.155 114.235 114.405 1
113.775 112.865 113.945 113.99 113.71 113.955 114.185 113.305 114.155 114.235 1
114.75 113.775 112.865 113.945 113.99 113.71 113.955 114.185 113.305 114.155 -1
114.545 114.75 113.775 112.865 113.945 113.99 113.71 113.955 114.185 113.305 -1
114.445 114.545 114.75 113.775 112.865 113.945 113.99 113.71 113.955 114.185 -1
114.015 114.445 114.545 114.75 113.775 112.865 113.945 113.99 113.71 113.955 -1
113.775 114.015 114.445 114.545 114.75 113.775 112.865 113.945 113.99 113.71 -1
113.055 113.775 114.015 114.445 114.545 114.75 113.775 112.865 113.945 113.99 -1
112.975 113.055 113.775 114.015 114.445 114.545 114.75 113.775 112.865 113.945 -1
111.845 112.975 113.055 113.775 114.015 114.445 114.545 114.75 113.775 112.865 1
111.965 111.845 112.975 113.055 113.775 114.015 114.445 114.545 114.75 113.775 1
112.135 111.965 111.845 112.975 113.055 113.775 114.015 114.445 114.545 114.75 -1
111.675 112.135 111.965 111.845 112.975 113.055 113.775 114.015 114.445 114.545 -1
111.195 111.675 112.135 111.965 111.845 112.975 113.055 113.775 114.015 114.445 1
111.7 111.195 111.675 112.135 111.965 111.845 112.975 113.055 113.775 114.015 1
112.185 111.7 111.195 111.675 112.135 111.965 111.845 112.975 113.055 113.775 -1
111.345 112.185 111.7 111.195 111.675 112.135 111.965 111.845 112.975 113.055 -1
111.115 111.345 112.185 111.7 111.195 111.675 112.135 111.965 111.845 112.975 -1
110.645 111.115 111.345 112.185 111.7 111.195 111.675 112.135 111.965 111.845 1
111.455 110.645 111.115 111.345 112.185 111.7 111.195 111.675 112.135 111.965 -1
109.005 111.455 110.645 111.115 111.345 112.185 111.7 111.195 111.675 112.135 1
109.41 109.005 111.455 110.645 111.115 111.345 112.185 111.7 111.195 111.675 -1
108.735 109.41 109.005 111.455 110.645 111.115 111.345 112.185 111.7 111.195 1
109.185 108.735 109.41 109.005 111.455 110.645 111.115 111.345 112.185 111.7 -1
108.98 109.185 108.735 109.41 109.005 111.455 110.645 111.115 111.345 112.185 1
110.445 108.98 109.185 108.735 109.41 109.005 111.455 110.645 111.115 111.345 1
110.455 110.445 108.98 109.185 108.735 109.41 109.005 111.455 110.645 111.115 1
110.515 110.455 110.445 108.98 109.185 108.735 109.41 109.005 111.455 110.645 1
110.9 110.515 110.455 110.445 108.98 109.185 108.735 109.41 109.005 111.455 -1
109.935 110.9 110.515 110.455 110.445 108.98 109.185 108.735 109.41 109.005 -1
109.555 109.935 110.9 110.515 110.455 110.445 108.98 109.185 108.735 109.41 -1
107.575 109.555 109.935 110.9 110.515 110.455 110.445 108.98 109.185 108.735 -1
107.205 107.575 109.555 109.935 110.9 110.515 110.455 110.445 108.98 109.185 1
107.76 107.205 107.575 109.555 109.935 110.9 110.515 110.455 110.445 108.98 -1
107.625 107.76 107.205 107.575 109.555 109.935 110.9 110.515 110.455 110.445 -1
107.395 107.625 107.76 107.205 107.575 109.555 109.935 110.9 110.515 110.455 -1
107.165 107.395 107.625 107.76 107.205 107.575 109.555 109.935 110.9 110.515 1
108.195 107.165 107.395 107.625 107.76 107.205 107.575 109.555 109.935 110.9 1
108.75 108.195 107.165 107.395 107.625 107.76 107.205 107.575 109.555 109.935 1
109.32 108.75 108.195 107.165 107.395 107.625 107.76 107.205 107.575 109.555 1
109.84 109.32 108.75 108.195 107.165 107.395 107.625 107.76 107.205 107.575 1
109.935 109.84 109.32 108.75 108.195 107.165 107.395 107.625 107.76 107.205 1
110.5 109.935 109.84 109.32 108.75 108.195 107.165 107.395 107.625 107.76 -1
110.065 110.5 109.935 109.84 109.32 108.75 108.195 107.165 107.395 107.625 1
110.195 110.065 110.5 109.935 109.84 109.32 108.75 108.195 107.165 107.395 1
111.005 110.195 110.065 110.5 109.935 109.84 109.32 108.75 108.195 107.165 1
111.305 111.005 110.195 110.065 110.5 109.935 109.84 109.32 108.75 108.195 -1
111.045 111.305 111.005 110.195 110.065 110.5 109.935 109.84 109.32 108.75 -1
110.22 111.045 111.305 111.005 110.195 110.065 110.5 109.935 109.84 109.32 1
111.285 110.22 111.045 111.305 111.005 110.195 110.065 110.5 109.935 109.84 1
111.4 111.285 110.22 111.045 111.305 111.005 110.195 110.065 110.5 109.935 1
112.33 111.4 111.285 110.22 111.045 111.305 111.005 110.195 110.065 110.5 1
112.675 112.33 111.4 111.285 110.22 111.045 111.305 111.005 110.195 110.065 -1
112.625 112.675 112.33 111.4 111.285 110.22 111.045 111.305 111.005 110.195 -1
112.135 112.625 112.675 112.33 111.4 111.285 110.22 111.045 111.305 111.005 1
112.47 112.135 112.625 112.675 112.33 111.4 111.285 110.22 111.045 111.305 1
113.505 112.47 112.135 112.625 112.675 112.33 111.4 111.285 110.22 111.045 -1
113.345 113.505 112.47 112.135 112.625 112.675 112.33 111.4 111.285 110.22 -1
112.88 113.345 113.505 112.47 112.135 112.625 112.675 112.33 111.4 111.285 1
113.16 112.88 113.345 113.505 112.47 112.135 112.625 112.675 112.33 111.4 -1
113.135 113.16 112.88 113.345 113.505 112.47 112.135 112.625 112.675 112.33 -1
112.715 113.135 113.16 112.88 113.345 113.505 112.47 112.135 112.625 112.675 1
112.775 112.715 113.135 113.16 112.88 113.345 113.505 112.47 112.135 112.625 -1
111.765 112.775 112.715 113.135 113.16 112.88 113.345 113.505 112.47 112.135 -1
111.335 111.765 112.775 112.715 113.135 113.16 112.88 113.345 113.505 112.47 1
111.395 111.335 111.765 112.775 112.715 113.135 113.16 112.88 113.345 113.505 -1
110.785 111.395 111.335 111.765 112.775 112.715 113.135 113.16 112.88 113.345 1
111.015 110.785 111.395 111.335 111.765 112.775 112.715 113.135 113.16 112.88 1
111.285 111.015 110.785 111.395 111.335 111.765 112.775 112.715 113.135 113.16 1
111.355 111.285 111.015 110.785 111.395 111.335 111.765 112.775 112.715 113.135 1
113.275 111.355 111.285 111.015 110.785 111.395 111.335 111.765 112.775 112.715 1
114.075 113.275 111.355 111.285 111.015 110.785 111.395 111.335 111.765 112.775 -1
113.9 114.075 113.275 111.355 111.285 111.015 110.785 111.395 111.335 111.765 -1
113.89 113.9 114.075 113.275 111.355 111.285 111.015 110.785 111.395 111.335 -1
113.825 113.89 113.9 114.075 113.275 111.355 111.285 111.015 110.785 111.395 -1
113.075 113.825 113.89 113.9 114.075 113.275 111.355 111.285 111.015 110.785 -1
112.705 113.075 113.825 113.89 113.9 114.075 113.275 111.355 111.285 111.015 -1
112.355 112.705 113.075 113.825 113.89 113.9 114.075 113.275 111.355 111.285 -1
112.195 112.355 112.705 113.075 113.825 113.89 113.9 114.075 113.275 111.355 -1
111.085 112.195 112.355 112.705 113.075 113.825 113.89 113.9 114.075 113.275 -1
110.915 111.085 112.195 112.355 112.705 113.075 113.825 113.89 113.9 114.075 1
111.16 110.915 111.085 112.195 112.355 112.705 113.075 113.825 113.89 113.9 1
111.44 111.16 110.915 111.085 112.195 112.355 112.705 113.075 113.825 113.89 -1
110.255 111.44 111.16 110.915 111.085 112.195 112.355 112.705 113.075 113.825 1
111 110.255 111.44 111.16 110.915 111.085 112.195 112.355 112.705 113.075 -1
110.75 111 110.255 111.44 111.16 110.915 111.085 112.195 112.355 112.705 -1
109.545 110.75 111 110.255 111.44 111.16 110.915 111.085 112.195 112.355 1
110.58 109.545 110.75 111 110.255 111.44 111.16 110.915 111.085 112.195 1
112.335 110.58 109.545 110.75 111 110.255 111.44 111.16 110.915 111.085 1
112.98 112.335 110.58 109.545 110.75 111 110.255 111.44 111.16 110.915 1
113.115 112.98 112.335 110.58 109.545 110.75 111 110.255 111.44 111.16 1
113.635 113.115 112.98 112.335 110.58 109.545 110.75 111 110.255 111.44 1
114.42 113.635 113.115 112.98 112.335 110.58 109.545 110.75 111 110.255 1
114.96 114.42 113.635 113.115 112.98 112.335 110.58 109.545 110.75 111 1
115.345 114.96 114.42 113.635 113.115 112.98 112.335 110.58 109.545 110.75 1
116.675 115.345 114.96 114.42 113.635 113.115 112.98 112.335 110.58 109.545 1
116.88 116.675 115.345 114.96 114.42 113.635 113.115 112.98 112.335 110.58 1
116.885 116.88 116.675 115.345 114.96 114.42 113.635 113.115 112.98 112.335 1
117.16 116.885 116.88 116.675 115.345 114.96 114.42 113.635 113.115 112.98 1
117.395 117.16 116.885 116.88 116.675 115.345 114.96 114.42 113.635 113.115 1
117.985 117.395 117.16 116.885 116.88 116.675 115.345 114.96 114.42 113.635 1
118.46 117.985 117.395 117.16 116.885 116.88 116.675 115.345 114.96 114.42 -1
117.915 118.46 117.985 117.395 117.16 116.885 116.88 116.675 115.345 114.96 1
119.03 117.915 118.46 117.985 117.395 117.16 116.885 116.88 116.675 115.345 -1
118.565 119.03 117.915 118.46 117.985 117.395 117.16 116.885 116.88 116.675 -1
117.46 118.565 119.03 117.915 118.46 117.985 117.395 117.16 116.885 116.88 -1
117.15 117.46 118.565 119.03 117.915 118.46 117.985 117.395 117.16 116.885 1
118.725 117.15 117.46 118.565 119.03 117.915 118.46 117.985 117.395 117.16 -1
117.705 118.725 117.15 117.46 118.565 119.03 117.915 118.46 117.985 117.395 1
117.925 117.705 118.725 117.15 117.46 118.565 119.03 117.915 118.46 117.985 1
118.97 117.925 117.705 118.725 117.15 117.46 118.565 119.03 117.915 118.46 1
119.695 118.97 117.925 117.705 118.725 117.15 117.46 118.565 119.03 117.915 1
119.725 119.695 118.97 117.925 117.705 118.725 117.15 117.46 118.565 119.03 -1
119.08 119.725 119.695 118.97 117.925 117.705 118.725 117.15 117.46 118.565 1
119.415 119.08 119.725 119.695 118.97 117.925 117.705 118.725 117.15 117.46 -1
118.505 119.415 119.08 119.725 119.695 118.97 117.925 117.705 118.725 117.15 -1
118 118.505 119.415 119.08 119.725 119.695 118.97 117.925 117.705 118.725 1
119.025 118 118.505 119.415 119.08 119.725 119.695 118.97 117.925 117.705 1
119.65 119.025 118 118.505 119.415 119.08 119.725 119.695 118.97 117.925 1
120.31 119.65 119.025 118 118.505 119.415 119.08 119.725 119.695 118.97 1
120.485 120.31 119.65 119.025 118 118.505 119.415 119.08 119.725 119.695 1
121.045 120.485 120.31 119.65 119.025 118 118.505 119.415 119.08 119.725 -1
119.325 121.045 120.485 120.31 119.65 119.025 118 118.505 119.415 119.08 1
119.585 119.325 121.045 120.485 120.31 119.65 119.025 118 118.505 119.415 1
119.915 119.585 119.325 121.045 120.485 120.31 119.65 119.025 118 118.505 1
120.825 119.915 119.585 119.325 121.045 120.485 120.31 119.65 119.025 118 1
121.055 120.825 119.915 119.585 119.325 121.045 120.485 120.31 119.65 119.025 -1
120.65 121.055 120.825 119.915 119.585 119.325 121.045 120.485 120.31 119.65 1
121.065 120.65 121.055 120.825 119.915 119.585 119.325 121.045 120.485 120.31 1
121.39 121.065 120.65 121.055 120.825 119.915 119.585 119.325 121.045 120.485 -1
121.335 121.39 121.065 120.65 121.055 120.825 119.915 119.585 119.325 121.045 -1
120.83 121.335 121.39 121.065 120.65 121.055 120.825 119.915 119.585 119.325 -1
119.925 120.83 121.335 121.39 121.065 120.65 121.055 120.825 119.915 119.585 -1
118.83 119.925 120.83 121.335 121.39 121.065 120.65 121.055 120.825 119.915 -1
118.745 118.83 119.925 120.83 121.335 121.39 121.065 120.65 121.055 120.825 1
118.955 118.745 118.83 119.925 120.83 121.335 121.39 121.065 120.65 121.055 1
119.125 118.955 118.745 118.83 119.925 120.83 121.335 121.39 121.065 120.65 -1
118.475 119.125 118.955 118.745 118.83 119.925 120.83 121.335 121.39 121.065 -1
118.27 118.475 119.125 118.955 118.745 118.83 119.925 120.83 121.335 121.39 1
118.36 118.27 118.475 119.125 118.955 118.745 118.83 119.925 120.83 121.335 -1
118.115 118.36 118.27 118.475 119.125 118.955 118.745 118.83 119.925 120.83 1
119.155 118.115 118.36 118.27 118.475 119.125 118.955 118.745 118.83 119.925 -1
119.045 119.155 118.115 118.36 118.27 118.475 119.125 118.955 118.745 118.83 -1
118.015 119.045 119.155 118.115 118.36 118.27 118.475 119.125 118.955 118.745 -1
117.7 118.015 119.045 119.155 118.115 118.36 118.27 118.475 119.125 118.955 -1
117.03 117.7 118.015 119.045 119.155 118.115 118.36 118.27 118.475 119.125 1
117.205 117.03 117.7 118.015 119.045 119.155 118.115 118.36 118.27 118.475 -1
117.17 117.205 117.03 117.7 118.015 119.045 119.155 118.115 118.36 118.27 1
117.655 117.17 117.205 117.03 117.7 118.015 119.045 119.155 118.115 118.36 -1
116.795 117.655 117.17 117.205 117.03 117.7 118.015 119.045 119.155 118.115 1
117.965 116.795 117.655 117.17 117.205 117.03 117.7 118.015 119.045 119.155 1
118.705 117.965 116.795 117.655 117.17 117.205 117.03 117.7 118.015 119.045 1
119.325 118.705 117.965 116.795 117.655 117.17 117.205 117.03 117.7 118.015 -1
118.785 119.325 118.705 117.965 116.795 117.655 117.17 117.205 117.03 117.7 1
119.475 118.785 119.325 118.705 117.965 116.795 117.655 117.17 117.205 117.03 1
120.285 119.475 118.785 119.325 118.705 117.965 116.795 117.655 117.17 117.205 1
120.385 120.285 119.475 118.785 119.325 118.705 117.965 116.795 117.655 117.17 -1
119.685 120.385 120.285 119.475 118.785 119.325 118.705 117.965 116.795 117.655 -1
119.495 119.685 120.385 120.285 119.475 118.785 119.325 118.705 117.965 116.795 1
120.765 119.495 119.685 120.385 120.285 119.475 118.785 119.325 118.705 117.965 -1
120.635 120.765 119.495 119.685 120.385 120.285 119.475 118.785 119.325 118.705 1
121.275 120.635 120.765 119.495 119.685 120.385 120.285 119.475 118.785 119.325 -1
120.865 121.275 120.635 120.765 119.495 119.685 120.385 120.285 119.475 118.785 -1
120.645 120.865 121.275 120.635 120.765 119.495 119.685 120.385 120.285 119.475 -1
120.035 120.645 120.865 121.275 120.635 120.765 119.495 119.685 120.385 120.285 -1
119.915 120.035 120.645 120.865 121.275 120.635 120.765 119.495 119.685 120.385 -1
119.195 119.915 120.035 120.645 120.865 121.275 120.635 120.765 119.495 119.685 1
119.295 119.195 119.915 120.035 120.645 120.865 121.275 120.635 120.765 119.495 1
121.175 119.295 119.195 119.915 120.035 120.645 120.865 121.275 120.635 120.765 -1
120.855 121.175 119.295 119.195 119.915 120.035 120.645 120.865 121.275 120.635 1
121.345 120.855 121.175 119.295 119.195 119.915 120.035 120.645 120.865 121.275 1
121.695 121.345 120.855 121.175 119.295 119.195 119.915 120.035 120.645 120.865 -1
120.865 121.695 121.345 120.855 121.175 119.295 119.195 119.915 120.035 120.645 1
122.285 120.865 121.695 121.345 120.855 121.175 119.295 119.195 119.915 120.035 1
123.055 122.285 120.865 121.695 121.345 120.855 121.175 119.295 119.195 119.915 -1
122.495 123.055 122.285 120.865 121.695 121.345 120.855 121.175 119.295 119.195 -1
121.95 122.495 123.055 122.285 120.865 121.695 121.345 120.855 121.175 119.295 -1
120.835 121.95 122.495 123.055 122.285 120.865 121.695 121.345 120.855 121.175 1
120.88 120.835 121.95 122.495 123.055 122.285 120.865 121.695 121.345 120.855 -1
120.695 120.88 120.835 121.95 122.495 123.055 122.285 120.865 121.695 121.345 1
120.715 120.695 120.88 120.835 121.95 122.495 123.055 122.285 120.865 121.695 -1
119.395 120.715 120.695 120.88 120.835 121.95 122.495 123.055 122.285 120.865 1
119.54 119.395 120.715 120.695 120.88 120.835 121.95 122.495 123.055 122.285 -1
118.74 119.54 119.395 120.715 120.695 120.88 120.835 121.95 122.495 123.055 -1
118.115 118.74 119.54 119.395 120.715 120.695 120.88 120.835 121.95 122.495 1
118.65 118.115 118.74 119.54 119.395 120.715 120.695 120.88 120.835 121.95 -1
117.125 118.65 118.115 118.74 119.54 119.395 120.715 120.695 120.88 120.835 1
117.535 117.125 118.65 118.115 118.74 119.54 119.395 120.715 120.695 120.88 -1
117.535 117.535 117.125 118.65 118.115 118.74 119.54 119.395 120.715 120.695 1
117.66 117.535 117.535 117.125 118.65 118.115 118.74 119.54 119.395 120.715 -1
117.655 117.66 117.535 117.535 117.125 118.65 118.115 118.74 119.54 119.395 1
118.2 117.655 117.66 117.535 117.535 117.125 118.65 118.115 118.74 119.54 1
118.745 118.2 117.655 117.66 117.535 117.535 117.125 118.65 118.115 118.74 1
118.815 118.745 118.2 117.655 117.66 117.535 117.535 117.125 118.65 118.115 -1
118.665 118.815 118.745 118.2 117.655 117.66 117.535 117.535 117.125 118.65 -1
117.955 118.665 118.815 118.745 118.2 117.655 117.66 117.535 117.535 117.125 -1
117.355 117.955 118.665 118.815 118.745 118.2 117.655 117.66 117.535 117.535 1
118.335 117.355 117.955 118.665 118.815 118.745 118.2 117.655 117.66 117.535 -1
116.955 118.335 117.355 117.955 118.665 118.815 118.745 118.2 117.655 117.66 -1
115.605 116.955 118.335 117.355 117.955 118.665 118.815 118.745 118.2 117.655 -1
114.205 115.605 116.955 118.335 117.355 117.955 118.665 118.815 118.745 118.2 1
115.675 114.205 115.605 116.955 118.335 117.355 117.955 118.665 118.815 118.745 1
116.35 115.675 114.205 115.605 116.955 118.335 117.355 117.955 118.665 118.815 -1
116.28 116.35 115.675 114.205 115.605 116.955 118.335 117.355 117.955 118.665 -1
115.375 116.28 116.35 115.675 114.205 115.605 116.955 118.335 117.355 117.955 -1
115.055 115.375 116.28 116.35 115.675 114.205 115.605 116.955 118.335 117.355 -1
114.49 115.055 115.375 116.28 116.35 115.675 114.205 115.605 116.955 118.335 1
115.975 114.49 115.055 115.375 116.28 116.35 115.675 114.205 115.605 116.955 1
116.27 115.975 114.49 115.055 115.375 116.28 116.35 115.675 114.205 115.605 1
116.97 116.27 115.975 114.49 115.055 115.375 116.28 116.35 115.675 114.205 1
117.885 116.97 116.27 115.975 114.49 115.055 115.375 116.28 116.35 115.675 -1
117.42 117.885 116.97 116.27 115.975 114.49 115.055 115.375 116.28 116.35 1
117.615 117.42 117.885 116.97 116.27 115.975 114.49 115.055 115.375 116.28 -1
116.865 117.615 117.42 117.885 116.97 116.27 115.975 114.49 115.055 115.375 -1
116.38 116.865 117.615 117.42 117.885 116.97 116.27 115.975 114.49 115.055 1
117.355 116.38 116.865 117.615 117.42 117.885 116.97 116.27 115.975 114.49 -1
116.49 117.355 116.38 116.865 117.615 117.42 117.885 116.97 116.27 115.975 -1
116.2 116.49 117.355 116.38 116.865 117.615 117.42 117.885 116.97 116.27 1
116.595 116.2 116.49 117.355 116.38 116.865 117.615 117.42 117.885 116.97 1
118.495 116.595 116.2 116.49 117.355 116.38 116.865 117.615 117.42 117.885 1
119.035 118.495 116.595 116.2 116.49 117.355 116.38 116.865 117.615 117.42 -1
118.965 119.035 118.495 116.595 116.2 116.49 117.355 116.38 116.865 117.615 1
119.505 118.965 119.035 118.495 116.595 116.2 116.49 117.355 116.38 116.865 -1
119.27 119.505 118.965 119.035 118.495 116.595 116.2 116.49 117.355 116.38 -1
119.03 119.27 119.505 118.965 119.035 118.495 116.595 116.2 116.49 117.355 1
119.965 119.03 119.27 119.505 118.965 119.035 118.495 116.595 116.2 116.49 1
119.985 119.965 119.03 119.27 119.505 118.965 119.035 118.495 116.595 116.2 -1
119.635 119.985 119.965 119.03 119.27 119.505 118.965 119.035 118.495 116.595 1
120.825 119.635 119.985 119.965 119.03 119.27 119.505 118.965 119.035 118.495 -1
120.475 120.825 119.635 119.985 119.965 119.03 119.27 119.505 118.965 119.035 -1
119.96 120.475 120.825 119.635 119.985 119.965 119.03 119.27 119.505 118.965 -1
119.665 119.96 120.475 120.825 119.635 119.985 119.965 119.03 119.27 119.505 1
121.205 119.665 119.96 120.475 120.825 119.635 119.985 119.965 119.03 119.27 -1
120.51 121.205 119.665 119.96 120.475 120.825 119.635 119.985 119.965 119.03 -1
120.165 120.51 121.205 119.665 119.96 120.475 120.825 119.635 119.985 119.965 -1
119.945 120.165 120.51 121.205 119.665 119.96 120.475 120.825 119.635 119.985 1
120.855 119.945 120.165 120.51 121.205 119.665 119.96 120.475 120.825 119.635 -1
120.735 120.855 119.945 120.165 120.51 121.205 119.665 119.96 120.475 120.825 -1
120.295 120.735 120.855 119.945 120.165 120.51 121.205 119.665 119.96 120.475 1
121.46 120.295 120.735 120.855 119.945 120.165 120.51 121.205 119.665 119.96 -1
121.345 121.46 120.295 120.735 120.855 119.945 120.165 120.51 121.205 119.665 -1
121.28 121.345 121.46 120.295 120.735 120.855 119.945 120.165 120.51 121.205 1
121.345 121.28 121.345 121.46 120.295 120.735 120.855 119.945 120.165 120.51 -1
121.185 121.345 121.28 121.345 121.46 120.295 120.735 120.855 119.945 120.165 1
121.415 121.185 121.345 121.28 121.345 121.46 120.295 120.735 120.855 119.945 -1
119.65 121.415 121.185 121.345 121.28 121.345 121.46 120.295 120.735 120.855 -1
119.215 119.65 121.415 121.185 121.345 121.28 121.345 121.46 120.295 120.735 1
119.865 119.215 119.65 121.415 121.185 121.345 121.28 121.345 121.46 120.295 1
120.21 119.865 119.215 119.65 121.415 121.185 121.345 121.28 121.345 121.46 -1
119.975 120.21 119.865 119.215 119.65 121.415 121.185 121.345 121.28 121.345 -1
119.335 119.975 120.21 119.865 119.215 119.65 121.415 121.185 121.345 121.28 1
120.125 119.335 119.975 120.21 119.865 119.215 119.65 121.415 121.185 121.345 1
120.32 120.125 119.335 119.975 120.21 119.865 119.215 119.65 121.415 121.185 -1
119.1 120.32 120.125 119.335 119.975 120.21 119.865 119.215 119.65 121.415 1
120.64 119.1 120.32 120.125 119.335 119.975 120.21 119.865 119.215 119.65 1
121.93 120.64 119.1 120.32 120.125 119.335 119.975 120.21 119.865 119.215 -1
121.755 121.93 120.64 119.1 120.32 120.125 119.335 119.975 120.21 119.865 1
122.235 121.755 121.93 120.64 119.1 120.32 120.125 119.335 119.975 120.21 1
122.66 122.235 121.755 121.93 120.64 119.1 120.32 120.125 119.335 119.975 -1
122.535 122.66 122.235 121.755 121.93 120.64 119.1 120.32 120.125 119.335 -1
122.43 122.535 122.66 122.235 121.755 121.93 120.64 119.1 120.32 120.125 1
122.7 122.43 122.535 122.66 122.235 121.755 121.93 120.64 119.1 120.32 1
122.845 122.7 122.43 122.535 122.66 122.235 121.755 121.93 120.64 119.1 -1
122.74 122.845 122.7 122.43 122.535 122.66 122.235 121.755 121.93 120.64 1
122.87 122.74 122.845 122.7 122.43 122.535 122.66 122.235 121.755 121.93 1
123.605 122.87 122.74 122.845 122.7 122.43 122.535 122.66 122.235 121.755 -1
123.235 123.605 122.87 122.74 122.845 122.7 122.43 122.535 122.66 122.235 -1
123.185 123.235 123.605 122.87 122.74 122.845 122.7 122.43 122.535 122.66 1
124.285 123.185 123.235 123.605 122.87 122.74 122.845 122.7 122.43 122.535 -1
123.935 124.285 123.185 123.235 123.605 122.87 122.74 122.845 122.7 122.43 -1
123.675 123.935 124.285 123.185 123.235 123.605 122.87 122.74 122.845 122.7 1
124.385 123.675 123.935 124.285 123.185 123.235 123.605 122.87 122.74 122.845 1
124.48 124.385 123.675 123.935 124.285 123.185 123.235 123.605 122.87 122.74 -1
123.825 124.48 124.385 123.675 123.935 124.285 123.185 123.235 123.605 122.87 -1
122.695 123.825 124.48 124.385 123.675 123.935 124.285 123.185 123.235 123.605 1
122.915 122.695 123.825 124.48 124.385 123.675 123.935 124.285 123.185 123.235 1
123.265 122.915 122.695 123.825 124.48 124.385 123.675 123.935 124.285 123.185 1
124.265 123.265 122.915 122.695 123.825 124.48 124.385 123.675 123.935 124.285 -1
123.525 124.265 123.265 122.915 122.695 123.825 124.48 124.385 123.675 123.935 -1
122.995 123.525 124.265 123.265 122.915 122.695 123.825 124.48 124.385 123.675 1
123.15 122.995 123.525 124.265 123.265 122.915 122.695 123.825 124.48 124.385 -1
122.775 123.15 122.995 123.525 124.265 123.265 122.915 122.695 123.825 124.48 -1
122.515 122.775 123.15 122.995 123.525 124.265 123.265 122.915 122.695 123.825 1
122.595 122.515 122.775 123.15 122.995 123.525 124.265 123.265 122.915 122.695 1
122.73 122.595 122.515 122.775 123.15 122.995 123.525 124.265 123.265 122.915 -1
121.895 122.73 122.595 122.515 122.775 123.15 122.995 123.525 124.265 123.265 1
122.385 121.895 122.73 122.595 122.515 122.775 123.15 122.995 123.525 124.265 -1
121.48 122.385 121.895 122.73 122.595 122.515 122.775 123.15 122.995 123.525 -1
120.79 121.48 122.385 121.895 122.73 122.595 122.515 122.775 123.15 122.995 1
120.925 120.79 121.48 122.385 121.895 122.73 122.595 122.515 122.775 123.15 -1
120.645 120.925 120.79 121.48 122.385 121.895 122.73 122.595 122.515 122.775 1
121.445 120.645 120.925 120.79 121.48 122.385 121.895 122.73 122.595 122.515 1
122.955 121.445 120.645 120.925 120.79 121.48 122.385 121.895 122.73 122.595 -1
122.18 122.955 121.445 120.645 120.925 120.79 121.48 122.385 121.895 122.73 1
123.215 122.18 122.955 121.445 120.645 120.925 120.79 121.48 122.385 121.895 1
123.725 123.215 122.18 122.955 121.445 120.645 120.925 120.79 121.48 122.385 1
123.805 123.725 123.215 122.18 122.955 121.445 120.645 120.925 120.79 121.48 1
124.445 123.805 123.725 123.215 122.18 122.955 121.445 120.645 120.925 120.79 -1
124.395 124.445 123.805 123.725 123.215 122.18 122.955 121.445 120.645 120.925 -1
123.655 124.395 124.445 123.805 123.725 123.215 122.18 122.955 121.445 120.645 1
123.745 123.655 124.395 124.445 123.805 123.725 123.215 122.18 122.955 121.445 -1
123.22 123.745 123.655 124.395 124.445 123.805 123.725 123.215 122.18 122.955 -1
123.06 123.22 123.745 123.655 124.395 124.445 123.805 123.725 123.215 122.18 -1
122.975 123.06 123.22 123.745 123.655 124.395 124.445 123.805 123.725 123.215 1
123.365 122.975 123.06 123.22 123.745 123.655 124.395 124.445 123.805 123.725 -1
121.305 123.365 122.975 123.06 123.22 123.745 123.655 124.395 124.445 123.805 -1
120.895 121.305 123.365 122.975 123.06 123.22 123.745 123.655 124.395 124.445 1
121.4 120.895 121.305 123.365 122.975 123.06 123.22 123.745 123.655 124.395 1
121.92 121.4 120.895 121.305 123.365 122.975 123.06 123.22 123.745 123.655 -1
121.235 121.92 121.4 120.895 121.305 123.365 122.975 123.06 123.22 123.745 1
121.66 121.235 121.92 121.4 120.895 121.305 123.365 122.975 123.06 123.22 1
121.9 121.66 121.235 121.92 121.4 120.895 121.305 123.365 122.975 123.06 1
122.585 121.9 121.66 121.235 121.92 121.4 120.895 121.305 123.365 122.975 1
122.645 122.585 121.9 121.66 121.235 121.92 121.4 120.895 121.305 123.365 1
122.935 122.645 122.585 121.9 121.66 121.235 121.92 121.4 120.895 121.305 -1
120.425 122.935 122.645 122.585 121.9 121.66 121.235 121.92 121.4 120.895 -1
120.045 120.425 122.935 122.645 122.585 121.9 121.66 121.235 121.92 121.4 -1
119.65 120.045 120.425 122.935 122.645 122.585 121.9 121.66 121.235 121.92 -1
119.115 119.65 120.045 120.425 122.935 122.645 122.585 121.9 121.66 121.235 -1
118.79 119.115 119.65 120.045 120.425 122.935 122.645 122.585 121.9 121.66 -1
117.79 118.79 119.115 119.65 120.045 120.425 122.935 122.645 122.585 121.9 -1
117.02 117.79 118.79 119.115 119.65 120.045 120.425 122.935 122.645 122.585 1
118.295 117.02 117.79 118.79 119.115 119.65 120.045 120.425 122.935 122.645 1
119.07 118.295 117.02 117.79 118.79 119.115 119.65 120.045 120.425 122.935 -1
118.765 119.07 118.295 117.02 117.79 118.79 119.115 119.65 120.045 120.425 -1
117.39 118.765 119.07 118.295 117.02 117.79 118.79 119.115 119.65 120.045 1
119.125 117.39 118.765 119.07 118.295 117.02 117.79 118.79 119.115 119.65 -1
117.755 119.125 117.39 118.765 119.07 118.295 117.02 117.79 118.79 119.115 1
119.095 117.755 119.125 117.39 118.765 119.07 118.295 117.02 117.79 118.79 1
119.48 119.095 117.755 119.125 117.39 118.765 119.07 118.295 117.02 117.79 1
120.075 119.48 119.095 117.755 119.125 117.39 118.765 119.07 118.295 117.02 -1
118.82 120.075 119.48 119.095 117.755 119.125 117.39 118.765 119.07 118.295 1
119.125 118.82 120.075 119.48 119.095 117.755 119.125 117.39 118.765 119.07 1
120.65 119.125 118.82 120.075 119.48 119.095 117.755 119.125 117.39 118.765 -1
120.46 120.65 119.125 118.82 120.075 119.48 119.095 117.755 119.125 117.39 1
122.35 120.46 120.65 119.125 118.82 120.075 119.48 119.095 117.755 119.125 -1
121.83 122.35 120.46 120.65 119.125 118.82 120.075 119.48 119.095 117.755 1
122.115 121.83 122.35 120.46 120.65 119.125 118.82 120.075 119.48 119.095 1
122.325 122.115 121.83 122.35 120.46 120.65 119.125 118.82 120.075 119.48 -1
122.155 122.325 122.115 121.83 122.35 120.46 120.65 119.125 118.82 120.075 -1
122.085 122.155 122.325 122.115 121.83 122.35 120.46 120.65 119.125 118.82 1
123.425 122.085 122.155 122.325 122.115 121.83 122.35 120.46 120.65 119.125 1
123.635 123.425 122.085 122.155 122.325 122.115 121.83 122.35 120.46 120.65 1
123.89 123.635 123.425 122.085 122.155 122.325 122.115 121.83 122.35 120.46 -1
123.355 123.89 123.635 123.425 122.085 122.155 122.325 122.115 121.83 122.35 1
123.845 123.355 123.89 123.635 123.425 122.085 122.155 122.325 122.115 121.83 1
124.555 123.845 123.355 123.89 123.635 123.425 122.085 122.155 122.325 122.115 1
125.23 124.555 123.845 123.355 123.89 123.635 123.425 122.085 122.155 122.325 1
125.685 125.23 124.555 123.845 123.355 123.89 123.635 123.425 122.085 122.155 1
126.885 125.685 125.23 124.555 123.845 123.355 123.89 123.635 123.425 122.085 1
127.055 126.885 125.685 125.23 124.555 123.845 123.355 123.89 123.635 123.425 -1
126.695 127.055 126.885 125.685 125.23 124.555 123.845 123.355 123.89 123.635 -1
126.695 126.695 127.055 126.885 125.685 125.23 124.555 123.845 123.355 123.89 -1
125.995 126.695 126.695 127.055 126.885 125.685 125.23 124.555 123.845 123.355 1
126.525 125.995 126.695 126.695 127.055 126.885 125.685 125.23 124.555 123.845 1
126.86 126.525 125.995 126.695 126.695 127.055 126.885 125.685 125.23 124.555 -1
126.425 126.86 126.525 125.995 126.695 126.695 127.055 126.885 125.685 125.23 1
127.3 126.425 126.86 126.525 125.995 126.695 126.695 127.055 126.885 125.685 -1
126.44 127.3 126.425 126.86 126.525 125.995 126.695 126.695 127.055 126.885 1
126.72 126.44 127.3 126.425 126.86 126.525 125.995 126.695 126.695 127.055 -1
125.945 126.72 126.44 127.3 126.425 126.86 126.525 125.995 126.695 126.695 1
126.515 125.945 126.72 126.44 127.3 126.425 126.86 126.525 125.995 126.695 1
126.675 126.515 125.945 126.72 126.44 127.3 126.425 126.86 126.525 125.995 1
127.38 126.675 126.515 125.945 126.72 126.44 127.3 126.425 126.86 126.525 1
127.565 127.38 126.675 126.515 125.945 126.72 126.44 127.3 126.425 126.86 -1
127.15 127.565 127.38 126.675 126.515 125.945 126.72 126.44 127.3 126.425 -1
126.665 127.15 127.565 127.38 126.675 126.515 125.945 126.72 126.44 127.3 -1
125.76 126.665 127.15 127.565 127.38 126.675 126.515 125.945 126.72 126.44 1
126.595 125.76 126.665 127.15 127.565 127.38 126.675 126.515 125.945 126.72 -1
126.395 126.595 125.76 126.665 127.15 127.565 127.38 126.675 126.515 125.945 1
126.69 126.395 126.595 125.76 126.665 127.15 127.565 127.38 126.675 126.515 -1
126.1 126.69 126.395 126.595 125.76 126.665 127.15 127.565 127.38 126.675 -1
125.735 126.1 126.69 126.395 126.595 125.76 126.665 127.15 127.565 127.38 1
125.775 125.735 126.1 126.69 126.395 126.595 125.76 126.665 127.15 127.565 -1
125.775 125.775 125.735 126.1 126.69 126.395 126.595 125.76 126.665 127.15 -1
124.675 125.775 125.775 125.735 126.1 126.69 126.395 126.595 125.76 126.665 1
124.99 124.675 125.775 125.775 125.735 126.1 126.69 126.395 126.595 125.76 1
127.41 124.99 124.675 125.775 125.775 125.735 126.1 126.69 126.395 126.595 -1
127.365 127.41 124.99 124.675 125.775 125.775 125.735 126.1 126.69 126.395 1
127.89 127.365 127.41 124.99 124.675 125.775 125.775 125.735 126.1 126.69 1
128.675 127.89 127.365 127.41 124.99 124.675 125.775 125.775 125.735 126.1 -1
128.575 128.675 127.89 127.365 127.41 124.99 124.675 125.775 125.775 125.735 1
128.935 128.575 128.675 127.89 127.365 127.41 124.99 124.675 125.775 125.775 1
129.175 128.935 128.575 128.675 127.89 127.365 127.41 124.99 124.675 125.775 -1
128.675 129.175 128.935 128.575 128.675 127.89 127.365 127.41 124.99 124.675 -1
128.13 128.675 129.175 128.935 128.575 128.675 127.89 127.365 127.41 124.99 -1
127.525 128.13 128.675 129.175 128.935 128.575 128.675 127.89 127.365 127.41 1
128.115 127.525 128.13 128.675 129.175 128.935 128.575 128.675 127.89 127.365 -1
126.92 128.115 127.525 128.13 128.675 129.175 128.935 128.575 128.675 127.89 -1
126.735 126.92 128.115 127.525 128.13 128.675 129.175 128.935 128.575 128.675 -1
126.695 126.735 126.92 128.115 127.525 128.13 128.675 129.175 128.935 128.575 -1
126.575 126.695 126.735 126.92 128.115 127.525 128.13 128.675 129.175 128.935 1
127.465 126.575 126.695 126.735 126.92 128.115 127.525 128.13 128.675 129.175 1
128.435 127.465 126.575 126.695 126.735 126.92 128.115 127.525 128.13 128.675 -1
128.395 128.435 127.465 126.575 126.695 126.735 126.92 128.115 127.525 128.13 -1
127.97 128.395 128.435 127.465 126.575 126.695 126.735 126.92 128.115 127.525 1
128.07 127.97 128.395 128.435 127.465 126.575 126.695 126.735 126.92 128.115 -1
127.105 128.07 127.97 128.395 128.435 127.465 126.575 126.695 126.735 126.92 -1
126.725 127.105 128.07 127.97 128.395 128.435 127.465 126.575 126.695 126.735 -1
126.63 126.725 127.105 128.07 127.97 128.395 128.435 127.465 126.575 126.695 -1
126.145 126.63 126.725 127.105 128.07 127.97 128.395 128.435 127.465 126.575 -1
