0.042061 0.0525762 0.105152 0.152471 0.304942 0.189274 0.120925 0.084122 0.0578339 0.0262881 0.0157729
0.0157729 0.042061 0.0525762 0.105152 0.152471 0.304942 0.189274 0.120925 0.084122 0.0578339 0
0 0.0157729 0.042061 0.0525762 0.105152 0.152471 0.304942 0.189274 0.120925 0.084122 0
0 0 0.0157729 0.042061 0.0525762 0.105152 0.152471 0.304942 0.189274 0.120925 0.0105152
0.0105152 0 0 0.0157729 0.042061 0.0525762 0.105152 0.152471 0.304942 0.189274 0.0578339
0.0578339 0.0105152 0 0 0.0157729 0.042061 0.0525762 0.105152 0.152471 0.304942 0.141956
0.141956 0.0578339 0.0105152 0 0 0.0157729 0.042061 0.0525762 0.105152 0.152471 0.247108
0.247108 0.141956 0.0578339 0.0105152 0 0 0.0157729 0.042061 0.0525762 0.105152 0.33123
0.33123 0.247108 0.141956 0.0578339 0.0105152 0 0 0.0157729 0.042061 0.0525762 0.315457
0.315457 0.33123 0.247108 0.141956 0.0578339 0.0105152 0 0 0.0157729 0.042061 0.205047
0.205047 0.315457 0.33123 0.247108 0.141956 0.0578339 0.0105152 0 0 0.0157729 0.147213
0.147213 0.205047 0.315457 0.33123 0.247108 0.141956 0.0578339 0.0105152 0 0 0.136698
0.136698 0.147213 0.205047 0.315457 0.33123 0.247108 0.141956 0.0578339 0.0105152 0 0.115668
0.115668 0.136698 0.147213 0.205047 0.315457 0.33123 0.247108 0.141956 0.0578339 0.0105152 0.0578339
0.0578339 0.115668 0.136698 0.147213 0.205047 0.315457 0.33123 0.247108 0.141956 0.0578339 0.11041
0.11041 0.0578339 0.115668 0.136698 0.147213 0.205047 0.315457 0.33123 0.247108 0.141956 0.210305
0.210305 0.11041 0.0578339 0.115668 0.136698 0.147213 0.205047 0.315457 0.33123 0.247108 0.410095
0.410095 0.210305 0.11041 0.0578339 0.115668 0.136698 0.147213 0.205047 0.315457 0.33123 0.64143
0.64143 0.410095 0.210305 0.11041 0.0578339 0.115668 0.136698 0.147213 0.205047 0.315457 0.541535
0.541535 0.64143 0.410095 0.210305 0.11041 0.0578339 0.115668 0.136698 0.147213 0.205047 0.383807
0.383807 0.541535 0.64143 0.410095 0.210305 0.11041 0.0578339 0.115668 0.136698 0.147213 0.247108
0.247108 0.383807 0.541535 0.64143 0.410095 0.210305 0.11041 0.0578339 0.115668 0.136698 0.184017
0.184017 0.247108 0.383807 0.541535 0.64143 0.410095 0.210305 0.11041 0.0578339 0.115668 0.0578339
0.0578339 0.184017 0.247108 0.383807 0.541535 0.64143 0.410095 0.210305 0.11041 0.0578339 0.0262881
0.0262881 0.0578339 0.184017 0.247108 0.383807 0.541535 0.64143 0.410095 0.210305 0.11041 0.084122
0.084122 0.0262881 0.0578339 0.184017 0.247108 0.383807 0.541535 0.64143 0.410095 0.210305 0.178759
0.178759 0.084122 0.0262881 0.0578339 0.184017 0.247108 0.383807 0.541535 0.64143 0.410095 0.368034
0.368034 0.178759 0.084122 0.0262881 0.0578339 0.184017 0.247108 0.383807 0.541535 0.64143 0.425868
0.425868 0.368034 0.178759 0.084122 0.0262881 0.0578339 0.184017 0.247108 0.383807 0.541535 0.583596
0.583596 0.425868 0.368034 0.178759 0.084122 0.0262881 0.0578339 0.184017 0.247108 0.383807 0.53102
0.53102 0.583596 0.425868 0.368034 0.178759 0.084122 0.0262881 0.0578339 0.184017 0.247108 0.383807
0.383807 0.53102 0.583596 0.425868 0.368034 0.178759 0.084122 0.0262881 0.0578339 0.184017 0.210305
0.210305 0.383807 0.53102 0.583596 0.425868 0.368034 0.178759 0.084122 0.0262881 0.0578339 0.105152
0.105152 0.210305 0.383807 0.53102 0.583596 0.425868 0.368034 0.178759 0.084122 0.0262881 0.084122
0.084122 0.105152 0.210305 0.383807 0.53102 0.583596 0.425868 0.368034 0.178759 0.084122 0.0262881
0.0262881 0.084122 0.105152 0.210305 0.383807 0.53102 0.583596 0.425868 0.368034 0.178759 0.0578339
0.0578339 0.0262881 0.084122 0.105152 0.210305 0.383807 0.53102 0.583596 0.425868 0.368034 0.115668
0.115668 0.0578339 0.0262881 0.084122 0.105152 0.210305 0.383807 0.53102 0.583596 0.425868 0.210305
0.210305 0.115668 0.0578339 0.0262881 0.084122 0.105152 0.210305 0.383807 0.53102 0.583596 0.315457
0.315457 0.210305 0.115668 0.0578339 0.0262881 0.084122 0.105152 0.210305 0.383807 0.53102 0.425342
0.425342 0.315457 0.210305 0.115668 0.0578339 0.0262881 0.084122 0.105152 0.210305 0.383807 0.438486
0.438486 0.425342 0.315457 0.210305 0.115668 0.0578339 0.0262881 0.084122 0.105152 0.210305 0.250789
0.250789 0.438486 0.425342 0.315457 0.210305 0.115668 0.0578339 0.0262881 0.084122 0.105152 0.251314
0.251314 0.250789 0.438486 0.425342 0.315457 0.210305 0.115668 0.0578339 0.0262881 0.084122 0.161409
0.161409 0.251314 0.250789 0.438486 0.425342 0.315457 0.210305 0.115668 0.0578339 0.0262881 0.064143
0.064143 0.161409 0.251314 0.250789 0.438486 0.425342 0.315457 0.210305 0.115668 0.0578339 0.0504732
0.0504732 0.064143 0.161409 0.251314 0.250789 0.438486 0.425342 0.315457 0.210305 0.115668 0.0536278
0.0536278 0.0504732 0.064143 0.161409 0.251314 0.250789 0.438486 0.425342 0.315457 0.210305 0.170347
0.170347 0.0536278 0.0504732 0.064143 0.161409 0.251314 0.250789 0.438486 0.425342 0.315457 0.250263
0.250263 0.170347 0.0536278 0.0504732 0.064143 0.161409 0.251314 0.250789 0.438486 0.425342 0.283912
0.283912 0.250263 0.170347 0.0536278 0.0504732 0.064143 0.161409 0.251314 0.250789 0.438486 0.330705
0.330705 0.283912 0.250263 0.170347 0.0536278 0.0504732 0.064143 0.161409 0.251314 0.250789 0.45163
0.45163 0.330705 0.283912 0.250263 0.170347 0.0536278 0.0504732 0.064143 0.161409 0.251314 0.321767
0.321767 0.45163 0.330705 0.283912 0.250263 0.170347 0.0536278 0.0504732 0.064143 0.161409 0.237119
0.237119 0.321767 0.45163 0.330705 0.283912 0.250263 0.170347 0.0536278 0.0504732 0.064143 0.191377
0.191377 0.237119 0.321767 0.45163 0.330705 0.283912 0.250263 0.170347 0.0536278 0.0504732 0.109884
0.109884 0.191377 0.237119 0.321767 0.45163 0.330705 0.283912 0.250263 0.170347 0.0536278 0.0599369
0.0599369 0.109884 0.191377 0.237119 0.321767 0.45163 0.330705 0.283912 0.250263 0.170347 0.198738
0.198738 0.0599369 0.109884 0.191377 0.237119 0.321767 0.45163 0.330705 0.283912 0.250263 0.366982
0.366982 0.198738 0.0599369 0.109884 0.191377 0.237119 0.321767 0.45163 0.330705 0.283912 0.557834
0.557834 0.366982 0.198738 0.0599369 0.109884 0.191377 0.237119 0.321767 0.45163 0.330705 0.529968
0.529968 0.557834 0.366982 0.198738 0.0599369 0.109884 0.191377 0.237119 0.321767 0.45163 0.429022
0.429022 0.529968 0.557834 0.366982 0.198738 0.0599369 0.109884 0.191377 0.237119 0.321767 0.349632
0.349632 0.429022 0.529968 0.557834 0.366982 0.198738 0.0599369 0.109884 0.191377 0.237119 0.182965
0.182965 0.349632 0.429022 0.529968 0.557834 0.366982 0.198738 0.0599369 0.109884 0.191377 0.160883
0.160883 0.182965 0.349632 0.429022 0.529968 0.557834 0.366982 0.198738 0.0599369 0.109884 0.0368034
0.0368034 0.160883 0.182965 0.349632 0.429022 0.529968 0.557834 0.366982 0.198738 0.0599369 0.104101
0.104101 0.0368034 0.160883 0.182965 0.349632 0.429022 0.529968 0.557834 0.366982 0.198738 0.48633
0.48633 0.104101 0.0368034 0.160883 0.182965 0.349632 0.429022 0.529968 0.557834 0.366982 0.811777
0.811777 0.48633 0.104101 0.0368034 0.160883 0.182965 0.349632 0.429022 0.529968 0.557834 0.661935
0.661935 0.811777 0.48633 0.104101 0.0368034 0.160883 0.182965 0.349632 0.429022 0.529968 0.445846
0.445846 0.661935 0.811777 0.48633 0.104101 0.0368034 0.160883 0.182965 0.349632 0.429022 0.358044
0.358044 0.445846 0.661935 0.811777 0.48633 0.104101 0.0368034 0.160883 0.182965 0.349632 0.202419
0.202419 0.358044 0.445846 0.661935 0.811777 0.48633 0.104101 0.0368034 0.160883 0.182965 0.119874
0.119874 0.202419 0.358044 0.445846 0.661935 0.811777 0.48633 0.104101 0.0368034 0.160883 0.0536278
0.0536278 0.119874 0.202419 0.358044 0.445846 0.661935 0.811777 0.48633 0.104101 0.0368034 0.126709
0.126709 0.0536278 0.119874 0.202419 0.358044 0.445846 0.661935 0.811777 0.48633 0.104101 0.435857
0.435857 0.126709 0.0536278 0.119874 0.202419 0.358044 0.445846 0.661935 0.811777 0.48633 0.694006
0.694006 0.435857 0.126709 0.0536278 0.119874 0.202419 0.358044 0.445846 0.661935 0.811777 0.688223
0.688223 0.694006 0.435857 0.126709 0.0536278 0.119874 0.202419 0.358044 0.445846 0.661935 0.620925
0.620925 0.688223 0.694006 0.435857 0.126709 0.0536278 0.119874 0.202419 0.358044 0.445846 0.47266
0.47266 0.620925 0.688223 0.694006 0.435857 0.126709 0.0536278 0.119874 0.202419 0.358044 0.350158
0.350158 0.47266 0.620925 0.688223 0.694006 0.435857 0.126709 0.0536278 0.119874 0.202419 0.315457
0.315457 0.350158 0.47266 0.620925 0.688223 0.694006 0.435857 0.126709 0.0536278 0.119874 0.246583
0.246583 0.315457 0.350158 0.47266 0.620925 0.688223 0.694006 0.435857 0.126709 0.0536278 0.215563
0.215563 0.246583 0.315457 0.350158 0.47266 0.620925 0.688223 0.694006 0.435857 0.126709 0.111987
0.111987 0.215563 0.246583 0.315457 0.350158 0.47266 0.620925 0.688223 0.694006 0.435857 0.084122
0.084122 0.111987 0.215563 0.246583 0.315457 0.350158 0.47266 0.620925 0.688223 0.694006 0.0336488
0.0336488 0.084122 0.111987 0.215563 0.246583 0.315457 0.350158 0.47266 0.620925 0.688223 0.0215563
0.0215563 0.0336488 0.084122 0.111987 0.215563 0.246583 0.315457 0.350158 0.47266 0.620925 0.0357518
0.0357518 0.0215563 0.0336488 0.084122 0.111987 0.215563 0.246583 0.315457 0.350158 0.47266 0.0762355
0.0762355 0.0357518 0.0215563 0.0336488 0.084122 0.111987 0.215563 0.246583 0.315457 0.350158 0.178759
0.178759 0.0762355 0.0357518 0.0215563 0.0336488 0.084122 0.111987 0.215563 0.246583 0.315457 0.236593
0.236593 0.178759 0.0762355 0.0357518 0.0215563 0.0336488 0.084122 0.111987 0.215563 0.246583 0.226604
0.226604 0.236593 0.178759 0.0762355 0.0357518 0.0215563 0.0336488 0.084122 0.111987 0.215563 0.249737
0.249737 0.226604 0.236593 0.178759 0.0762355 0.0357518 0.0215563 0.0336488 0.084122 0.111987 0.221872
0.221872 0.249737 0.226604 0.236593 0.178759 0.0762355 0.0357518 0.0215563 0.0336488 0.084122 0.147739
0.147739 0.221872 0.249737 0.226604 0.236593 0.178759 0.0762355 0.0357518 0.0215563 0.0336488 0.053102
0.053102 0.147739 0.221872 0.249737 0.226604 0.236593 0.178759 0.0762355 0.0357518 0.0215563 0.0425868
0.0425868 0.053102 0.147739 0.221872 0.249737 0.226604 0.236593 0.178759 0.0762355 0.0357518 0.0131441
0.0131441 0.0425868 0.053102 0.147739 0.221872 0.249737 0.226604 0.236593 0.178759 0.0762355 0
0 0.0131441 0.0425868 0.053102 0.147739 0.221872 0.249737 0.226604 0.236593 0.178759 0.00736067
0.00736067 0 0.0131441 0.0425868 0.053102 0.147739 0.221872 0.249737 0.226604 0.236593 0.0262881
0.0262881 0.00736067 0 0.0131441 0.0425868 0.053102 0.147739 0.221872 0.249737 0.226604 0.064143
0.064143 0.0262881 0.00736067 0 0.0131441 0.0425868 0.053102 0.147739 0.221872 0.249737 0.073081
0.073081 0.064143 0.0262881 0.00736067 0 0.0131441 0.0425868 0.053102 0.147739 0.221872 0.18612
0.18612 0.073081 0.064143 0.0262881 0.00736067 0 0.0131441 0.0425868 0.053102 0.147739 0.240799
0.240799 0.18612 0.073081 0.064143 0.0262881 0.00736067 0 0.0131441 0.0425868 0.053102 0.216088
0.216088 0.240799 0.18612 0.073081 0.064143 0.0262881 0.00736067 0 0.0131441 0.0425868 0.158254
0.158254 0.216088 0.240799 0.18612 0.073081 0.064143 0.0262881 0.00736067 0 0.0131441 0.125657
0.125657 0.158254 0.216088 0.240799 0.18612 0.073081 0.064143 0.0262881 0.00736067 0 0.0820189
0.0820189 0.125657 0.158254 0.216088 0.240799 0.18612 0.073081 0.064143 0.0262881 0.00736067 0.0347003
0.0347003 0.0820189 0.125657 0.158254 0.216088 0.240799 0.18612 0.073081 0.064143 0.0262881 0.0210305
0.0210305 0.0347003 0.0820189 0.125657 0.158254 0.216088 0.240799 0.18612 0.073081 0.064143 0.00946372
0.00946372 0.0210305 0.0347003 0.0820189 0.125657 0.158254 0.216088 0.240799 0.18612 0.073081 0.0446898
0.0446898 0.00946372 0.0210305 0.0347003 0.0820189 0.125657 0.158254 0.216088 0.240799 0.18612 0.0872766
0.0872766 0.0446898 0.00946372 0.0210305 0.0347003 0.0820189 0.125657 0.158254 0.216088 0.240799 0.190852
0.190852 0.0872766 0.0446898 0.00946372 0.0210305 0.0347003 0.0820189 0.125657 0.158254 0.216088 0.260778
0.260778 0.190852 0.0872766 0.0446898 0.00946372 0.0210305 0.0347003 0.0820189 0.125657 0.158254 0.337539
0.337539 0.260778 0.190852 0.0872766 0.0446898 0.00946372 0.0210305 0.0347003 0.0820189 0.125657 0.352261
0.352261 0.337539 0.260778 0.190852 0.0872766 0.0446898 0.00946372 0.0210305 0.0347003 0.0820189 0.372766
0.372766 0.352261 0.337539 0.260778 0.190852 0.0872766 0.0446898 0.00946372 0.0210305 0.0347003 0.251314
0.251314 0.372766 0.352261 0.337539 0.260778 0.190852 0.0872766 0.0446898 0.00946372 0.0210305 0.144585
0.144585 0.251314 0.372766 0.352261 0.337539 0.260778 0.190852 0.0872766 0.0446898 0.00946372 0.0446898
0.0446898 0.144585 0.251314 0.372766 0.352261 0.337539 0.260778 0.190852 0.0872766 0.0446898 0.0694006
0.0694006 0.0446898 0.144585 0.251314 0.372766 0.352261 0.337539 0.260778 0.190852 0.0872766 0.299159
0.299159 0.0694006 0.0446898 0.144585 0.251314 0.372766 0.352261 0.337539 0.260778 0.190852 0.638801
0.638801 0.299159 0.0694006 0.0446898 0.144585 0.251314 0.372766 0.352261 0.337539 0.260778 0.727129
0.727129 0.638801 0.299159 0.0694006 0.0446898 0.144585 0.251314 0.372766 0.352261 0.337539 0.542587
0.542587 0.727129 0.638801 0.299159 0.0694006 0.0446898 0.144585 0.251314 0.372766 0.352261 0.450578
0.450578 0.542587 0.727129 0.638801 0.299159 0.0694006 0.0446898 0.144585 0.251314 0.372766 0.339642
0.339642 0.450578 0.542587 0.727129 0.638801 0.299159 0.0694006 0.0446898 0.144585 0.251314 0.192955
0.192955 0.339642 0.450578 0.542587 0.727129 0.638801 0.299159 0.0694006 0.0446898 0.144585 0.127234
0.127234 0.192955 0.339642 0.450578 0.542587 0.727129 0.638801 0.299159 0.0694006 0.0446898 0.0562566
0.0562566 0.127234 0.192955 0.339642 0.450578 0.542587 0.727129 0.638801 0.299159 0.0694006 0.0788644
0.0788644 0.0562566 0.127234 0.192955 0.339642 0.450578 0.542587 0.727129 0.638801 0.299159 0.210831
0.210831 0.0788644 0.0562566 0.127234 0.192955 0.339642 0.450578 0.542587 0.727129 0.638801 0.323344
0.323344 0.210831 0.0788644 0.0562566 0.127234 0.192955 0.339642 0.450578 0.542587 0.727129 0.517876
0.517876 0.323344 0.210831 0.0788644 0.0562566 0.127234 0.192955 0.339642 0.450578 0.542587 0.655626
0.655626 0.517876 0.323344 0.210831 0.0788644 0.0562566 0.127234 0.192955 0.339642 0.450578 0.506309
0.506309 0.655626 0.517876 0.323344 0.210831 0.0788644 0.0562566 0.127234 0.192955 0.339642 0.350158
0.350158 0.506309 0.655626 0.517876 0.323344 0.210831 0.0788644 0.0562566 0.127234 0.192955 0.339117
0.339117 0.350158 0.506309 0.655626 0.517876 0.323344 0.210831 0.0788644 0.0562566 0.127234 0.284437
0.284437 0.339117 0.350158 0.506309 0.655626 0.517876 0.323344 0.210831 0.0788644 0.0562566 0.205047
0.205047 0.284437 0.339117 0.350158 0.506309 0.655626 0.517876 0.323344 0.210831 0.0788644 0.108307
0.108307 0.205047 0.284437 0.339117 0.350158 0.506309 0.655626 0.517876 0.323344 0.210831 0.0352261
0.0352261 0.108307 0.205047 0.284437 0.339117 0.350158 0.506309 0.655626 0.517876 0.323344 0.0226078
0.0226078 0.0352261 0.108307 0.205047 0.284437 0.339117 0.350158 0.506309 0.655626 0.517876 0.119348
0.119348 0.0226078 0.0352261 0.108307 0.205047 0.284437 0.339117 0.350158 0.506309 0.655626 0.288118
0.288118 0.119348 0.0226078 0.0352261 0.108307 0.205047 0.284437 0.339117 0.350158 0.506309 0.493165
0.493165 0.288118 0.119348 0.0226078 0.0352261 0.108307 0.205047 0.284437 0.339117 0.350158 0.50368
0.50368 0.493165 0.288118 0.119348 0.0226078 0.0352261 0.108307 0.205047 0.284437 0.339117 0.405889
0.405889 0.50368 0.493165 0.288118 0.119348 0.0226078 0.0352261 0.108307 0.205047 0.284437 0.310726
0.310726 0.405889 0.50368 0.493165 0.288118 0.119348 0.0226078 0.0352261 0.108307 0.205047 0.231335
0.231335 0.310726 0.405889 0.50368 0.493165 0.288118 0.119348 0.0226078 0.0352261 0.108307 0.247108
0.247108 0.231335 0.310726 0.405889 0.50368 0.493165 0.288118 0.119348 0.0226078 0.0352261 0.160358
0.160358 0.247108 0.231335 0.310726 0.405889 0.50368 0.493165 0.288118 0.119348 0.0226078 0.0856993
0.0856993 0.160358 0.247108 0.231335 0.310726 0.405889 0.50368 0.493165 0.288118 0.119348 0.0383807
0.0383807 0.0856993 0.160358 0.247108 0.231335 0.310726 0.405889 0.50368 0.493165 0.288118 0.197687
0.197687 0.0383807 0.0856993 0.160358 0.247108 0.231335 0.310726 0.405889 0.50368 0.493165 0.389064
0.389064 0.197687 0.0383807 0.0856993 0.160358 0.247108 0.231335 0.310726 0.405889 0.50368 0.73081
0.73081 0.389064 0.197687 0.0383807 0.0856993 0.160358 0.247108 0.231335 0.310726 0.405889 0.584648
0.584648 0.73081 0.389064 0.197687 0.0383807 0.0856993 0.160358 0.247108 0.231335 0.310726 0.534175
0.534175 0.584648 0.73081 0.389064 0.197687 0.0383807 0.0856993 0.160358 0.247108 0.231335 0.348055
0.348055 0.534175 0.584648 0.73081 0.389064 0.197687 0.0383807 0.0856993 0.160358 0.247108 0.235016
0.235016 0.348055 0.534175 0.584648 0.73081 0.389064 0.197687 0.0383807 0.0856993 0.160358 0.0893796
0.0893796 0.235016 0.348055 0.534175 0.584648 0.73081 0.389064 0.197687 0.0383807 0.0856993 0.0594111
0.0594111 0.0893796 0.235016 0.348055 0.534175 0.584648 0.73081 0.389064 0.197687 0.0383807 0.0651945
0.0651945 0.0594111 0.0893796 0.235016 0.348055 0.534175 0.584648 0.73081 0.389064 0.197687 0.0178759
0.0178759 0.0651945 0.0594111 0.0893796 0.235016 0.348055 0.534175 0.584648 0.73081 0.389064 0.0315457
0.0315457 0.0178759 0.0651945 0.0594111 0.0893796 0.235016 0.348055 0.534175 0.584648 0.73081 0.169821
0.169821 0.0315457 0.0178759 0.0651945 0.0594111 0.0893796 0.235016 0.348055 0.534175 0.584648 0.285489
0.285489 0.169821 0.0315457 0.0178759 0.0651945 0.0594111 0.0893796 0.235016 0.348055 0.534175 0.31388
0.31388 0.285489 0.169821 0.0315457 0.0178759 0.0651945 0.0594111 0.0893796 0.235016 0.348055 0.334911
0.334911 0.31388 0.285489 0.169821 0.0315457 0.0178759 0.0651945 0.0594111 0.0893796 0.235016 0.333859
0.333859 0.334911 0.31388 0.285489 0.169821 0.0315457 0.0178759 0.0651945 0.0594111 0.0893796 0.274448
0.274448 0.333859 0.334911 0.31388 0.285489 0.169821 0.0315457 0.0178759 0.0651945 0.0594111 0.133544
0.133544 0.274448 0.333859 0.334911 0.31388 0.285489 0.169821 0.0315457 0.0178759 0.0651945 0.0688749
0.0688749 0.133544 0.274448 0.333859 0.334911 0.31388 0.285489 0.169821 0.0315457 0.0178759 0.0357518
0.0357518 0.0688749 0.133544 0.274448 0.333859 0.334911 0.31388 0.285489 0.169821 0.0315457 0.033123
0.033123 0.0357518 0.0688749 0.133544 0.274448 0.333859 0.334911 0.31388 0.285489 0.169821 0.0373291
0.0373291 0.033123 0.0357518 0.0688749 0.133544 0.274448 0.333859 0.334911 0.31388 0.285489 0.187171
0.187171 0.0373291 0.033123 0.0357518 0.0688749 0.133544 0.274448 0.333859 0.334911 0.31388 0.383807
0.383807 0.187171 0.0373291 0.033123 0.0357518 0.0688749 0.133544 0.274448 0.333859 0.334911 0.447424
0.447424 0.383807 0.187171 0.0373291 0.033123 0.0357518 0.0688749 0.133544 0.274448 0.333859 0.410095
0.410095 0.447424 0.383807 0.187171 0.0373291 0.033123 0.0357518 0.0688749 0.133544 0.274448 0.336488
0.336488 0.410095 0.447424 0.383807 0.187171 0.0373291 0.033123 0.0357518 0.0688749 0.133544 0.219769
0.219769 0.336488 0.410095 0.447424 0.383807 0.187171 0.0373291 0.033123 0.0357518 0.0688749 0.13775
0.13775 0.219769 0.336488 0.410095 0.447424 0.383807 0.187171 0.0373291 0.033123 0.0357518 0.140379
0.140379 0.13775 0.219769 0.336488 0.410095 0.447424 0.383807 0.187171 0.0373291 0.033123 0.0636172
0.0636172 0.140379 0.13775 0.219769 0.336488 0.410095 0.447424 0.383807 0.187171 0.0373291 0.0499474
0.0499474 0.0636172 0.140379 0.13775 0.219769 0.336488 0.410095 0.447424 0.383807 0.187171 0.0141956
0.0141956 0.0499474 0.0636172 0.140379 0.13775 0.219769 0.336488 0.410095 0.447424 0.383807 0.0262881
0.0262881 0.0141956 0.0499474 0.0636172 0.140379 0.13775 0.219769 0.336488 0.410095 0.447424 0.128286
0.128286 0.0262881 0.0141956 0.0499474 0.0636172 0.140379 0.13775 0.219769 0.336488 0.410095 0.22082
0.22082 0.128286 0.0262881 0.0141956 0.0499474 0.0636172 0.140379 0.13775 0.219769 0.336488 0.333859
0.333859 0.22082 0.128286 0.0262881 0.0141956 0.0499474 0.0636172 0.140379 0.13775 0.219769 0.28286
0.28286 0.333859 0.22082 0.128286 0.0262881 0.0141956 0.0499474 0.0636172 0.140379 0.13775 0.325973
0.325973 0.28286 0.333859 0.22082 0.128286 0.0262881 0.0141956 0.0499474 0.0636172 0.140379 0.254995
0.254995 0.325973 0.28286 0.333859 0.22082 0.128286 0.0262881 0.0141956 0.0499474 0.0636172 0.23081
0.23081 0.254995 0.325973 0.28286 0.333859 0.22082 0.128286 0.0262881 0.0141956 0.0499474 0.0977918
0.0977918 0.23081 0.254995 0.325973 0.28286 0.333859 0.22082 0.128286 0.0262881 0.0141956 0.0299685
0.0299685 0.0977918 0.23081 0.254995 0.325973 0.28286 0.333859 0.22082 0.128286 0.0262881 0.0189274
0.0189274 0.0299685 0.0977918 0.23081 0.254995 0.325973 0.28286 0.333859 0.22082 0.128286 0.00736067
0.00736067 0.0189274 0.0299685 0.0977918 0.23081 0.254995 0.325973 0.28286 0.333859 0.22082 0.0504732
0.0504732 0.00736067 0.0189274 0.0299685 0.0977918 0.23081 0.254995 0.325973 0.28286 0.333859 0.249211
0.249211 0.0504732 0.00736067 0.0189274 0.0299685 0.0977918 0.23081 0.254995 0.325973 0.28286 0.30021
0.30021 0.249211 0.0504732 0.00736067 0.0189274 0.0299685 0.0977918 0.23081 0.254995 0.325973 0.546267
0.546267 0.30021 0.249211 0.0504732 0.00736067 0.0189274 0.0299685 0.0977918 0.23081 0.254995 0.423764
0.423764 0.546267 0.30021 0.249211 0.0504732 0.00736067 0.0189274 0.0299685 0.0977918 0.23081 0.334385
0.334385 0.423764 0.546267 0.30021 0.249211 0.0504732 0.00736067 0.0189274 0.0299685 0.0977918 0.197687
0.197687 0.334385 0.423764 0.546267 0.30021 0.249211 0.0504732 0.00736067 0.0189274 0.0299685 0.137224
0.137224 0.197687 0.334385 0.423764 0.546267 0.30021 0.249211 0.0504732 0.00736067 0.0189274 0.0746583
0.0746583 0.137224 0.197687 0.334385 0.423764 0.546267 0.30021 0.249211 0.0504732 0.00736067 0.0304942
0.0304942 0.0746583 0.137224 0.197687 0.334385 0.423764 0.546267 0.30021 0.249211 0.0504732 0.0878023
0.0878023 0.0304942 0.0746583 0.137224 0.197687 0.334385 0.423764 0.546267 0.30021 0.249211 0.232913
0.232913 0.0878023 0.0304942 0.0746583 0.137224 0.197687 0.334385 0.423764 0.546267 0.30021 0.335962
0.335962 0.232913 0.0878023 0.0304942 0.0746583 0.137224 0.197687 0.334385 0.423764 0.546267 0.362776
0.362776 0.335962 0.232913 0.0878023 0.0304942 0.0746583 0.137224 0.197687 0.334385 0.423764 0.409043
0.409043 0.362776 0.335962 0.232913 0.0878023 0.0304942 0.0746583 0.137224 0.197687 0.334385 0.34122
0.34122 0.409043 0.362776 0.335962 0.232913 0.0878023 0.0304942 0.0746583 0.137224 0.197687 0.187697
0.187697 0.34122 0.409043 0.362776 0.335962 0.232913 0.0878023 0.0304942 0.0746583 0.137224 0.111462
0.111462 0.187697 0.34122 0.409043 0.362776 0.335962 0.232913 0.0878023 0.0304942 0.0746583 0.0583596
0.0583596 0.111462 0.187697 0.34122 0.409043 0.362776 0.335962 0.232913 0.0878023 0.0304942 0.0299685
0.0299685 0.0583596 0.111462 0.187697 0.34122 0.409043 0.362776 0.335962 0.232913 0.0878023 0.0457413
0.0457413 0.0299685 0.0583596 0.111462 0.187697 0.34122 0.409043 0.362776 0.335962 0.232913 0.1898
0.1898 0.0457413 0.0299685 0.0583596 0.111462 0.187697 0.34122 0.409043 0.362776 0.335962 0.419033
0.419033 0.1898 0.0457413 0.0299685 0.0583596 0.111462 0.187697 0.34122 0.409043 0.362776 0.601472
0.601472 0.419033 0.1898 0.0457413 0.0299685 0.0583596 0.111462 0.187697 0.34122 0.409043 0.576236
0.576236 0.601472 0.419033 0.1898 0.0457413 0.0299685 0.0583596 0.111462 0.187697 0.34122 0.466877
0.466877 0.576236 0.601472 0.419033 0.1898 0.0457413 0.0299685 0.0583596 0.111462 0.187697 0.356467
0.356467 0.466877 0.576236 0.601472 0.419033 0.1898 0.0457413 0.0299685 0.0583596 0.111462 0.249737
0.249737 0.356467 0.466877 0.576236 0.601472 0.419033 0.1898 0.0457413 0.0299685 0.0583596 0.160883
0.160883 0.249737 0.356467 0.466877 0.576236 0.601472 0.419033 0.1898 0.0457413 0.0299685 0.0856993
0.0856993 0.160883 0.249737 0.356467 0.466877 0.576236 0.601472 0.419033 0.1898 0.0457413 0.0504732
0.0504732 0.0856993 0.160883 0.249737 0.356467 0.466877 0.576236 0.601472 0.419033 0.1898 0.174553
0.174553 0.0504732 0.0856993 0.160883 0.249737 0.356467 0.466877 0.576236 0.601472 0.419033 0.486856
0.486856 0.174553 0.0504732 0.0856993 0.160883 0.249737 0.356467 0.466877 0.576236 0.601472 0.797056
0.797056 0.486856 0.174553 0.0504732 0.0856993 0.160883 0.249737 0.356467 0.466877 0.576236 0.716614
0.716614 0.797056 0.486856 0.174553 0.0504732 0.0856993 0.160883 0.249737 0.356467 0.466877 0.708202
0.708202 0.716614 0.797056 0.486856 0.174553 0.0504732 0.0856993 0.160883 0.249737 0.356467 0.441115
0.441115 0.708202 0.716614 0.797056 0.486856 0.174553 0.0504732 0.0856993 0.160883 0.249737 0.364879
0.364879 0.441115 0.708202 0.716614 0.797056 0.486856 0.174553 0.0504732 0.0856993 0.160883 0.165615
0.165615 0.364879 0.441115 0.708202 0.716614 0.797056 0.486856 0.174553 0.0504732 0.0856993 0.073081
0.073081 0.165615 0.364879 0.441115 0.708202 0.716614 0.797056 0.486856 0.174553 0.0504732 0.0231335
0.0231335 0.073081 0.165615 0.364879 0.441115 0.708202 0.716614 0.797056 0.486856 0.174553 0.19979
0.19979 0.0231335 0.073081 0.165615 0.364879 0.441115 0.708202 0.716614 0.797056 0.486856 0.745005
0.745005 0.19979 0.0231335 0.073081 0.165615 0.364879 0.441115 0.708202 0.716614 0.797056 1
1 0.745005 0.19979 0.0231335 0.073081 0.165615 0.364879 0.441115 0.708202 0.716614 0.971609
0.971609 1 0.745005 0.19979 0.0231335 0.073081 0.165615 0.364879 0.441115 0.708202 0.835962
0.835962 0.971609 1 0.745005 0.19979 0.0231335 0.073081 0.165615 0.364879 0.441115 0.590431
0.590431 0.835962 0.971609 1 0.745005 0.19979 0.0231335 0.073081 0.165615 0.364879 0.283386
0.283386 0.590431 0.835962 0.971609 1 0.745005 0.19979 0.0231335 0.073081 0.165615 0.197687
0.197687 0.283386 0.590431 0.835962 0.971609 1 0.745005 0.19979 0.0231335 0.073081 0.146688
0.146688 0.197687 0.283386 0.590431 0.835962 0.971609 1 0.745005 0.19979 0.0231335 0.0536278
0.0536278 0.146688 0.197687 0.283386 0.590431 0.835962 0.971609 1 0.745005 0.19979 0.0793901
0.0793901 0.0536278 0.146688 0.197687 0.283386 0.590431 0.835962 0.971609 1 0.745005 0.247108
0.247108 0.0793901 0.0536278 0.146688 0.197687 0.283386 0.590431 0.835962 0.971609 1 0.493165
0.493165 0.247108 0.0793901 0.0536278 0.146688 0.197687 0.283386 0.590431 0.835962 0.971609 0.556782
0.556782 0.493165 0.247108 0.0793901 0.0536278 0.146688 0.197687 0.283386 0.590431 0.835962 0.554679
0.554679 0.556782 0.493165 0.247108 0.0793901 0.0536278 0.146688 0.197687 0.283386 0.590431 0.549422
0.549422 0.554679 0.556782 0.493165 0.247108 0.0793901 0.0536278 0.146688 0.197687 0.283386 0.350158
0.350158 0.549422 0.554679 0.556782 0.493165 0.247108 0.0793901 0.0536278 0.146688 0.197687 0.36225
0.36225 0.350158 0.549422 0.554679 0.556782 0.493165 0.247108 0.0793901 0.0536278 0.146688 0.19979
0.19979 0.36225 0.350158 0.549422 0.554679 0.556782 0.493165 0.247108 0.0793901 0.0536278 0.181388
0.181388 0.19979 0.36225 0.350158 0.549422 0.554679 0.556782 0.493165 0.247108 0.0793901 0.0814932
0.0814932 0.181388 0.19979 0.36225 0.350158 0.549422 0.554679 0.556782 0.493165 0.247108 0.0662461
0.0662461 0.0814932 0.181388 0.19979 0.36225 0.350158 0.549422 0.554679 0.556782 0.493165 0.144585
0.144585 0.0662461 0.0814932 0.181388 0.19979 0.36225 0.350158 0.549422 0.554679 0.556782 0.48633
0.48633 0.144585 0.0662461 0.0814932 0.181388 0.19979 0.36225 0.350158 0.549422 0.554679 0.817035
0.817035 0.48633 0.144585 0.0662461 0.0814932 0.181388 0.19979 0.36225 0.350158 0.549422 0.812829
0.812829 0.817035 0.48633 0.144585 0.0662461 0.0814932 0.181388 0.19979 0.36225 0.350158 0.73817
0.73817 0.812829 0.817035 0.48633 0.144585 0.0662461 0.0814932 0.181388 0.19979 0.36225 0.609359
0.609359 0.73817 0.812829 0.817035 0.48633 0.144585 0.0662461 0.0814932 0.181388 0.19979 0.350158
0.350158 0.609359 0.73817 0.812829 0.817035 0.48633 0.144585 0.0662461 0.0814932 0.181388 0.241325
0.241325 0.350158 0.609359 0.73817 0.812829 0.817035 0.48633 0.144585 0.0662461 0.0814932 0.0941115
0.0941115 0.241325 0.350158 0.609359 0.73817 0.812829 0.817035 0.48633 0.144585 0.0662461 0.0704522
0.0704522 0.0941115 0.241325 0.350158 0.609359 0.73817 0.812829 0.817035 0.48633 0.144585 0.154574
0.154574 0.0704522 0.0941115 0.241325 0.350158 0.609359 0.73817 0.812829 0.817035 0.48633 0.526814
0.526814 0.154574 0.0704522 0.0941115 0.241325 0.350158 0.609359 0.73817 0.812829 0.817035 0.828601
0.828601 0.526814 0.154574 0.0704522 0.0941115 0.241325 0.350158 0.609359 0.73817 0.812829 0.749737
0.749737 0.828601 0.526814 0.154574 0.0704522 0.0941115 0.241325 0.350158 0.609359 0.73817 0.766036
0.766036 0.749737 0.828601 0.526814 0.154574 0.0704522 0.0941115 0.241325 0.350158 0.609359 0.495794
0.495794 0.766036 0.749737 0.828601 0.526814 0.154574 0.0704522 0.0941115 0.241325 0.350158 0.287066
0.287066 0.495794 0.766036 0.749737 0.828601 0.526814 0.154574 0.0704522 0.0941115 0.241325 0.157203
0.157203 0.287066 0.495794 0.766036 0.749737 0.828601 0.526814 0.154574 0.0704522 0.0941115 0.0920084
0.0920084 0.157203 0.287066 0.495794 0.766036 0.749737 0.828601 0.526814 0.154574 0.0704522 0.0452156
0.0452156 0.0920084 0.157203 0.287066 0.495794 0.766036 0.749737 0.828601 0.526814 0.154574 0.113039
0.113039 0.0452156 0.0920084 0.157203 0.287066 0.495794 0.766036 0.749737 0.828601 0.526814 0.338065
0.338065 0.113039 0.0452156 0.0920084 0.157203 0.287066 0.495794 0.766036 0.749737 0.828601 0.490536
0.490536 0.338065 0.113039 0.0452156 0.0920084 0.157203 0.287066 0.495794 0.766036 0.749737 0.628812
0.628812 0.490536 0.338065 0.113039 0.0452156 0.0920084 0.157203 0.287066 0.495794 0.766036 0.583596
0.583596 0.628812 0.490536 0.338065 0.113039 0.0452156 0.0920084 0.157203 0.287066 0.495794 0.546793
0.546793 0.583596 0.628812 0.490536 0.338065 0.113039 0.0452156 0.0920084 0.157203 0.287066 0.334911
0.334911 0.546793 0.583596 0.628812 0.490536 0.338065 0.113039 0.0452156 0.0920084 0.157203 0.212408
