-0.002639 -0.001950 0.002927 -0.002815 -0.001577 0.005079 0.004294 -0.003763 0.000896 -0.010693 1
-0.000832 -0.002639 -0.001950 0.002927 -0.002815 -0.001577 0.005079 0.004294 -0.003763 0.000896 0
0.008491 -0.000832 -0.002639 -0.001950 0.002927 -0.002815 -0.001577 0.005079 0.004294 -0.003763 1
-0.001491 0.008491 -0.000832 -0.002639 -0.001950 0.002927 -0.002815 -0.001577 0.005079 0.004294 1
0.005192 -0.001491 0.008491 -0.000832 -0.002639 -0.001950 0.002927 -0.002815 -0.001577 0.005079 0
0.004729 0.005192 -0.001491 0.008491 -0.000832 -0.002639 -0.001950 0.002927 -0.002815 -0.001577 0
-0.002237 0.004729 0.005192 -0.001491 0.008491 -0.000832 -0.002639 -0.001950 0.002927 -0.002815 1
-0.000063 -0.002237 0.004729 0.005192 -0.001491 0.008491 -0.000832 -0.002639 -0.001950 0.002927 0
0.000977 -0.000063 -0.002237 0.004729 0.005192 -0.001491 0.008491 -0.000832 -0.002639 -0.001950 0
-0.003150 0.000977 -0.000063 -0.002237 0.004729 0.005192 -0.001491 0.008491 -0.000832 -0.002639 1
0.002092 -0.003150 0.000977 -0.000063 -0.002237 0.004729 0.005192 -0.001491 0.008491 -0.000832 1
0.009512 0.002092 -0.003150 0.000977 -0.000063 -0.002237 0.004729 0.005192 -0.001491 0.008491 0
0.003149 0.009512 0.002092 -0.003150 0.000977 -0.000063 -0.002237 0.004729 0.005192 -0.001491 1
0.002712 0.003149 0.009512 0.002092 -0.003150 0.000977 -0.000063 -0.002237 0.004729 0.005192 0
-0.001002 0.002712 0.003149 0.009512 0.002092 -0.003150 0.000977 -0.000063 -0.002237 0.004729 0
0.003101 -0.001002 0.002712 0.003149 0.009512 0.002092 -0.003150 0.000977 -0.000063 -0.002237 1
0.002024 0.003101 -0.001002 0.002712 0.003149 0.009512 0.002092 -0.003150 0.000977 -0.000063 1
-0.002474 0.002024 0.003101 -0.001002 0.002712 0.003149 0.009512 0.002092 -0.003150 0.000977 0
-0.008476 -0.002474 0.002024 0.003101 -0.001002 0.002712 0.003149 0.009512 0.002092 -0.003150 1
-0.000578 -0.008476 -0.002474 0.002024 0.003101 -0.001002 0.002712 0.003149 0.009512 0.002092 1
0.000302 -0.000578 -0.008476 -0.002474 0.002024 0.003101 -0.001002 0.002712 0.003149 0.009512 0
-0.002005 0.000302 -0.000578 -0.008476 -0.002474 0.002024 0.003101 -0.001002 0.002712 0.003149 0
0.001972 -0.002005 0.000302 -0.000578 -0.008476 -0.002474 0.002024 0.003101 -0.001002 0.002712 0
-0.002933 0.001972 -0.002005 0.000302 -0.000578 -0.008476 -0.002474 0.002024 0.003101 -0.001002 1
-0.000981 -0.002933 0.001972 -0.002005 0.000302 -0.000578 -0.008476 -0.002474 0.002024 0.003101 0
-0.009440 -0.000981 -0.002933 0.001972 -0.002005 0.000302 -0.000578 -0.008476 -0.002474 0.002024 0
-0.000552 -0.009440 -0.000981 -0.002933 0.001972 -0.002005 0.000302 -0.000578 -0.008476 -0.002474 0
0.002065 -0.000552 -0.009440 -0.000981 -0.002933 0.001972 -0.002005 0.000302 -0.000578 -0.008476 1
0.007574 0.002065 -0.000552 -0.009440 -0.000981 -0.002933 0.001972 -0.002005 0.000302 -0.000578 1
