-0.555189672	-0.718723641	-0.007831886	-1.944645192	0.419412345	-1.731855264	-0.664133495	1.251053163	-0.504967375	-0.833269951	-0.110946985	1.330629402	-1.53898327	-0.943380201	0.581962922	-0.186282705	-1.600333235	-1.848520697	-1.460712156	0.794416337	0.412798045	-0.597460712	1.82903932	-0.596191967	0
0.597872258	0.86604814	-0.046089781	-0.866336904	-0.974641807	-0.276102128	0.070531314	0.930854185	0.492611889	-0.072052444	0.397232043	-1.34064976	-0.609777544	0.668505891	-0.684923407	-2.225751814	-1.81878022	0.723032372	1.632656677	0.477095909	-0.190892706	-0.501514705	-1.157236511	1.870212145	0
-0.739107691	-0.636096047	0.906090918	-0.182012627	0.007639755	0.363579602	-0.130822855	0.266117013	-0.73377123	-0.818542958	-0.052650648	0.045179149	0.416256398	0.556376563	-0.938482572	-1.679263733	-0.300581178	0.06113055	-1.44670139	1.138134849	0.580223514	0.440046506	0.693823949	1.334110493	0
0.156308033	0.549528067	2.039423634	-0.291859124	4.068751878	-0.534187166	0.243317118	-1.684243216	0.487116267	-0.316873638	0.423932534	-0.692052708	1.954285835	-0.227823875	0.698347549	0.903535238	0.772733983	-0.981697212	-0.648508376	-0.674677949	1.143132522	1.505145519	0.292536697	0.624072527	1
-0.733894012	0.983247901	1.382759365	-0.145355443	-0.823818027	0.607874426	-0.040774921	2.818778739	-0.730967713	0.266653615	-0.794707375	1.485418579	-0.388954504	-0.378980758	0.386916099	0.420087645	-0.087654826	0.572915724	-0.196657766	-1.07800588	-0.795832875	0.581728727	0.397708391	0.89663672	0
2.454053174	1.822209015	-0.352852112	-3.531649782	-0.467803147	0.35721996	1.70844487	-0.121915491	0.101529167	0.912557425	-0.900167834	-0.190249239	0.789491423	0.13968247	-0.788277248	-0.384995928	0.651189112	0.450477273	0.733143679	-0.410168468	0.286668183	0.481450115	0.335669483	0.210595772	1
-0.652139533	-0.257748525	-1.875841917	-0.173927219	-0.43614591	-4.022385838	1.478347258	-0.737234132	0.718252977	0.003294645	0.300904048	-1.271694146	-0.229251782	-0.498414465	1.012019766	-0.127423618	0.877955699	-0.307929895	-1.758585313	-0.225134045	-1.883222467	-0.767768142	0.589416231	-1.926364348	1
1.280000106	-0.160027867	-0.286416935	0.472412012	-1.947728379	1.010064352	1.049668299	-1.006060302	-0.892653134	-1.150519893	-0.013808403	0.284888984	2.451452019	-0.394593371	1.24015969	1.086129942	1.490966497	0.069157977	-0.101809974	0.018077344	0.086834007	0.003824425	0.509101028	-0.104595301	0
0.164839093	-1.242974577	1.5947262	-2.943916115	1.364574018	-1.467701622	3.639261195	-1.078331024	0.189963885	0.099664703	0.132381501	1.148084721	-2.975721145	0.169468422	0.064271717	-0.367093662	-1.306611921	0.865727543	0.301484988	-0.583518158	1.054297627	0.230363639	-0.368745532	-1.678768058	1
0.618773583	1.092264483	-0.797724624	-0.469442512	0.86916998	1.153248377	-0.166317022	-1.458674888	0.757020189	-0.802767772	1.987782525	-0.752411324	0.812573262	-0.947707122	1.170180894	-0.761914407	0.991449269	0.394222752	-0.881570941	-0.197362624	-0.173613444	1.251396498	-1.127914402	0.779555194	0
0.485350711	-0.746597379	2.571723599	0.047505182	0.722802724	-0.654836185	-0.844304395	-1.698535925	-0.840509529	-0.071977411	1.599050847	2.414853952	1.36935796	-1.507960405	-0.650459242	-1.541752681	1.069051905	-0.01948365	-0.305844878	0.949155492	-0.993206868	0.162507376	0.324516805	-0.827585609	0
0.21265123	0.367556368	-1.986109055	-1.237453944	-0.044954049	0.360602144	0.056877525	-0.1566832	-0.13930503	0.440813892	-0.033838887	-1.021280696	-0.432725074	0.66929374	0.574486876	0.373029252	-1.689081728	-1.495791366	0.515535703	0.176605681	-1.425360097	0.498018835	-0.803918283	0.556769919	0
0.319714673	-0.633010586	-3.552959242	1.11326699	-3.661934898	1.240587153	1.528064786	1.581806828	1.457360668	-1.237449396	-0.029592684	0.774141427	-0.674128842	0.216377884	1.351500032	-0.427917257	1.408125172	2.043461791	1.032735781	0.195194616	0.401940952	-1.147734565	-1.125229119	-0.360920467	1
-0.148165782	1.15597004	-1.325197445	1.165162757	-0.132868081	0.574214027	-0.843451744	-2.789447535	-1.257626536	-0.900531631	-0.065253971	-0.761101546	-0.754928351	-0.334921424	0.282734618	1.186508598	-0.936208835	0.806942353	-0.593704499	-0.545172725	1.897105903	-0.482175437	-0.637178346	-0.372015165	1
0.177508355	0.134606353	0.031168383	0.87563194	-0.915915734	0.182787971	1.328457984	0.115877583	-0.690383786	-1.161754426	1.491175681	0.834806997	-0.754894245	-0.082563929	0.237311042	1.0084932	-1.00125817	-0.307278469	-0.068982899	0.380657639	1.18958269	-1.182997948	-1.495664037	1.082594281	0
3.296136128	-0.457885108	-0.068284862	3.663080861	-2.449069143	-1.610019353	0.614979854	1.293171863	-0.08363827	-0.262020876	0.644017746	1.253008577	-2.257238521	-1.891230568	1.513012649	-0.030461251	-0.299999101	0.539278062	0.035074663	-1.250468813	1.732046258	-0.417576302	1.870748747	0.871236807	1
0.190136689	-0.823654318	-0.903471573	0.867228209	0.402187652	-2.093329385	0.143286343	-0.868483312	1.700445864	1.606604201	-0.911661573	0.13038516	-1.178809725	-0.711247594	-0.911506959	1.664998308	-0.734476089	-1.320838692	-0.55189048	-0.442632881	-0.059322929	-0.201262083	-0.109937446	0.989336968	0
-0.358481884	0.494439973	0.884267592	-1.028952283	0.153333986	-1.121297828	0.13784188	-1.466655704	-0.333119488	-0.559643922	-0.535529807	0.302477474	2.460292308	-1.720945875	1.204343789	-0.329139311	-1.651119419	1.610274012	-1.128987606	0.140437351	-1.074458851	-3.041204764	0.789815431	-0.032982825	0
-1.13936494	1.400212568	-1.582548066	1.378857633	-0.766553967	5.868787412	1.693520062	-2.450578904	-0.268739768	-0.464540335	-1.845237421	-0.238203484	-0.912350515	0.73981937	-0.580175765	1.344801603	0.699515113	-0.254217412	-0.498766894	0.312794555	0.124921371	1.213325049	-0.471466137	0.558633246	1
1.672924554	1.602084012	-0.550353434	0.006748451	-1.02293825	-0.050395101	-0.394520612	-1.01286787	0.230085107	-0.539490657	-0.883871962	-0.480422386	-0.31329364	-2.229626261	0.731226919	0.24515316	0.495749646	-0.373539706	0.030487399	-1.066794084	1.509729373	-0.300155989	-1.185608198	2.551423677	0
-0.376985554	0.208640358	1.039777544	-0.061356786	0.163890945	-0.41630301	-4.093362804	-4.370922397	0.885409008	-0.928735062	0.66275561	-0.864220056	1.118849013	0.660097612	0.95834821	-2.111291906	0.984357484	0.244476723	-1.19869128	0.878944775	-2.207762009	-1.427354164	1.101582257	-0.776860816	1
0.622621883	-4.425201041	-0.366485438	1.427306415	0.270822511	0.711031589	1.91831532	-4.227495083	1.463508852	-0.253548933	1.022465312	1.020700893	0.653096777	0.573518264	-0.192333118	0.727612814	0.648674359	0.525086534	-0.661481181	-0.717931243	1.243802217	-0.086448608	-0.191170102	-0.696078359	1
1.080070433	0.609704784	-0.152712119	0.526913482	-0.03593982	1.461339707	-0.046529749	-0.071349859	1.355101631	2.133565431	0.705530283	0.891736818	1.191613137	-1.79736162	-1.101129783	-0.941581675	-0.702976877	-0.210682174	-0.462748631	-0.420438937	0.520840331	0.646007265	-0.756929239	-0.054676548	0
-2.811066224	-1.538969627	1.13622491	-0.351874405	2.921487976	0.919831109	-2.484666766	0.581735549	-0.563840103	-0.660623982	1.522307684	2.9662624	-0.235603466	-1.385656105	0.327202088	-0.922225354	-0.334947572	0.033869583	-0.287261628	0.020279458	-0.989446107	0.200267323	-1.052471816	1.582634468	1
1.584166966	4.304456525	-2.332717486	1.46811999	-2.757415132	-2.566130206	1.069706741	0.04298272	0.644545253	0.189619414	-0.791396815	-0.249283403	-1.757825885	-1.663602234	0.154964255	-0.143733132	-0.011423253	1.711482582	-1.786602297	0.249780214	-0.61298806	-0.493008656	0.185402769	2.040551408	1
-0.503220008	-0.723325684	0.238139819	-3.125460353	1.459561645	-1.402372618	0.997265488	0.12816372	-0.226001475	0.571326382	-1.089829311	-0.075633579	0.409017957	0.417162482	1.849448381	-2.356646291	0.729224894	0.217022489	-0.302484295	-0.246980107	0.805214313	-0.28768909	1.271819201	-0.73666115	0
0.615225417	-1.676503416	0.979275683	-2.112769835	-2.096667231	-1.182997948	0.204609023	2.039528226	-0.699262728	0.840543635	-1.650892045	-0.933416686	1.055864232	-1.239166068	-0.349258471	0.331658612	0.572532599	-1.039484232	-0.28772206	0.75837761	-0.821089543	-0.387308319	-0.433769856	-2.009910531	1
-0.372886007	1.292119123	-0.838711003	-0.201995363	0.359801788	0.211239239	-0.719687705	0.204614707	1.26822215	1.53383553	-1.630755833	0.547386207	1.419589353	0.03169589	1.140988388	0.141403689	1.241673999	0.284130692	-1.090943442	-1.545104169	1.127068572	1.210216851	-0.057987108	0.366984523	0
0.127866997	-0.425336566	-1.041073574	0.710050472	0.252437076	-0.370839643	-0.296993221	1.887956387	1.541166057	1.083371899	1.506191438	1.509238245	0.727197857	-0.012936425	-1.905382305	0.795723736	-0.275504135	0.785910288	-0.619229468	-1.377948138	-0.657289547	-0.117529453	-0.553667405	-0.38538019	0
-3.054001354	0.874520083	1.996145329	-0.123732207	-0.128636657	2.386009328	1.140422228	-0.392062702	-0.414938768	-0.130366971	-0.318559614	-0.29072794	-0.044956323	0.336970061	-0.258021373	1.214275471	-1.270400389	0.441732482	0.664700792	-0.494111418	0.668292159	0.202162482	-0.195993834	0.502770945	1
1.745179361	-3.3354263	0.201898729	0.313659712	0.837542302	1.285325197	0.388133685	-0.929326234	0.298880423	0.061647825	-1.312237146	-0.104989795	-1.21569883	0.388764647	-0.303814431	-0.185136741	-0.089080459	-1.010789674	1.090247679	1.058836006	0.726558937	0.18123842	1.540038284	0.038263579	1
3.248269422	1.796884135	-0.071067916	0.098225428	-3.082386684	0.125432962	-1.21327048	4.042685759	1.851631168	0.134950824	1.048222202	1.240218808	1.880835043	0.282924475	0.251112624	-0.437529479	0.317556896	-0.512160341	-0.147047103	0.37461632	1.003797934	-1.490957402	1.319385774	0.678633114	1
-0.271463705	-1.850144145	1.407452146	-3.169989213	0.522128403	-1.041962605	0.636630375	-0.48092943	0.302590024	-0.211505267	-0.954778443	-0.646906528	-0.41367457	2.594169928	0.383831775	-0.137496272	0.500183432	0.526375743	0.390738251	0.120019195	0.921641004	0.140228167	-0.42932129	1.285311555	0
-0.097434167	2.726915227	4.079556675	-3.192126314	1.038906703	5.253968993	2.638544174	0.329566774	0.193291498	-0.414904662	0.17857019	0.385653038	-1.452308425	-0.887398528	2.103224688	-1.014905138	-0.815975909	0.479369646	-0.337006441	1.225571395	-1.105458978	1.594839887	-0.300224201	1.098719622	1
-0.464420964	-0.12035116	-0.496937673	1.70331532	0.221328946	1.045800673	-0.237357654	-0.248967353	-0.452841959	-0.555149882	-0.33416768	-0.243881004	0.181860287	-0.423308393	-0.227690862	-0.632031742	1.001319561	-0.868503776	-0.424223572	-1.099251676	-0.871089014	-0.25552481	-0.374549245	0.937357072	0
-0.476559308	1.17085392	0.13363433	0.631292778	-0.808986442	-0.339151711	1.651678758	-1.836051524	-1.616472218	0.484494649	-0.685338364	0.61138735	1.360199349	1.478010745	0.42288093	-0.057716534	0.532897957	1.103694558	0.597146936	-0.190775609	0.71426939	-0.181490805	0.031309355	-0.352642928	0
-0.804000138	-0.055412102	0.573941179	0.959064437	0.809304765	1.701491783	1.356811481	0.400402769	-1.742118911	-0.369228701	-0.590143827	-2.722808858	2.745509846	0.102917284	-0.728402938	-0.516479304	0.291170181	0.264095661	0.09328005	0.395607458	-0.815168733	1.621410775	1.675293788	-0.740765245	0
1.324156074	0.131155957	-1.210476057	-0.108428821	0.573629677	0.831973921	-0.302818535	-1.029593477	2.067627065	-0.526617896	1.600265023	-0.477620006	-0.959641966	-0.828349584	-1.256817086	0.310907353	0.014645138	-1.349183094	0.632369392	0.421720188	-0.472466581	-0.817115051	-0.047900812	-1.233308922	0
1.662874638	-1.062608135	-0.707875643	-0.120035111	0.095591304	0.443803856	-1.240814527	-0.336150379	1.001340024	-0.709449068	0.396092901	1.833254828	-0.348479716	0.009772521	2.887099981	-1.18834123	0.530745865	0.106683729	1.328967301	-0.321126663	0.95658379	0.370592943	-1.099665496	-0.516579348	0
-2.278156899	1.476371381	-0.453319444	-1.680641617	4.579269444	3.772565833	-1.452108336	-0.659490524	-0.494162578	0.179755943	-0.765077175	0.203062882	1.163728029	-0.186155376	0.10776489	-1.167379651	0.654713403	0.966178959	-0.442948931	-0.374448064	-0.855009148	0.872691999	-0.468724011	-0.435799166	1
0.798017936	1.528337634	-0.295422069	1.100131612	-1.198989139	-0.702907528	0.320459321	-1.219041224	0.302345597	0.009854375	-0.460090632	0.525865289	1.345206329	-0.258536375	1.507364686	-0.21905521	-0.62339268	0.348495632	2.029019015	0.611441919	-1.366763627	-0.40786631	1.339537903	-0.309852339	0
1.238647656	-1.195076038	0.612903932	0.994750735	0.127879503	-0.29546527	0.527818429	0.184678584	-0.368373776	-0.233344508	0.512347924	0.315581019	1.578537194	-0.693710263	1.121566129	-0.183276825	0.326114105	-1.088387762	0.235354491	-0.277176468	-0.057536909	-0.242603164	-0.170011845	0.831623765	0
0.173656645	0.516201908	1.059418082	-1.52213488	0.348258027	-1.266193976	-1.731305019	0.625755092	-1.410357982	-0.824175004	0.617901605	-1.744638212	-0.86328896	-0.30613478	0.662651019	1.123833044	-0.996005838	1.158277882	0.103055982	0.746331352	0.36452775	1.447629074	0.947075023	1.797097866	0
2.727128958	-2.146989573	-2.323231456	-1.629769031	1.331932253	-1.144508133	-1.666653588	-1.064827302	-0.167706276	0.538007043	-0.814711711	-0.734100922	-0.773970896	0.428196927	0.005356924	0.522836672	0.176048616	1.432003955	-1.210419214	0.170185785	-0.534263336	1.400039764	-1.010516826	0.005420588	1
0.095697033	-2.426522769	-1.524476829	2.420874807	2.491515261	4.796529538	-0.914067186	-0.092982191	0.316117621	1.564931154	0.653221832	-1.209818947	0.516254204	-1.780263119	0.417412593	1.107482603	0.769148301	0.605894002	-1.89075763	-0.688282853	0.29794478	-2.074193617	-1.237706329	-2.034721547	1
-0.734619334	-1.02570084	-2.994311217	3.356535672	-2.705201041	-0.732075023	3.561381163	-2.482847776	0.061688752	-0.664256277	0.021263986	-2.037386366	0.108368567	-0.069499038	0.342539579	2.562737791	-0.788008947	-1.182363576	-0.518866727	-0.163917093	-0.39842007	-1.863827492	-0.358566012	-0.303841716	1
-0.64593678	4.007524694	1.473135853	0.409138465	0.820934929	2.417477845	0.998129508	1.917787813	-0.898921826	0.472771262	-0.57513148	0.351890321	-0.029340299	0.752709184	0.029149305	1.303978934	-0.788575107	-0.014642865	-0.401412308	-0.821046342	-0.079157871	1.231546776	-1.083128609	-2.042879714	1
-1.492210231	-0.233931132	-0.09827545	-1.239277481	1.427999905	0.552963684	-0.89043624	-1.06188736	1.281464392	1.728180905	1.617518137	1.020503078	-0.569064014	0.908469246	0.272998477	-0.912109499	-0.278391781	1.259754754	-2.205642886	0.852064659	0.258075943	0.656741577	-0.698649956	0.461924401	1
-1.376470209	-0.004201866	-0.676618583	0.912011728	0.77010327	0.025997906	0.151374024	0.10575377	-0.356226337	2.058332029	1.788403097	-0.669260771	0.880665993	0.233837909	0.282348083	-0.183705424	2.029200914	0.922129857	0.87596618	-1.437097126	-0.922814252	1.083662937	0.163250888	0.003620926	0
2.159640644	-1.851713023	-2.778442649	-1.097273525	-1.154403435	1.457231065	1.385155883	-2.991764632	-0.04363983	0.788134003	0.420881179	-0.492461822	-0.063985226	-0.88162551	-0.580807864	0.918023488	-0.60432626	0.02932552	0.232648745	-1.437381343	0.77335244	1.734292709	-0.534594164	0.819338766	1
0.742134034	-0.953177732	-0.712586825	-1.249361503	1.590851753	2.326378308	-2.389679139	-2.120023055	0.77296022	0.922291292	-0.762620402	0.73512183	-0.65065251	-0.137223424	0.672717988	-0.179696826	-0.182993745	0.589977844	1.16081992	0.319230367	0.09284463	1.699681889	-0.707066192	1.423732101	0
1.689459168	0.245865976	-2.035681064	-0.790246304	3.779887265	0.738205017	0.937986897	-3.571967682	0.721970537	0.64888809	-0.313773398	-0.770969564	-0.27273245	-0.701961653	0.064504775	-0.622412699	0.831989837	-0.189784259	0.180461939	1.581279321	-0.45368779	-0.528186774	0.235997959	0.990976332	1
-0.120132881	-0.988586635	0.369482223	-1.473672455	-0.050264362	1.071462066	0.906577498	0.51234565	-0.296504368	0.857421583	-0.983475275	1.714242899	0.078952098	0.60554612	1.247631189	-0.335742243	0.177892616	-1.771009011	-1.018229341	-0.156705937	-0.715551778	-1.247140062	1.549910849	-0.702315219	0
2.700867299	0.804998308	-2.134825081	0.320872005	0.58832029	1.897533366	-1.745438567	-3.706318239	-2.365122782	0.582630264	0.339250619	0.984402959	0.533381126	0.012039436	1.178668754	1.348998921	-0.261469495	0.936367996	-1.788448571	-1.102687293	1.021717253	-1.245402927	-1.477292244	0.543923306	1
-3.773857316	1.42953013	2.96030521	-0.144739261	-0.442000783	1.874245754	3.185123205	2.339502316	1.864927981	0.911722964	-1.850703484	0.067002475	-1.87625119	1.234018328	0.439788437	0.993172762	0.768911832	-1.773869371	0.925072072	-0.431698481	-0.229135821	0.679478944	0.023258053	0.951085894	1
-1.617868293	0.083514351	-1.227635948	0.595587153	-0.254631232	-1.470591542	0.741183612	-2.217520887	-1.005996637	-1.007858828	0.71311888	1.508974492	-0.159104729	1.735870683	0.443174031	1.120245088	0.4325193	1.583653102	2.143151505	0.195326493	-0.976663159	-0.079345455	-0.998113592	1.041344149	1
0.536518883	-0.995778464	-0.20741254	1.073767635	1.266762411	-0.30615297	0.462680418	1.021628577	-0.576976618	0.025906957	-0.820866717	1.912094376	1.221451384	-0.005958327	-0.344099362	0.425659437	-0.184204509	-1.58615876	0.359505066	-0.011814336	-0.193413143	0.292159257	-0.484162683	-0.435394441	0
0.535958407	-1.508628884	-1.84754299	-0.436232312	2.132192094	3.144923539	-0.694308255	-0.542108864	-1.705893737	-0.07787321	1.331445674	-0.298425675	0.253854751	0.631796411	0.933068804	0.475798743	1.204466571	0.269956217	0.509417077	0.127045041	-1.093285391	-2.574051905	0.170649628	-1.362695912	1
1.680455171	-1.827088454	0.975755938	-3.933055268	4.714420356	1.649736987	0.639170139	2.144033715	-0.996660674	-0.486871841	1.280186552	0.699635621	0.741233634	-0.010381882	-1.817584234	0.418358468	-0.645759428	2.226624929	0.460597676	0.030449883	3.116001608	-0.810755409	-0.318134425	1.885564416	1
-0.65052518	1.054911536	1.882572178	0.726308826	0.906379682	-0.914797056	-0.106426796	0.039069619	-1.595094545	0.710376753	0.232728325	-0.302896979	1.066684945	-0.682492782	0.130855824	1.622202035	0.792826995	-1.20352297	0.269279781	-1.08783297	0.814600298	1.144969701	0.461159289	-0.023877647	0
-1.017706381	1.811049515	3.409768397	-3.862496669	0.97760676	-1.412745405	-3.653367457	2.413594302	-0.9012183	0.469456154	0.410134362	0.487357283	-0.802119757	0.900436135	0.514137355	0.737779828	-0.840268513	-1.122964477	-1.44884325	1.475978024	2.20585207	0.504012405	1.434270871	-0.539782832	1
-1.042587883	-0.489844751	0.158416924	0.858426574	1.225855613	0.407072775	0.390797368	0.713268946	-0.146067123	-0.135601113	-1.643734322	-0.261344439	-0.530433226	1.59299816	-0.36505412	0.169958412	-0.207118092	2.151427907	0.892455319	0.744939825	0.033314791	-0.7818835	0.694612936	-0.432133902	0
0.485299552	-1.923681339	1.503835847	-1.892790351	-1.965208867	-3.082914191	-1.589535259	1.413404789	0.409231689	-0.160921445	1.456282916	0.378256573	-1.118753516	1.16380761	0.212974101	1.173593773	1.667008291	-0.860788987	-1.090477326	-1.496323421	-2.141941877	-0.468739927	-0.597567578	0.299990006	1
0.44125045	-1.9634399	-1.681546564	1.316411726	2.179667717	3.535442374	0.381883183	-1.050882474	0.165495067	-0.937320692	2.076367309	-0.524096322	0.13169597	-0.799971076	1.448129296	0.0373484	-2.302949724	0.56629915	-0.299783096	0.046532023	1.770058589	-0.019767867	-0.625209395	0.766242465	1
2.594797479	-2.10628059	-0.331040155	-2.064671207	1.442617759	1.294888534	1.630282895	-0.50753215	0.048482889	0.231491413	0.414536316	0.076854576	0.085353804	0.591285243	-0.925986114	0.685879513	-0.324978373	0.011243628	0.712987003	0.076280458	-0.554213102	0.039964334	-0.673239811	-0.348225058	1
-0.930313035	0.629677288	-2.034275894	-1.414116468	0.737524033	-0.163447567	-0.997076768	-0.46255991	-0.81220378	-0.549484866	-0.183624707	-0.560721674	0.486644467	0.622724201	0.32001708	-0.094474899	-1.244238774	-0.942939096	0.945519787	-1.508087735	-1.266180334	-1.48750587	-0.337436177	-0.531103979	0
0.807408469	0.241100224	-0.601867214	0.101783826	0.90332378	-0.732393346	-0.442055352	0.068569079	-1.124367373	-1.024914127	1.259593319	0.610317556	-0.16861236	-0.83129521	1.44202204	-1.318167051	0.455050895	1.554026312	-1.41134251	0.758395799	-0.654804353	-0.521940819	1.377909484	-1.2207488	0
-2.787201083	-0.471641215	-1.291555236	-0.906793503	-0.973632268	1.041341875	-0.606946742	1.80923962	0.340676252	-1.230355338	-0.071180466	-1.55735961	-0.124737198	-0.66481789	0.656473276	-0.272476655	-0.807990546	-0.914701559	0.525922133	-1.240441634	-1.65441179	0.397287749	-0.545969669	-0.580685082	0
-1.630392035	-1.378011802	-1.002695171	1.833450369	0.013114914	-1.314256224	-1.191890533	1.040905317	0.505310709	-0.250807943	-0.677100616	-0.470370196	0.139175427	-0.682109658	0.638372057	1.189914656	0.717388957	1.21965968	-0.974378054	-1.873013389	-1.438670552	2.134347596	-1.431480996	-1.679904926	0
-0.297245606	0.20981588	4.630273907	-3.893546818	-0.484246812	-1.28746251	-0.302452463	-0.235002062	-0.256752628	0.518401748	-0.264246864	-0.481043116	-0.801967417	-0.683019152	1.388818873	0.07189783	-0.964112132	-0.915842975	0.711079338	0.611687483	1.200112365	-0.450561402	-0.366243285	-0.80809059	1
-1.333780801	-0.59311219	-0.71009481	0.489237664	0.677744083	-1.241792233	0.239534756	-0.490864522	-0.414617034	0.262052708	0.853829079	-0.240130476	0.996310519	-0.608769142	-1.899898052	-0.516572527	-0.533211733	-0.01968715	0.208476649	0.381239715	-2.663728083	-0.993429694	-1.870457709	0.904074113	0
-0.449776962	3.718014341	1.186083409	3.352270141	-3.444984031	0.024149358	-4.194698704	1.712464837	-1.536709533	1.289463398	0.466370693	0.929535418	0.558500233	-0.53233407	-0.05337256	0.511598728	-1.629064172	-0.090102503	-0.978329808	-0.208967776	1.246266947	1.372668521	-1.110965968	-0.621616891	1
-0.208510755	3.847926564	-1.151001925	-0.45060915	-0.618597369	2.885872163	-0.724908205	-2.517458597	0.913269105	-1.953358151	0.124853159	0.306632728	0.096015356	-0.455204372	1.553639777	0.309740926	-1.035696187	-1.647581485	0.010123813	-0.318671027	1.831413101	-2.110700734	-1.351572791	1.928010533	1
-1.056644123	-2.211645551	-1.896742106	-1.542334758	1.776111276	-1.855601113	-2.297397259	-1.84666078	1.195037385	0.306594075	-0.272650595	0.13474164	-1.765506568	0.437407834	-0.336650601	-0.813045062	1.4243642	-0.462852086	1.919997885	0.948166416	0.503126785	1.112491645	-0.310674295	0.803894409	1
2.973856681	-0.999471013	-1.209677976	1.95001121	2.771030267	0.430040927	1.149637683	1.332127795	-0.735333288	0.079073743	-0.837430889	1.649450496	0.851321147	0.18679998	-0.352865754	-0.401971647	-0.892339358	1.692469596	0.089492005	1.15477178	0.011903012	-0.394152266	-0.031463969	-0.111604095	1
-1.272169357	0.20040261	0.432347633	-0.442551027	0.722722007	-2.323286026	-0.759252998	0.381709242	0.732273975	0.622170546	0.998616088	0.734705736	-2.168435458	-1.076489298	0.105956133	-1.438816071	0.771708528	-0.90292815	-0.751963398	-1.196819994	-0.283990857	0.880786502	1.379576133	0.345032731	0
-0.927016117	-1.147229796	-1.019759566	1.127111773	1.992584657	0.9224118	0.078266567	-1.659923328	0.193901997	0.489158083	-0.054592419	1.409857759	-0.018005721	-0.96209078	-0.999270924	-1.295265974	1.182834239	-1.798744051	-1.59207957	-1.407538548	-0.534128048	-0.305130925	0.003516334	-0.026545877	0
-2.515917004	0.028742306	-0.494984533	0.588483999	1.719104148	1.259813871	-1.173575583	0.010478516	0.53157919	-0.306326911	-1.885136953	1.636785782	1.51880613	0.47625349	-0.060713319	2.080751074	-0.577776973	1.084390533	-1.039886683	-0.074307991	0.993056801	0.004597496	0.588511284	-1.677772161	0
1.214782515	-1.612665983	0.632877573	-0.542764838	-1.246412467	-0.681993697	-1.270220764	2.154120011	-0.261250079	0.39554493	2.087508619	-0.528799546	0.019090294	0.013020554	0.601157808	0.142906629	0.593770437	-0.388711214	-0.712749397	0.28541308	1.801918188	0.94506504	1.46336788	-0.817929049	0
-0.313459623	-2.101783139	0.010170425	0.686432031	-0.022953373	1.319854164	-1.110136054	0.746449587	-0.885711415	-0.133486537	-0.655156782	-0.885188456	0.954573807	0.402191063	-1.906673788	1.765388333	0.401449824	-0.384357008	-1.509461072	-0.31372565	-0.252903192	-0.542506768	2.008064257	-1.988883014	1
-0.43540922	-0.344741693	0.98277269	-1.557309588	-2.722717909	1.03107368	0.374550382	-1.75142759	0.458010163	-0.286147497	0.509057827	-0.484768634	-0.766692665	1.08762606	-0.913300937	-0.48517677	0.837594598	1.424209586	-1.280068318	1.137379968	-0.954066763	-1.945618351	-1.368593985	0.072570856	1
-0.985332917	-0.061389756	-0.427377245	1.039079507	-1.20921186	0.99522822	0.492907475	-0.001776925	1.5432488	-0.39939323	0.026053613	0.772361091	-1.388355031	0.217662546	0.957450084	0.804909632	0.055822511	-0.483785243	0.380822485	-0.036945949	2.208416845	0.177587935	1.085768417	-1.05422032	0
-2.454644346	-3.207151167	0.062234449	0.553086466	0.295704012	2.486403901	-0.624825134	-1.055400389	2.407541615	-0.385698513	-0.885058853	-0.947707122	1.183348104	-1.79392373	0.91121592	0.586699116	-1.45314516	-1.686930773	-1.327430255	0.103320872	0.850377546	-3.216264304	0.231411832	-0.36426627	1
-0.683253347	1.695771061	-1.767575668	0.194377208	2.577389751	-0.695717972	1.635294211	-0.358340912	-0.32101525	-0.694959681	-2.058422979	-0.198217549	-1.034204615	-0.076531705	-1.02502554	0.350037226	0.420554898	-1.086930297	0.682507562	1.375274223	-1.23826112	-2.304877853	-0.909151368	-1.658058864	1
-0.22973154	-0.056068075	-1.033263288	0.342423618	0.16855779	-2.404594852	0.568700216	-0.276114633	-0.896159236	1.396920197	0.149578909	0.21686219	0.72884859	-0.106491598	-0.637337507	1.027422059	-0.43766704	-1.102596343	-1.743919711	0.877198545	-0.359032128	0.427911573	-0.04382855	-1.719417924	0
-0.380221081	-1.12258931	1.05793788	0.695681592	0.31682589	0.204390744	1.974403858	1.066705408	1.823509592	-0.884858764	0.534173523	-0.855930011	-0.513341547	-0.292925506	-0.738391464	-0.259707349	-0.003769856	1.579483069	-0.496225994	-0.200994918	-0.044013859	-0.469808583	0.066268058	-0.997665666	0
-1.947919372	0.611161113	-0.936620381	0.671443559	-0.14015427	-0.308898507	-0.211812221	2.348660928	-1.687894837	-0.893026026	-1.059793249	0.038066901	0.928346253	0.475265551	-2.02389856	-0.615837052	-1.482585503	0.728809937	-0.416632702	-0.364456127	0.708405423	0.216900844	1.371490725	-0.431507488	0
0.56399017	0.44017952	-0.737295522	0.445536443	-0.662357706	-0.060747425	1.015682756	-1.803900886	-1.056332621	-0.62568688	-0.699561724	1.174269073	-0.584425379	1.061687271	-1.117991815	-0.058354317	-0.816739885	0.086581622	0.047300546	1.848165994	-1.296843948	-0.808427103	1.631751729	0.660772912	0
1.698108463	-0.589407136	0.283348527	3.172599463	3.10622454	-4.956964403	6.873160601	-0.946338332	1.065484412	0.213249223	1.494122444	0.22574568	0.606692083	0.335319328	-0.55795681	1.622911441	0.087936769	0.856009592	-0.431434728	-0.376546723	0.07918743	0.370664566	-0.25218128	-1.795924618	1
-0.256359272	-0.88214847	1.223118034	0.22911081	0.199643182	0.675817091	-1.263715603	-0.232744242	0.329018803	1.434223122	-0.749557785	-0.754105258	0.8210327	1.371377039	-0.976435786	-2.012857294	1.334099125	0.405847231	-0.735451522	-0.919048944	0.029957619	-1.483895176	-1.586299732	-0.042084594	0
0.026625457	-2.0495645	0.335344339	-0.316033493	0.819620709	1.807857188	-0.282059318	-1.414296094	1.102264378	0.446632384	-1.0713552	1.008397703	1.500980034	-0.403229024	0.366655968	0.601928605	-1.424409675	-1.767821232	0.730181	-0.113864189	0.131183242	-0.776155957	-0.453019311	0.419847765	0
0.706875198	-1.799962774	2.702054189	0.466593519	0.222942163	0.266086317	-0.294717211	-0.293086941	0.190617584	-1.59091087	-0.336360699	-0.588211151	-0.347217792	-1.010348569	1.26692612	0.428394742	-0.799877853	-0.888296654	0.286377144	0.223353709	0.23683242	-2.036358637	-1.643893484	-0.72854732	1
-0.496793291	-0.118725438	0.344296041	-0.044990429	-0.008974439	0.130748958	0.076900051	0.55647206	0.981967787	0.919385457	0.758917622	0.805945319	-0.11364591	-0.256623025	-0.894988261	2.353135642	0.834454568	-0.685297437	1.044634246	0.706618266	-1.088726549	1.078135483	-0.020881998	1.300422809	0
-1.5910814	0.263084985	0.567958978	0.359796104	1.492719548	1.191883712	-0.126497071	-3.014492904	1.346993486	-0.736038146	-0.184279543	0.721870492	-0.152400617	1.331463864	-0.23170287	1.668995537	-1.114779025	-0.755665042	-0.840445864	0.368029305	0.678230663	0.31380182	-0.50623953	0.910638391	1
-5.289621186	-0.767522579	-1.42907993	-1.85902536	1.458520273	0.998729774	2.247461452	3.161394488	-1.311891538	-1.869493644	-0.063160996	-0.226843895	0.003092282	0.951888524	1.973139661	-1.021535354	0.647717115	0.411030214	1.367084224	0.189679668	-0.140182692	-0.615096951	-0.077054665	-1.225153028	1
0.878781066	0.192987955	-0.942870884	-2.902961569	-0.347524747	-1.933440217	-0.35434141	1.344633347	-0.153694373	1.261832949	0.501470367	-1.050307219	0.919681042	0.083174427	-0.79157644	1.222651917	0.607202537	-0.546515366	-0.157968998	-0.381521659	-0.279547976	0.098636974	0.123087602	0.692743924	0
-0.664092568	-1.958997018	-0.546531282	-0.289098807	0.254406132	0.939890015	1.432622412	2.194374247	-0.112156613	-0.847328465	0.697748419	1.982552931	-0.341514124	-0.782667939	-0.016693775	-0.504808213	0.67834435	1.968255674	-0.233944775	-0.240826239	-0.86967475	-0.873451427	-1.471885298	1.034359229	0
2.271390258	0.425834514	-1.626276571	-0.333618573	-0.157637032	0.350978553	-1.138841981	-0.662492994	-0.85847887	-0.278128027	1.219991645	0.770489805	0.347858986	0.334608785	0.392487891	1.283292477	-1.239086487	0.019265372	-0.889297098	1.894140951	-0.279311507	-0.17817456	-0.531069873	0.758093393	0
0.556635769	-1.746057023	2.214528649	0.381983227	0.568813903	0.737943537	0.486338649	0.434349658	0.053219082	-1.153894118	0.484607199	0.353604719	0.835448191	2.583001333	-1.200482984	-0.275729235	1.530474947	2.167589628	1.803737177	-0.739119059	-0.749471383	-0.04627168	-0.041275143	-1.735775186	0
-2.009478521	-2.239712558	0.357917997	-2.075498742	-0.779587026	-1.033336048	3.755340003	-0.049508344	0.730414058	-1.008693289	0.81838607	0.009662244	0.167422058	0.307143182	-0.131860816	0.18362357	-1.136008905	-1.475300451	-0.436532446	-0.936979632	0.995544269	-0.140794327	1.250691639	1.112382506	1
-0.257668944	-0.869886208	1.951525519	1.44628757	-1.145290298	2.556212166	-2.000128916	-1.603038982	-1.031346528	-1.760072337	-0.951529273	-0.416246166	0.669376732	1.962353053	-1.582211553	-1.641574272	0.238197799	-0.763491244	-0.768866357	0.045097295	-0.394736617	-0.330178409	-0.871109478	-0.405374294	1
1.431267265	0.32994194	-2.071624294	1.588668965	-0.376207936	-3.50870323	3.537334123	-0.751329026	0.280494987	-0.119048309	-0.308887138	-0.097588782	1.804855856	-1.344692464	1.000191787	0.031504896	-1.13789838	-0.884219844	-0.271447789	-1.314720066	-0.384318355	-0.816194188	-1.473731572	-0.249344794	1
0.450867219	-1.051248546	0.511658982	-0.641618954	-0.931431714	1.227604116	1.220346348	-0.152506345	-0.847785486	0.016291324	0.099184945	0.470805617	-0.267010591	1.079592948	0.473202135	0.825320967	1.204357432	-0.258155524	-0.306768015	-0.307320533	-0.475583875	-0.55679493	1.030041403	-0.321974767	0
-1.270414032	0.836002982	4.096418706	-2.147503437	0.292052391	1.804332896	-1.578514457	0.178679329	-0.764332526	0.709160304	1.205435183	-0.137906682	-1.292801244	-1.54967438	-0.098041255	-0.852282938	-0.74511604	-0.284354655	-0.151206905	0.073835054	0.631795274	0.922441359	0.277079835	0.20784455	1
0.872191777	2.098213372	2.386659617	0.596278369	0.198870111	0.774498403	-0.563588856	-1.302769306	-0.479109303	1.802691258	-0.19681579	0.084448857	-0.878982291	-0.501529485	-1.445860107	-1.924590833	0.689142325	-0.094030383	0.999204985	-0.96586291	1.129712928	-0.332331638	-0.816282864	0.916024874	0
0.104225819	1.679541128	2.811984814	2.272781785	-2.150982255	1.239639005	-1.38094947	1.996736501	-1.417683961	0.354486929	-1.685421012	0.054502607	-1.039518338	-0.497886958	0.430345608	-0.912391442	0.41880071	1.021708158	-1.387863904	-0.464918912	0.530139914	-0.056481895	0.08264351	-1.073080966	1
0.545146577	-0.347920377	0.164483254	-0.629017904	0.061163519	-0.830159479	-1.415510269	0.7151516	1.594753485	-0.556033228	-0.249272034	-1.404364411	1.42224053	-0.53879603	0.107072538	-0.200039949	-1.037915354	1.896059985	0.352530378	1.012826942	-0.405311766	-1.149248874	-1.517146302	0.819165962	0
-0.708691914	1.760049599	-0.735269623	0.594598077	-1.528055691	-0.300260581	0.608873734	0.628745056	-1.78917162	0.15422529	0.201124521	-0.157215254	-0.623050482	0.647235083	-1.14323484	-0.591051048	-2.201795724	-1.111911843	-0.620964329	-0.06165692	-0.547058789	0.258705768	-1.117898591	0.436001528	0
-0.45147317	1.200489805	0.372069735	-0.425629878	-2.053025128	-1.729581527	-0.870647909	-0.097784323	-0.847080628	-0.166423888	0.402510523	-0.897323389	1.118839918	0.595537131	-1.044118108	0.98099008	-0.119075594	-0.602304908	-1.208786671	0.358619445	-0.706015726	-1.14201157	0.752094138	0.505071966	1
-2.556917025	0.78383664	1.910498213	-0.854956852	-0.07295057	1.918451744	-1.751350283	-2.301853783	-0.532413651	-0.820202786	0.948020897	-0.451008191	0.764196102	-0.631148396	0.452212134	1.306116246	0.788595571	2.25569238	1.377025001	0.73091428	0.405013907	-0.752997948	-1.56562237	1.19993274	1
-2.745246093	-0.739228199	2.256770131	0.597985945	3.208024282	-0.602231012	0.141358214	-0.477882622	-0.332279342	-0.2471063	-0.499976522	-0.150643018	0.564272113	0.281934263	1.141384018	-0.336131052	-1.133348633	0.11110842	-1.07223741	1.247976797	2.30202204	-0.124265398	-1.350317689	1.654934749	1
-1.700150278	-1.339071787	3.244886102	-3.506293069	3.838740668	-0.293953235	2.799997674	-2.615311132	0.47029971	0.303502929	0.969312168	-2.27273631	-0.363556865	-1.588277883	-0.575828381	-0.465768153	0.564164111	-0.671652742	-0.453283064	0.607402626	1.586618055	-0.544116574	0.100762918	0.982390702	1
3.887143976	-2.287879397	2.006263458	-0.060028924	-2.225397111	0.565589744	-2.428478183	-0.575407739	0.202533101	1.030027761	-0.405417495	0.652755716	0.355656766	-0.385239218	1.077530669	-0.968611857	-1.157752649	1.496964614	-0.746977094	1.123351012	-1.025380243	0.903262389	-1.489120223	-0.596878635	1
0.097063548	1.574521775	-2.030315045	0.593699951	2.753740773	0.162931428	0.202248884	-1.37471261	-1.574317139	1.689663804	1.295134098	-0.477316462	-0.748113962	-0.001131184	-0.583166866	-2.169563231	0.595521215	-1.308189894	-0.919560534	-0.846607691	0.618181275	1.589269232	-0.721208835	2.138585842	1
-0.491659193	-1.960511327	1.336666173	1.111902748	1.315631835	0.686036401	1.45113745	0.45969955	0.359516434	0.086450882	-2.480810508	0.201308694	-1.049338607	-2.318120096	0.243436489	-0.990410172	-0.628606358	1.018731837	-1.007717856	-1.300750228	0.319680566	-0.799016107	0.36759161	-1.028222414	1
-0.043130512	0.759733894	-0.888342129	-0.027391707	-0.238064786	0.541720055	0.775173703	-0.681527581	-0.513737177	-1.962434908	-0.459400553	-1.118542059	-0.463203378	0.639433893	-0.604068191	-0.380822485	1.537619028	0.284401267	-1.002576937	-0.679093546	-1.201717623	-1.774110387	0.329532668	0.973600436	0
0.288190449	-0.232666935	-0.581062523	1.964817784	-0.095678843	-0.219242793	0.116638148	0.437823928	-1.225496362	-0.180484676	-0.281265784	-1.496323421	-2.248925739	0.258303317	0.2682782	-0.37119662	-1.41273631	0.71409886	1.339121809	0.557457724	0.834791081	-0.915460987	0.646527951	1.168457402	0
-3.190525604	0.365064352	2.848410077	-2.659799065	0.218087735	-2.564370334	-1.539574441	1.916564543	0.227387318	2.711822162	-0.378818186	-0.694653863	1.759681254	1.434987098	-0.537189635	2.243396011	-1.411608537	-0.271752469	1.606745172	-0.421848654	0.369731197	2.135238901	-0.156992428	-1.138821517	1
0.66577968	0.515328793	1.096384494	-1.368521225	0.35505991	-1.017331215	0.09435098	0.960674242	0.173185981	1.162291028	0.160821401	-1.247358341	0.117483978	1.721036824	0.306969241	0.82218321	-1.135592811	1.429912118	-0.958971214	1.094285835	0.172298087	-0.118625394	-2.041797416	-0.294498932	0
0.305840331	0.125146471	1.132377747	-4.483481462	2.207439138	1.518242243	-0.585027919	1.501198312	-0.327231646	-1.11298732	-3.288150765	-0.981704034	-0.707270829	-0.536533662	-0.803024705	-0.683032795	1.159896783	0.785682914	0.283212103	0.467759946	0.546394858	0.198778025	-0.185307272	0.882062068	1
-0.587999693	-1.512294148	0.952379651	-0.84491603	-0.353263658	1.157329734	0.362595074	0.993366029	-0.344165301	-0.194805807	-0.646556373	-0.118857315	-1.164009973	-0.160090394	-1.067642188	-1.594835339	-1.672096914	-0.582672328	0.378524874	-1.247792625	0.714048838	0.697939413	0.157384648	0.880145308	0
-1.917355803	0.469990482	-4.152097972	-1.237112883	-1.278544914	0.825214101	0.450218067	-1.060234354	1.344787961	0.620341325	1.501921361	0.093521066	0.244381226	0.677782737	-0.740535597	-2.49085133	0.795141659	0.611914857	0.315078523	-1.497942321	1.623870958	0.09709197	0.053871645	0.471997055	1
0.473817181	-0.981799531	2.53206963	-2.551837497	-3.197292244	2.289066288	1.602165867	0.820934929	1.992666512	1.120320121	0.930783699	1.200846782	0.594286576	-1.756798156	1.302801138	-0.710140284	0.124322241	0.137947609	-0.039274255	1.140540462	0.363114623	0.650850325	0.257605279	1.749531293	1
0.085465217	-2.703109203	-5.932670319	-4.559879017	-1.376192813	-1.749676812	-0.699551492	1.20105824	1.349569629	-0.535517302	0.41895305	-0.271049885	0.241268481	1.345961209	0.233346782	0.63152811	1.802582119	-0.413393764	-2.787928679	-0.645397904	-1.086814336	-2.769957064	0.652516974	1.173752935	1
1.686157702	-4.280918802	2.655042408	-3.838831617	3.355689842	0.94656798	-2.801934897	2.606561793	-0.014308625	0.393388291	-0.98485998	0.299337444	-0.72439434	-0.34087634	0.181416908	0.32625735	0.444947545	-0.961772457	1.612183951	-0.941618055	-1.040821189	-0.413051566	-0.730133252	-1.238499863	1
-0.046130708	-1.80668394	1.483927008	-0.232366801	-0.196004066	0.396698852	-0.998070391	1.672960934	-0.766112862	0.135534037	-1.209082257	-1.380524282	-0.375769105	-0.335796813	-0.342627118	-1.258483735	0.415383283	0.183443944	-0.157665454	0.063067773	0.385084604	-3.121094778	-1.554931259	-0.562290552	0
0.696425104	1.347339094	0.753645963	-0.603338322	0.626131396	0.287250259	1.145622264	-2.565975592	1.142877863	-0.20951461	0.836129175	1.158100531	-0.902298325	1.110527137	-0.743857527	-1.14392833	1.114217412	-2.140368451	1.57238901	-0.589291176	0.867482868	-0.401363422	-0.293923677	-0.044531134	0
-0.333309345	1.444241207	-1.708112904	-0.524030384	1.404214345	-0.78753601	2.367460183	1.560106284	-1.028543011	0.013199042	-0.19008894	-0.242117721	-0.584477675	0.473689852	0.006598384	0.163498726	-0.102627382	-0.472576858	0.914451448	-1.437501851	0.289890068	0.823611117	-1.196387984	-0.789643764	1
2.070592018	-0.234351774	0.843883754	-2.418091753	-2.031320037	-0.303784873	2.293263606	-3.229333743	-0.135454457	0.295943892	0.040781742	-0.116222054	-0.317156719	0.271213594	-0.134234597	-0.370904445	-1.05251047	1.054672794	-0.177035417	0.491713763	-0.367903112	-1.126627467	-0.128898137	-1.38594487	1
1.413895916	-2.140213837	0.4999265	3.707391443	-5.243127816	-1.743028406	-1.305493242	1.778380465	-0.110258043	0.236068445	-1.228454494	1.874786903	0.112057705	0.982436177	1.663024705	-0.541219833	-0.430927685	-0.993823051	-1.34598622	0.802101567	0.141329792	0.268347549	0.294165829	1.028442966	1
1.266130312	-0.625689154	-0.729646672	0.182106987	-0.571586725	-0.199746637	-0.600389285	-0.316154001	1.091575541	0.595466645	1.379480636	-0.02140041	1.140272161	-1.314770088	-0.617944806	-0.69698217	0.847387582	0.934633135	0.378202003	1.492171577	-1.40848897	1.385051291	1.210892151	0.664795152	0
0.188861122	-2.111592039	-0.147138053	1.197122401	-3.056793503	3.718305379	1.871549102	0.165489382	-1.60890977	0.697921223	0.022004087	1.394041647	-0.514405656	0.603406534	1.330417945	0.580121196	-0.436713208	0.076507831	-0.917791567	0.652433982	0.303386969	-0.25093982	0.670336249	2.111610229	1
1.256862561	1.187777343	0.337107622	1.324833647	0.407569587	-0.146583261	-0.130946773	-1.17280706	0.395714324	0.245486262	1.695188985	-1.469388735	-0.98251121	-0.554811095	0.019081199	-0.076245215	-0.613345037	-1.028472525	0.423804067	0.797579105	0.483792064	0.837783318	-0.150934056	0.219513367	0
-1.565349521	-0.117088348	-0.177167294	-2.656493052	-1.549997251	0.954505595	3.782988642	0.824529707	-0.110903784	-1.417279236	-0.767929578	-0.680747689	1.935777618	-0.071624982	-0.454525662	-0.415145678	0.535562776	1.360201622	1.48955678	0.547373702	1.176852038	-0.380221081	-1.134487775	-0.857453415	1
-0.578552317	3.041832315	-1.109406185	2.266397132	0.343520696	-0.644822649	-3.364348231	0.545267085	0.299451131	0.417007868	-0.226790462	0.53372105	0.407426342	1.451026037	-0.034366394	-1.351572791	1.942444214	-0.114454224	-0.658251338	-0.221170922	-0.93533572	2.966116881	-0.245842102	-1.198677637	1
0.404329512	0.684890438	-0.509746769	0.640982307	-0.770819497	0.949873993	1.705566319	0.392071797	-1.025787242	1.147634521	-1.341932148	-0.746756541	0.055733835	1.8290757	-0.52124733	-0.560721674	0.482662017	1.072510258	-1.125517883	0.691038622	-0.471395651	1.755897756	0.708162133	1.025105121	0
-0.468580765	0.973006991	-1.697626431	-1.359276212	1.486741894	-1.521948434	1.106050149	0.62972731	-1.308103492	-0.454564315	-0.83681698	0.369387863	0.607232096	-0.285256192	-1.679145498	-0.01905164	-1.477205842	0.916888894	-0.365527058	0.976206138	1.011464974	-1.049982075	0.135426035	0.51651341	0
-4.15593604	-0.525362793	-1.422592959	-3.731511242	-3.698096407	1.040698407	-3.064233169	-0.259785793	-0.584199142	0.263925131	1.239623089	1.210476057	1.807616172	-0.823490609	0.354502845	-1.262246769	-3.361492418	-2.102524377	0.17618504	-0.119084689	-0.714630914	1.281150617	-0.201482635	0.279861752	1
-1.250687092	-0.787690624	0.532722879	-2.49164259	-0.972163434	0.76768174	-0.107820597	0.476284185	-1.278476702	0.313298187	-0.18820856	0.346974502	-0.341633495	0.751160769	1.520370461	0.293670155	2.247888915	-0.017082584	0.779134552	0.590581521	1.093060291	1.470098141	-0.822813035	0.075017397	1
3.079967428	-0.252168775	-4.314988473	-1.192001946	1.353228072	0.441468728	0.387663022	-0.408504093	-0.311190433	1.080925358	0.245651108	0.207420499	0.248984406	-0.679435743	-1.637035894	-0.728341547	-0.018767423	-0.894222012	-2.719607437	-0.504726358	-1.797207005	-0.671320777	-0.361450248	0.79323172	1
0.071989916	0.063025709	-0.037071004	0.004890808	1.129617431	-0.945385636	0.505508524	-1.365051503	0.564132279	-1.067426183	0.076922788	0.834738785	-1.839616743	-0.144814294	-0.514850171	-0.828272277	-0.47431854	0.577338142	-1.221994808	1.38838459	1.189018803	-1.865473678	-0.759280283	0.16859417	0
0.672700935	-0.323800577	1.172102202	-2.159013093	0.507095592	0.13791464	-0.376387561	-1.205316948	1.612052074	-1.870503183	0.79460051	-0.887446276	1.066341611	-0.029491503	-0.912373253	0.550584218	0.524016741	0.255773784	-2.148462954	0.702416401	-0.549400738	0.553059181	-1.902517397	0.301047294	0
0.85537522	0.943414307	0.27212991	-1.862522367	-0.895959147	0.017598722	-1.794364834	-1.428704763	0.787255203	-1.099151632	-0.241577709	-0.429552074	-1.426210474	-0.037607606	-0.259426542	0.152282382	-1.562420948	0.190233322	0.192804919	-0.078939593	0.664254003	1.342073119	-0.205334345	0.93431936	1
-2.127344487	-0.918562364	0.726672624	1.373159648	1.192815944	-0.378970526	0.48991069	-1.327412065	1.439057087	2.004308044	-1.599073585	-0.23857524	0.714649104	0.196357632	-1.128735221	-1.411260655	1.251441972	-0.802422164	1.696407708	-0.811917289	-1.281273398	0.817565251	-0.832994829	-0.798427209	0
1.676924057	-0.969048415	-2.875758582	-2.692213457	0.490426828	2.746046448	0.916461431	-1.930839062	-0.427612576	-2.394117473	-2.035949365	-0.675768206	-0.075700655	-0.260415618	0.901209205	0.565535174	0.967827418	-0.321360858	1.697253538	2.319466148	-0.887098395	0.750244453	-0.751433618	0.462581511	1
3.489121809	-1.981093192	3.053619366	0.104460014	-1.3102499	-1.104499461	-2.37414497	-2.010301614	-0.274528702	-0.092131813	-0.685481609	-0.563386493	0.746467776	-1.710441211	-0.438515144	-1.187368071	0.219976073	0.468916141	0.721979632	0.740039923	1.541598067	-0.306574748	-1.271696419	-0.246366199	1
1.623079697	-1.282000994	-2.100377969	-2.733895599	-3.100449248	1.778776095	1.014348072	1.868611434	0.586824171	-0.037879317	-0.424847713	1.282114681	-1.413659447	-0.186100806	0.685115538	-2.520500857	0.699649263	0.89114792	-0.433012701	0.594991434	-0.375027867	-1.416312898	0.274455942	0.478103175	1
-1.264616003	0.909719802	1.02701506	-0.286005388	-0.739439656	-0.595375695	0.853015081	-0.878665105	-0.164500307	-1.321227501	0.400361841	-0.20936568	-0.337022357	0.963966613	1.204261935	-0.770606903	-0.135470373	0.137238203	0.614619466	-0.240949021	0.605211881	0.855259259	-0.54494194	0.678157903	0
-0.608365553	-3.297191142	-0.095294581	-2.561869223	-0.634872777	0.35036237	0.39430688	-1.804360181	-0.7743688	0.028421709	-1.629264261	-0.65664949	-0.070310762	-0.099570343	-0.71291538	-1.23408654	0.325348992	-0.532085096	-0.458792329	-0.590171112	1.35175469	0.633533546	-0.268545364	-1.56599981	1
-0.099730642	0.281519306	-0.500454007	0.798254405	0.273442993	1.089733814	0.66992925	0.5409197	0.467417749	0.007860308	0.014464376	-0.301088221	0.32016942	-1.854887159	0.206857749	-0.147401806	-0.610230018	-0.594443463	1.094908839	1.34649099	-0.166689915	0.338682185	0.619793354	-0.983436621	0
-2.82986548	0.468403414	5.076435627	0.009249561	1.8960327	-0.950628873	-1.460748535	-0.585573616	-0.562376954	-1.057076133	0.2532488	-0.157131126	0.232500952	0.026493581	0.005595666	0.34123218	-0.981053745	0.88831257	1.05273557	-1.420680746	-0.377290235	0.915003966	-0.00356863	0.607979018	1
-0.01632543	0.683153303	1.399862413	1.277335286	0.922791514	0.014273382	0.340623956	1.391929345	0.584720965	0.098193595	0.9057635	0.204518074	-0.086048431	2.279757609	-1.137477739	-1.619209797	0.809561698	0.464960976	1.130817964	0.402311571	-0.08946472	0.401482794	-0.078227913	0.069330781	0
0.060989578	0.057234502	0.977186119	-0.75338221	1.465468813	-1.912121661	0.033988954	1.058051566	-0.222103154	0.273588512	-0.230090791	-1.256580617	-1.733633326	0.515677812	-1.565749699	0.637538733	-0.774059572	-0.227394139	-0.254731276	-0.363966137	0.143364787	-0.004647518	0.012587407	-1.891485226	0
0.149166226	2.22813469	-0.967306732	-0.44596618	0.355425982	-0.001301714	0.285052693	0.275762204	0.509876372	-1.132152647	-2.350243449	-0.42575607	0.382494818	0.186746547	-1.01459591	1.489547685	0.52006726	-1.279674962	0.12788405	-0.248201104	-1.027829057	-1.032667569	3.004970495	-0.966549578	0
-0.015868409	0.64064352	0.495056156	1.12330099	2.031802069	0.22790573	-1.581665856	-4.266294127	-1.28753527	-1.809121386	-1.506268745	-0.283500867	0.38789949	-0.708968173	-1.172811608	-2.407923603	2.413071343	0.08433517	0.667084805	0.825682491	1.237490324	-2.353008313	0.402912974	0.354573331	1
-2.560991561	-0.084679641	-0.434027925	-1.282942321	1.380828962	0.072456032	-0.389716206	0.207510311	-0.77331606	0.170130079	-1.377500212	1.489711394	1.342336873	0.992165496	-0.345681883	0.926293069	-0.115969669	-0.362570063	0.458833256	-0.544577006	2.110009518	-1.690705176	0.108434506	0.611215683	0
0.108318545	1.72865839	2.075912562	0.228749286	2.129818313	-1.02981403	-4.784596968	-0.362019819	-0.846696366	-0.031735681	-0.276908168	-0.027989699	-1.547368811	-0.907928097	-0.757315775	-0.403330205	-0.584911959	-0.674524472	-0.371542228	0.893346623	-1.169573807	-0.252781547	0.697687028	0.797125495	1
-0.719448963	-0.525666337	-0.875870683	0.268285021	-0.307591108	-0.52048108	1.341813913	-2.443630365	0.554327926	-0.548254775	0.181167934	0.426045972	0.882141649	0.039366341	1.343951226	-0.237916993	-0.615370936	0.205434389	2.08056008	-0.860186447	0.717584498	-0.04800313	0.546431238	0.525444648	0
-1.675525709	-3.517579898	-1.419230102	-2.094129741	-2.076212695	0.176346475	1.217886165	3.571531124	-0.377324341	0.499634325	0.840088887	0.832837941	0.753407221	0.174072738	-0.511338385	-0.618861122	-0.591544449	-0.272284524	1.507728484	1.121838977	3.125751391	0.004376943	1.082039489	-1.944672476	1
1.116736712	2.069546099	-1.294879439	0.729291969	-0.72230705	2.281649358	-1.523903848	1.219120804	-0.767486199	0.105369509	0.800243924	-0.597640337	-0.31535933	-0.501490831	-0.82610768	-0.396173618	-0.979673587	-1.004036676	0.805005129	0.813354291	-0.336358426	-0.552083748	0.455872851	0.998913947	1
1.049829734	0.878476385	2.333454177	-0.585769158	-0.605666628	-2.625079105	3.428158379	-0.596098744	-0.298423402	0.286667046	0.466388883	1.213247742	-0.924360393	1.324124241	0.005038601	-0.120315917	-0.136328708	-0.765860477	-0.557106432	0.839961558	-0.13795443	1.364460331	0.072540161	0.460298679	1
2.710039553	2.103038241	-0.853281108	-0.079717211	0.437819381	0.509201072	0.326858753	-1.74789875	-0.547097443	-0.0639875	-0.923664629	0.486845693	-0.163262257	1.16164756	-0.588127023	0.373295279	-2.19723006	0.599017085	0.137795269	1.220500963	0.606587491	-0.559318778	-0.293042604	0.809443463	1
2.190936357	-0.058355454	-0.828215434	-0.058274736	0.046873083	-0.547338459	0.420375272	-0.010296617	-0.197288728	0.573310217	0.624520453	-0.195531129	-0.071909199	-0.793261279	-1.511430128	1.352887011	0.028846898	0.585262114	-0.445488695	-0.420079687	2.232773113	0.46265086	0.654515588	-0.820723471	0
2.630058589	0.419454409	-0.31222271	0.202162482	-2.892466	0.063259904	0.599975465	0.901416115	-0.761071988	-0.506445303	-1.225812412	1.01598971	0.687491593	-0.351791414	-0.527751354	-1.409089236	-1.748912837	0.14071702	-0.753466338	0.465333869	-0.906723017	-0.378820459	-0.722711775	-0.145851118	1
0.444001671	0.867378276	-1.550938578	1.923617674	-1.47706487	-2.638953447	-1.659232112	1.126456937	2.356555342	0.343952706	-0.786924375	-0.714301223	1.280955075	-1.402781891	-0.696206826	-0.898528469	0.558129614	-1.651228558	0.991246907	-0.972913767	0.263801212	-0.196780547	0.440206804	-0.460892124	0
-0.548704975	-1.592425178	0.507491222	1.373068699	0.671965381	-1.424523361	1.165071808	-1.277117008	1.45281092	1.413441169	0.466320671	0.376426215	-0.127781732	-0.207197672	0.470772648	-0.578957042	1.64015546	-0.290301614	-1.391431397	2.774904715	-1.310286279	0.509878646	-1.092764705	-1.123016773	0
0.545985586	-0.85286274	0.375935088	0.414559054	0.273684009	0.741896429	-0.085261718	-1.573812369	-0.294123765	0.616379339	-1.225214419	1.648591024	1.509724825	-0.305071808	0.585173439	-1.805374268	1.535750016	-0.345111175	1.473163138	-0.618924787	-1.48063009	-0.462287062	1.807220542	1.293035439	0
-0.114039267	1.126622919	1.749676812	0.035378207	-0.539341727	0.502604962	-1.491548574	-1.076609806	-1.129392331	0.567251845	0.151112545	0.06631808	-0.360239483	-0.739073585	-0.349805305	0.288048341	1.152834557	0.254960923	1.499975042	-1.513089956	0.98741566	1.842381607	1.900825737	0.580569122	0
0.697327778	0.511090548	-2.071874405	-0.015522801	-1.039052222	-1.866319508	0.038546659	-1.552252797	0.339189228	0.283898771	-0.629506758	1.648991201	-0.418266382	-0.016189006	-0.576523007	-2.081105777	2.088672773	0.895965968	2.512024366	-0.630263912	0.051277311	0.074775244	-0.231019612	0.153057726	1
-2.926935849	-2.813794708	-1.470457391	2.052915988	-2.543201845	0.367301709	-1.449520823	-1.234870979	-0.439193855	0.522909431	0.917832494	0.775928584	-0.151381983	1.04864057	0.974901013	0.43191676	0.812692633	0.021702817	0.637909352	-0.240850113	-1.253415576	0.485345026	-0.818245098	-0.483653366	1
-0.37181735	0.880979769	-0.181785254	-0.308173185	-1.122837148	-0.413982661	1.204107321	1.453340701	1.728749339	-0.131525439	1.143039299	0.664022082	-0.929005637	-1.552853064	0.59085437	0.704915237	1.531839189	0.359887053	1.253924893	0.382524377	0.483689746	-0.140770453	2.216565917	-0.432090701	0
2.743627192	1.883308869	-0.708143943	2.601227607	0.31759555	-1.16508545	-2.815004336	-0.762775016	-0.06154778	0.569202712	-1.50509095	1.135661023	0.354914391	0.298496161	-1.377779881	0.012580585	3.208697308	0.413385806	-0.279287633	0.055254077	-1.365719982	1.64157882	0.969437224	-0.46990408	1
0.899397037	2.02378942	-1.2697069	1.18697244	-1.445537237	-0.068548616	-0.400582394	-0.801805982	0.196007477	0.778974254	-0.646439275	0.938655376	0.876925697	0.341144641	0.995230494	0.513118721	-0.601783086	0.906672994	1.572984729	1.68997758	-0.841866949	0.621696472	-0.487755187	0.945146894	0
2.641454557	3.275936251	-2.092820068	0.701304543	2.918095561	-0.569334588	-1.255070856	-1.097509994	-2.01696821	0.810333631	1.073062776	-0.387624368	-0.899888164	-0.992351943	0.281443135	-2.019924068	-0.568397809	-1.752032404	1.341086318	1.041730684	-0.996701601	-0.791994808	0.494601409	-0.3211278	1
-1.270559551	-0.333611752	-1.821631486	1.274827355	1.825519576	1.116975454	-1.335595243	-0.540721885	0.023701432	0.160337095	-0.729880867	1.110743142	0.475145043	0.246191121	0.350386244	1.618413989	0.81598273	0.716863724	-0.536231255	-0.714510406	-0.636287041	-0.820730293	-0.367456323	0.732613898	1
1.094422259	1.107737262	-0.475807838	0.01555577	0.400157205	0.44961439	0.559588216	1.553935363	2.744272933	-0.175085688	-0.79873189	-0.125833139	2.404158295	0.288504225	0.220779839	0.690863544	0.772383828	-1.0462918	1.294670255	0.078011908	-1.585622158	-0.714001089	0.872892088	1.072146461	0
0.43614591	1.138732841	1.584908205	-0.280159611	-0.719692252	0.157849627	0.274519607	1.435646482	0.874624675	-0.025066811	0.020470452	1.330117811	-0.725217433	1.228634119	0.787224508	-1.639123184	-1.324283403	0.421676987	-0.980171535	1.678827175	0.308333483	1.239100129	1.52474513	2.541237336	0
-1.740486368	0.852996891	-0.344919044	-0.789495971	-0.873590125	-1.411744961	0.331142473	-0.165282472	-0.146802677	0.243931026	-1.754483492	1.025086931	1.470139068	-0.648377636	0.430575255	-2.839733497	-0.296614644	-0.27772785	-0.254166252	0.011928023	-0.140064458	0.604579782	0.649181402	-0.501994464	1
1.677044565	1.376620276	-1.004336809	-1.408752723	0.071272552	0.599020495	0.162635843	-1.155226528	0.788718353	-0.423838173	0.034091272	-0.660088517	0.307927621	-0.317829745	-1.26918394	0.831810212	1.44401838	1.05123263	0.488774958	-1.06090738	-1.840517143	0.824745712	-0.567465577	-1.026487553	0
1.23339305	0.067716428	0.933009687	0.088284651	-0.983841346	-1.432417776	0.610850748	-0.976210686	0.065160748	0.970192104	-0.955865289	0.154913096	-0.689924491	0.104207629	-0.643146905	-0.516731689	0.683148755	1.337361937	1.275466275	0.203413038	-0.756790541	1.199800863	0.610148163	1.184503162	0
-0.113836904	1.865382728	1.204302862	1.764065019	-1.525277185	1.158523446	-0.074633135	0.177178663	-0.789366368	-0.7673043	-1.456296559	0.710581389	-0.785191787	-0.762433956	-0.477813273	-0.019587105	1.90879291	0.857751274	-1.570651875	-1.169794359	1.814269126	-0.637958237	1.077764864	0.459351668	1
2.730776032	3.486529749	-3.314225978	3.740642569	0.077188815	2.418155418	-0.898405688	-1.913531378	-1.229300324	-0.222499921	-1.318549039	-1.692169462	-0.962063496	-0.748002549	0.961510978	0.972327143	-0.29444891	0.037726977	-0.0179989	-0.870536496	1.168714334	-0.459090188	-0.746665592	0.812767667	1
1.94831955	1.433629677	-0.262823505	0.520062713	-1.403618626	-2.144497557	-0.494617325	2.724918886	-0.68637064	0.075674507	1.423072717	-0.040813575	1.019577667	-1.142243491	-0.514019121	-1.568751031	-0.5363745	0.680765879	0.026357156	1.83595148	-0.441918928	-2.348515409	0.723331368	1.031814918	0
-1.695284482	-0.639363407	-0.321642801	1.339940354	-1.996195351	0.425561666	-1.402916041	-1.708722266	0.241682301	-0.036123993	-0.815175554	1.495459401	-0.526049462	1.197670372	0.416785042	0.27455485	-1.570524546	-0.609668405	-1.283733582	0.140646534	1.722996785	-0.349473339	0.999532404	1.605176294	0
-1.944117685	0.982690835	-2.858014341	0.155337148	1.117482498	-2.53365215	2.944361768	3.713430488	0.561535671	-0.090637968	-1.448370313	0.196238261	0.43789214	-1.336684363	0.290211801	-2.72768375	0.079763822	1.260200406	0.858465228	2.893939381	0.069967427	0.314686304	0.265939661	0.0309592	1
2.039168976	0.687878128	0.139975782	-0.38339067	0.217661409	0.934478521	-0.65298309	-1.542443897	0.229879333	0.031324134	-0.202990122	0.920374532	-0.485935061	-0.99611043	0.321626885	-0.10479539	1.132771104	0.484535576	-0.280400627	-0.448492301	0.477557478	-1.778448677	-1.178086677	0.386135071	0
1.534112926	-0.281327175	0.978991466	0.274465037	0.582574557	-0.127454314	0.500531314	1.299554242	-0.378306595	-1.230714588	0.873835688	-0.297499128	-1.436642378	0.889460807	1.201319719	0.318842694	-1.3230283	0.548100161	-0.434270078	-0.712971087	1.538355718	-0.003421974	-0.506436209	-1.088849331	0
0.148385197	1.764824447	-0.875504611	0.21107553	0.278419066	0.333600383	1.36764811	-0.149866537	1.12390353	-0.502905095	-0.471000021	-0.401132638	-0.772379281	-0.558160309	-0.620061655	-0.269093334	2.219403541	-0.569036729	1.353880634	-1.470489224	0.531675823	0.544694103	0.980019195	-1.282137418	0
-3.337645467	-0.215886757	0.540585461	3.615350579	-1.336018158	1.224855168	-1.109822279	-1.897024049	0.142815679	-0.34209279	-1.409721335	-1.155333393	0.805835043	-1.063622221	2.019060048	0.515860847	0.48092943	0.882341737	-1.668922778	-0.359518708	1.158814484	0.297086444	0.850336619	1.211576546	1
0.84201929	-1.241678547	0.860948148	0.569746135	1.138455445	-0.315859552	-0.141396868	0.138500127	-0.394302333	1.595835784	-0.067198016	0.324064331	0.050040398	0.498571353	-1.176135811	-0.064807182	1.94059794	-0.369885811	1.147272997	-0.378269078	-0.683398866	0.646334684	-0.631458761	0.471782187	0
-1.509079084	1.049004368	0.407153493	1.587914085	0.61822675	-1.3262229	0.012712462	0.044833541	-0.023306939	-0.249000323	-1.210614755	-0.860848104	2.008209776	-1.27718522	1.067191988	-0.325007932	-0.261475179	0.850025117	-1.812363735	0.257728061	-0.192969765	-0.475345132	-1.159112344	-0.803106559	0
1.434550541	0.210197868	1.267380867	2.585957191	0.846544026	2.342371772	-1.628095561	-2.545084499	-0.689824446	1.045557383	1.049356797	-0.104589617	0.445190835	-1.850021363	-2.343513188	-2.099750418	0.72264811	0.797322173	1.68141014	-1.341552434	0.957886641	1.13609758	0.091224592	0.34062964	1
1.228404471	-3.281029421	0.898699	1.47848823	0.341010491	0.142267709	-1.82310032	1.989974407	-0.232085995	-0.01865601	0.313432338	1.475973477	2.10116923	-0.606116828	0.442940973	-1.723865353	-0.565764822	0.925178938	0.28280283	-1.080304628	-0.899663064	0.666796041	1.216171768	0.400453928	1
-1.072569376	-0.982458914	-0.214770353	0.421746336	-0.226102657	-0.441204975	0.121362973	-1.630260158	-0.657280452	-0.053329359	1.097116638	0.403526883	1.058060661	-1.913422238	0.518302841	-1.592575245	0.082030738	0.668414941	1.808248271	0.494088681	0.237665745	-0.853640358	0.077804998	-0.685512305	0
0.42030706	-2.876022336	2.580727596	-1.605653779	1.757175596	-3.03667548	-0.931249815	-1.561561476	-0.570241809	1.27072326	-0.480952167	0.076610149	0.198701855	-1.103685463	0.584997224	-0.114166596	-0.319990932	-1.611606422	1.111152415	0.117175887	0.701402314	-0.906277364	0.014310899	0.762706804	1
0.195620942	-0.536902007	1.758926373	-0.540288738	-0.038711505	-1.434709702	0.030099727	0.312616066	-0.344451792	-0.346833531	0.183813427	1.067137418	-0.680465746	1.038317805	-0.326994041	-2.139922799	-1.177018021	0.663326318	2.329252311	0.700922556	0.573941179	0.94843017	-0.384079613	-1.417820386	0
-0.294635356	0.490210823	0.032343905	-2.937667887	2.562837835	2.364049578	-0.209370228	-1.041821633	0.574458454	0.124149437	1.190237526	-0.294406846	0.439561063	-1.867274477	2.285050869	0.413932639	-0.363186246	-0.205579909	1.18952812	-2.107117325	0.262994035	-0.331052661	1.669568519	0.500165243	1
-1.995285857	3.777458915	2.037932063	1.04556193	-0.612285476	1.142057044	-2.129559107	-0.482746145	-0.441261818	-0.394045401	1.160228749	-0.14067723	-0.391227104	-1.284497557	-0.700604232	0.480017661	0.329659997	-0.503641786	0.760148851	-0.238638904	0.052625637	0.849549906	0.641932729	-0.673094291	1
1.383446033	-0.362115316	-1.827625056	4.944449756	-1.178955245	-1.702219379	-0.377006018	0.019963409	-1.494868229	1.159255589	-0.005368292	0.462791832	-0.708066636	1.11943109	1.821204023	-0.074949185	-0.433274181	0.797697339	-1.961507223	1.051660092	0.398508746	0.553426389	-0.636857749	-0.296130338	1
2.625074558	-0.192367224	-0.28567456	3.798304533	0.716129307	-1.66423888	0.70932856	1.060880095	1.146133854	-1.739231266	1.004461865	0.350078153	0.882419045	-0.671618636	-0.173608896	1.354776487	-0.067238943	-0.09184987	-0.39336328	-0.382461849	1.820189937	0.570234988	0.004836238	0.412576355	1
0.026498128	0.604575234	-1.141925168	-0.014033503	-1.537150638	-0.689292392	0.740376436	0.802781415	1.180842446	-1.006717412	-0.108578888	-1.121206878	0.647174829	1.518528734	-0.407806056	-1.146408977	0.923976131	0.082798124	0.657665851	-0.993413778	-1.497719495	-0.733648449	0.189290859	1.661246642	1
0.604791239	0.992756668	0.156858277	0.947575245	2.045971996	-3.18003913	-0.748145794	0.338284281	-0.399916189	0.293622406	0.867817107	-0.695140443	-0.085467491	-0.655244321	1.344833436	0.87468834	0.407433163	1.645271368	0.209392965	-0.989562068	-0.536537073	-0.838010692	-0.374562887	0.759395107	1
0.181294126	-1.024120593	0.62502977	-1.503285603	-1.000346401	0.102642161	-0.989052751	0.050706603	0.220878746	-1.119569788	-0.971115242	2.855304047	-1.294329195	-0.073623596	0.025842155	1.653879735	-0.715103852	-0.093186827	-1.112746304	0.017510047	-0.486236331	-1.215921657	-0.716592012	1.646108103	0
1.496987352	-3.373916115	-2.981514626	-1.938228706	2.473971108	-2.707638487	-0.260845354	-1.999496817	0.536742846	1.418154625	-0.106047082	2.703236532	-0.018058017	1.796515789	0.336335688	-1.677472028	-1.292560228	-0.076489641	-0.480288236	1.018909188	0.179077233	0.264550408	-0.649965841	0.319471383	1
-0.913546501	-0.498055215	-4.566536518	-1.18625394	-1.771968527	1.192133823	2.408964974	0.708289463	0.707464096	0.574194701	0.449214212	-0.539467919	-0.629299848	0.300656211	-0.931383966	-2.218148438	0.143106718	-0.011218617	0.699892553	0.141181999	-1.830935616	0.689603894	1.214045824	0.450552307	1
0.891725449	1.041578344	0.876871127	-0.036563961	-0.036104666	-0.569668828	0.867405561	-1.108944616	-0.324312168	2.049182513	0.272831358	0.133828735	-0.017103048	0.539490657	-0.726558937	1.048579179	0.526458734	1.532930582	1.751031959	0.419793196	-0.22918357	0.165224492	-1.12677526	-1.058654107	0
1.538128345	-0.756049303	-1.489493116	0.828977136	-1.52816483	-0.66666189	1.671401151	-0.073811179	-0.298261966	-0.778422873	0.70868964	-0.120310233	-0.085497049	-1.080481979	0.82744009	0.810086931	-0.988738975	-0.600563226	0.869690666	-0.601655756	-0.714867383	-0.907380127	0.375154059	0.864579306	0
-2.189044608	-0.80854079	2.360534381	-3.716950232	-2.934093573	-1.121675268	-1.058069756	1.088092176	-0.229365469	1.150001481	1.201069608	-1.026046448	-0.607872153	1.614203029	-0.453395614	-0.430588898	-0.318170805	0.966751941	0.634568096	0.55829787	0.296593043	1.674638952	0.255131454	0.195509529	1
-0.234931576	0.369128657	0.769570079	1.710814104	-0.169069381	-0.154317377	-0.040690793	-0.450691005	-0.833570084	0.316009618	0.095649284	1.258756583	-0.687577995	0.82049155	-0.247481466	1.195792265	-1.496941877	-0.761924639	0.878364972	-0.079699021	0.774928139	0.095938049	-2.041333573	0.276032779	0
-0.766815447	0.113168426	-1.108890046	1.274543138	-0.682018708	-2.763317752	0.7142512	1.352414074	-0.152654138	1.424843958	-3.617024049	0.459741614	-0.019797426	-1.04739911	-0.265836206	-0.52960786	0.680010999	-0.997063125	-0.374359388	0.039194674	-0.707433401	0.838888354	-0.032850949	-1.955086191	1
1.505386535	-0.176080448	-1.584749043	0.527468274	-1.915900611	-0.557333806	2.135029717	-2.710876288	-0.120528512	0.297015958	0.085824468	0.146042112	1.159041858	-1.450657692	-0.138829819	0.043457931	1.435655577	-0.726583949	0.747422746	1.16294359	1.094654181	-0.353325049	0.387960881	-0.100878879	1
-0.001017497	0.593731784	-0.78084895	0.655870735	-0.02230081	-0.401811349	0.725985956	1.030855401	0.266629741	-1.164153218	-1.025803158	0.974573595	1.117527972	1.927373887	-0.325769633	0.167340204	-0.508176754	-1.058976977	-0.399263627	1.996459105	1.266478193	1.168823474	0.090412868	-0.076341848	0
-1.344628799	1.552562026	-0.356304781	0.49442292	0.684444785	1.436833372	1.153462108	1.120456545	1.374987733	0.449157369	-1.328146482	-0.303525667	0.015577371	0.644917009	0.694644768	-0.169151235	-1.171647455	-0.501902377	0.77934601	-0.42757847	-1.123198672	0.221335767	1.161388354	0.71415343	0
0.339675807	-0.236624373	-0.862892193	-0.124857706	0.78812036	0.311770236	0.603552053	-0.301868113	-0.289063564	0.621491836	0.380612164	0.570195198	-0.332757963	0.323443601	-0.797058419	-0.770749011	-1.805155989	-1.273219823	0.668885605	-0.156608166	0.298571194	-0.342115527	2.579618013	0.354500571	0
0.104055289	0.432855813	-1.082189556	-1.491257535	0.051993538	-0.434235972	-0.362196033	-1.656940185	-0.774716682	-0.000208047	1.262555998	1.884318408	1.46345883	-0.435734364	-2.064471119	0.220516085	0.648030891	0.400490308	1.184675966	0.301261025	-0.149858579	0.686035264	1.053367669	-0.011639258	0
-1.044736564	-0.172809678	2.641463652	0.456709586	0.831539637	-0.937870936	0.223335519	0.0494083	0.240377176	0.044315129	-0.583131623	-1.11692998	0.532813829	0.193708729	1.569974302	0.068203008	0.6049072	0.863433343	-0.16940362	-1.048297236	-0.345748958	0.19240133	1.37437155	0.624247605	0
-0.846398507	-0.524449888	-0.403823606	-0.00694854	-0.039126462	-0.116464207	-0.173081389	1.599255484	1.235355285	-1.204432465	1.17550826	0.561065008	1.212074494	1.947591954	-0.002246452	1.322787284	-0.477100457	2.182350727	-0.259191211	-0.114609975	0.380046004	0.404608045	0.698919393	0.183799784	0
-1.260425506	0.949994501	-2.784863682	0.056979843	-0.944587555	1.773869371	-1.596104084	-0.550103323	0.694242317	-0.869342784	-1.399744178	0.521501988	-2.426386345	-1.317962415	-2.236865839	-0.195823304	-0.392192305	0.251047823	-1.369317033	-0.209827249	0.244319835	0.044747139	1.96376277	1.071311999	1
-2.200449671	-2.480496732	-0.515976808	-4.516841727	0.873183126	-0.214529337	-1.345192686	-0.639013251	-0.951549737	-0.549637207	1.337539288	-0.901493422	1.826806511	0.32980779	1.03768798	1.512225936	0.016021886	-0.041956127	-0.316565547	0.887732767	-0.462748631	-0.422719495	0.058658998	-0.232157618	1
1.726352821	1.277931005	1.56224587	-0.155132511	-2.471524567	0.323466338	0.669788278	1.126263669	0.237846507	1.196185622	0.916008958	-1.345638339	-0.412871941	1.174471436	0.467400696	-0.143090801	2.207925718	-0.238513849	2.769302228	0.312982138	-0.683903636	-0.936524884	2.422748366	0.180477855	1
-0.598147381	0.576542334	-0.080490281	0.488795422	-0.787772478	0.838115284	-0.369714144	0.006682512	1.063140189	-0.324505436	-0.639254267	0.580814685	0.323425411	-1.063017407	-0.446029844	-0.20519451	-0.351924427	0.880634161	0.02143679	0.510584641	0.165339316	0.181546511	-1.149553555	-0.134981519	0
-2.56630301	0.481670668	-0.247787284	0.592235665	-0.519040668	0.986754003	-0.324225766	-0.514266958	-0.535221716	0.423995061	-0.084069143	0.569948497	0.125443194	1.357743713	-1.246057764	1.207924925	-1.016751412	1.22057827	1.152798177	0.077282039	-0.833620106	-0.041894737	0.294770643	-1.187950147	0
-0.126672148	0.610023108	-0.058993237	0.551523271	1.085893473	-0.204804564	1.082873951	1.020391664	0.651002665	-1.356802386	0.778816229	0.852780886	0.124355211	0.483636313	-0.658835688	0.177790298	0.359987098	-0.625348093	-0.43247951	0.317402282	0.608956725	-2.464730642	0.10767053	0.687505235	0
2.227507139	-3.55512384	1.934008651	-0.754625944	1.249622983	-0.713671398	1.254957169	3.24872417	0.181806854	-1.14188424	-1.859270924	0.036283154	0.991378784	-0.045995421	0.163557843	0.48617494	-1.298967618	0.331164074	1.20286586	0.165833853	-0.036548045	0.113486749	-0.246377567	-1.403041097	1
-2.753340596	-1.752100616	-2.292235877	-0.449849722	1.893686203	-0.602644832	1.351195351	-0.416202965	-0.706356786	-1.364073796	-0.015855903	0.229621264	0.068663439	0.063041625	0.109749863	1.036719368	0.565846676	1.126886673	0.024642759	-0.665160087	0.435584298	1.12091584	-1.489879651	-0.543186616	1
-0.275313141	-2.978040357	-0.471609383	-0.940235623	-0.301970431	-0.561014986	2.865763236	-0.780655682	-1.176292699	-0.964887477	-0.610477855	-0.078994162	0.082566203	0.992181413	-0.242143869	-0.908439688	1.258986231	0.390323294	-1.733978934	-0.255192845	0.286565864	-0.533132152	0.713828285	-1.354683263	1
-0.393379196	-0.549867991	-1.106077434	0.325580913	-1.013231667	-1.142216206	-0.371974238	-0.721536253	-1.616822374	-0.47956064	-0.287097919	-1.156477083	-0.016910917	-0.108703944	0.373665898	-0.335403456	0.928894224	-1.398391305	0.499351245	0.914440079	-1.675857675	0.38404778	-0.734702326	-0.203534682	0
-1.823391358	-0.463876404	-0.342835165	-0.429247393	-0.972754606	2.550332283	-0.348813955	-0.617753813	0.296745384	0.049154778	-0.763375283	0.151396762	0.318552793	-2.242031769	0.75191565	-0.966417701	0.020298785	-0.717775492	-0.346925617	-0.72813009	-1.134687864	0.795339474	-0.534241735	2.487140591	0
2.765082172	-2.40924237	0.112083853	-1.914345376	-0.955831183	-2.201577445	2.576280167	-0.408972483	0.966665539	0.062766503	-0.078883886	1.800590326	0.823031314	0.004095	0.69495627	-0.268338454	0.998222731	0.961636033	-1.076612079	-0.611811402	-1.103815066	-0.144691512	0.778873073	1.827829692	1
-0.245395313	-1.783073458	-3.040868251	1.211155904	5.209440133	-3.07438313	-0.909267328	3.485638445	1.988582881	0.415228669	-2.097076504	1.433195393	0.787464387	0.6340656	-1.256798896	0.399368218	0.915322289	-0.471476369	0.453571829	0.555533006	-0.415261638	-0.565653409	-0.849623802	-0.045135948	1
-0.236079813	-0.62258664	-0.712268502	-1.444850568	-0.195824441	-0.396487394	-1.91228537	-0.21775918	1.845073712	1.263715603	-2.067154128	-0.406357685	-0.378943241	0.799858526	-0.924399046	0.859085958	0.463851393	1.798725862	-0.383190581	-0.481003326	-0.38053372	2.321285137	0.433853984	0.533304956	0
2.42299393	2.387578206	-1.538955985	1.255061761	-2.342776497	1.789112503	-1.073847216	2.45611318	1.886983227	0.500870101	-1.45607828	-1.59215233	-3.195891622	-1.58437615	0.334810011	-0.253712642	-0.760210241	0.986938176	0.905345132	-0.024168685	-1.937087291	-0.968809672	0.354151553	0.888715022	1
-1.46732873	0.123677637	2.018391569	1.772355063	-1.58790499	-2.722636054	1.407572654	-0.086706677	1.680418791	-1.056246219	-0.102456852	2.213164407	-0.901284238	0.022563427	-1.24365215	-0.728867917	1.332214197	0.306426955	0.728259693	0.493619154	1.852567948	-0.797801931	-1.288713065	-1.925618562	1
0.041131898	-1.14714112	1.873845576	-0.303721208	6.052432582	-3.325212674	0.202267074	-1.177634203	-1.322555363	-0.046109108	-1.169742063	-1.474213605	0.715522219	-0.746197202	-0.904819899	-0.537327196	0.056109002	-0.166264726	-0.608878281	0.448329729	-0.989734872	1.188168426	-0.281911525	0.354442591	1
3.185887181	-1.074913598	-2.803299139	2.537394721	1.494008757	0.696195457	0.053178155	2.291531018	-0.938616722	0.551019639	-0.982165602	-1.161415639	0.272963234	-1.635366971	1.589573912	0.189691036	-0.021703954	0.473246473	1.623284334	1.425059963	-0.502795956	0.515996135	-1.032171895	-1.063367563	1
0.204453272	-0.787008503	2.625602065	0.631242756	-1.658909241	-0.881356073	2.535089152	-2.345987014	-0.210600319	0.352156349	-0.077646973	0.821992217	0.243645673	1.719090506	1.181776952	2.011811375	1.908338163	0.037734935	0.051694542	-0.993404683	-1.3589829	-0.290641538	0.861807621	-1.740863809	0
2.590013537	-2.537544788	0.081840881	4.909743438	-5.07076038	-0.67317842	-0.324680514	-0.293607627	-0.859606644	-0.428938165	-0.612383246	-0.58542355	0.154875579	-1.304185844	1.09498842	-1.377316039	-0.802067461	1.838725439	-0.428376552	-0.598520273	-0.013365025	-0.383345196	0.675179308	-1.209944003	1
1.663247531	-0.47465619	0.066108896	-1.703970156	-3.457480489	4.206776794	-1.514731593	-1.713101483	1.348132628	-1.9097115	-1.821663318	0.284370572	-1.726275514	-1.004566457	0.090698222	0.208397068	-0.410740313	0.136983545	0.644240572	0.26582029	-1.52132543	0.32950993	0.670341933	3.068271326	1
-1.039265953	1.761104613	-1.100834197	-1.121575224	-0.177842594	1.488378985	-1.135131242	1.814196366	0.668535449	-0.410736902	0.163227014	-0.23147436	0.942243332	1.002290446	-0.012312285	-0.075922344	0.077136519	0.340774022	-0.07092126	-1.443777364	1.283071924	0.606083859	0.372365321	0.299736485	1
-3.001869118	-2.201195457	-1.006342245	-0.488980731	-1.308051196	1.44328169	1.339708433	-0.151605946	0.111674581	-0.401093985	-0.367815574	-0.119871402	-0.922086656	0.590998752	-0.723439371	-0.67969836	-0.726902272	0.900136001	1.338353286	-0.033476226	0.185237923	-0.397953954	0.578579602	-0.760119292	1
0.129336968	-1.680182322	0.015213573	-0.478270294	1.258481461	0.695317794	0.008773213	-1.373277883	-0.249467575	-0.412114787	0.264504934	-1.374160092	-2.281758498	0.564468792	-0.608251867	0.562986315	-0.477512003	0.117554464	-0.736772563	-0.728505256	2.738379408	1.240107395	0.738018571	1.352773324	0
-1.502994564	0.067254859	-2.078841135	-2.829838195	-1.403113856	0.693046331	0.031461695	1.754679033	0.087069338	-0.203415311	-0.868458301	-0.099275894	-0.291579454	-0.575475951	-0.018156925	0.194397671	0.243169325	-1.064422577	-0.841837391	0.907280082	0.052798441	-0.053806843	2.611959644	-2.626002242	0
0.931486284	0.619672846	0.041995918	3.895675036	0.741183612	-2.260430847	-4.438697943	-2.029973984	-1.168741619	-1.682128641	0.382540293	0.655766144	-0.998038558	-1.904681994	-0.727231964	0.947679837	-0.070593842	-0.377881406	0.413414227	-0.01861963	0.714185262	-0.952215942	0.33820811	2.076812962	1
1.233688636	-1.49436346	0.069484258	0.627317149	-0.174654815	1.16256615	-1.212115421	-0.329225713	-0.60958314	-0.308949666	-0.744373665	0.234356321	0.217062279	0.079212441	0.659970283	-0.187369551	1.130449618	1.253210939	-0.329275736	0.114806653	0.102488684	0.163149707	-1.224836979	0.379507128	0
0.738116341	-0.840907433	-0.326564304	0.279977712	0.004102958	0.792126684	-1.243865881	1.02292006	0.557097337	0.233922037	1.495150173	1.312555469	-0.027171154	-0.618160811	0.104611217	0.96753638	0.406051868	1.87540536	1.793896445	0.206979394	1.317400802	-0.029003786	-1.345138116	-1.114333372	0
1.891276042	0.039776751	0.047219828	0.38575422	-0.153211204	0.73442834	-0.90757112	-1.036119102	1.159564817	-1.196049197	1.090020305	-0.341856321	1.658381734	0.554025519	-0.594045559	-0.937986897	-0.536908829	1.565445018	-0.42742613	0.445477326	-1.699308996	0.064640062	0.833613285	1.397459073	0
-1.023920504	-2.265496732	1.571947905	-0.247569005	3.504555934	1.156977305	2.863589543	1.830667316	-0.571811825	0.442703367	-0.843256203	1.404105205	-1.178868843	-1.16297997	-0.025213467	1.518228601	1.868825166	-0.015779733	1.215325938	-1.460330168	-0.524111101	-0.003410605	-0.385989551	-1.135601906	1
0.333477601	-0.095778887	-2.088218025	0.881025244	0.127781732	-2.584383765	-1.194823653	-0.791110324	-0.339215376	0.571170631	0.299778549	1.21928224	-0.094769348	1.74316483	1.803255145	1.059102033	-0.352572442	-0.196130259	-0.949489731	-0.183506472	0.665653488	-0.514677367	0.834145339	-0.27301212	0
4.157009243	-1.230205271	-0.258328328	-3.2769276	1.470166353	-2.121519174	-0.718684987	0.130398803	-0.561701654	-0.240449936	0.313855253	0.019707613	1.406060619	1.966291165	-0.536360858	0.84538442	-0.41340968	1.619459908	1.264425009	-0.620900664	0.476698006	-1.875923772	-1.242983672	-0.152132316	1
-0.90944468	0.733120942	-0.632949195	-2.06767254	-0.957147677	1.949197213	2.906153895	-1.137418622	0.792447281	-1.885164238	1.477410478	1.141240773	-1.443800102	1.135779257	1.191983756	0.676641321	0.442166765	-0.544869181	2.502656571	0.472896318	0.588503326	-2.076540113	-1.68744009	0.289658146	1
0.750737854	0.468764938	0.963475486	0.683187409	0.001641638	2.942078936	-0.244654075	0.643349267	-0.45387651	0.338212658	2.857414074	-0.710253971	-0.836097342	0.342535031	2.005563147	0.572576937	-0.542884209	0.537656888	-2.082351784	-0.195179837	0.920786078	-0.339214239	0.582026587	0.355706788	1
2.406341082	-2.111178219	3.006607585	-1.105390766	0.602910859	-1.919015631	0.193808773	1.609987521	1.299770247	-1.0524559	2.00931936	0.461641321	-0.887761189	-1.974767656	-0.354179974	0.017587354	0.286615887	-0.03176865	-0.637498943	-0.43755449	0.090248022	0.94084271	-0.46503942	-0.588579496	1
-1.223083927	-4.767534847	-0.722807272	3.481636668	3.284358172	-0.26269845	0.297932274	-1.620769581	1.367361619	-2.833112376	1.026007794	-1.552330104	-0.421503046	1.191419869	0.428385647	-0.913128133	0.708319021	-0.455470399	-2.872839104	-0.882838549	-1.571493158	-0.982990969	-1.139403594	-1.259859346	1
0.656486918	-3.328332241	-4.698013072	0.752261258	-0.666536835	1.256212272	3.677550922	-0.645723048	-1.308571882	0.106680318	1.254331892	-0.32268872	-2.144333848	-0.31847776	0.499182988	-0.703485057	1.084063115	-0.149183279	-0.332627224	-1.216285455	0.135490836	1.600201358	-0.680433914	1.59560841	1
1.190078365	0.058030309	-0.61847004	-1.961329872	1.404382601	0.519071364	-1.201917712	0.066977464	0.111667759	-0.470802206	-1.72736236	-0.851853201	-0.254892711	0.672566784	1.719986358	0.475595243	-0.953411927	0.395253892	1.440753294	-0.432746674	0.442826149	0.350391929	1.835742296	-0.942884526	1
-0.461516265	0.302704848	-0.215875389	0.659515536	0.854970494	3.528211892	0.487302714	3.941822797	0.705762204	0.054021712	-0.629211172	1.278037871	-1.74492925	1.649514161	1.086864359	0.067534529	-1.226753739	-1.243161023	-1.175340003	-1.805278771	-2.367632987	-1.179455467	1.926127879	0.277841536	1
1.710563993	-0.734303285	2.387441782	-2.661172402	-0.346954039	-0.399822966	0.72672492	0.779216407	0.186906846	0.750728759	0.404853608	0.374188858	-0.577311994	-0.250950052	0.544525847	-0.62760023	-1.398411769	0.417437604	1.666667231	1.106145646	1.56592705	1.211458311	0.895597623	-1.895441528	1
0.687350621	1.423015874	-0.24932433	1.18700882	-1.061775947	-1.314620022	0.039015049	0.08226607	-0.467093741	-1.565185812	-0.287288913	-0.245856882	-1.567877916	-0.537579581	0.422546691	-0.581094355	1.133207661	0.22137101	-2.279484761	-0.309059942	0.897422296	0.889879175	2.397573553	-0.951520178	0
0.432100933	-0.135576101	-1.053292635	-1.308312676	1.998923835	-0.797735993	-0.551005996	-0.510717655	0.155907856	-1.328953658	-1.437717856	-0.492068466	0.986105988	0.872619239	-1.151697688	-1.219391379	0.711906978	-0.683646704	1.908128979	-0.294387519	0.663317223	1.771386451	0.198790531	-0.056011231	0
1.554935807	2.574515747	2.683700586	-3.014483809	-1.94657332	1.003365924	2.366145964	0.007878498	1.058081125	-1.4341731	-0.629726173	-0.688155524	-2.514134394	0.853083293	-0.313616511	0.876959803	0.601223746	0.758573151	0.759324621	2.172891982	1.542875907	1.303505996	-0.201705461	0.690772595	1
0.503767978	-1.409312063	0.58777573	0.308527888	0.304307832	1.004007117	0.15859996	0.028628619	0.213241265	1.309617801	0.310293444	-0.794225343	-0.493151902	-1.428174983	0.539383791	1.141322628	-0.701620593	0.173464514	1.678181434	-2.441811375	1.939324648	0.251103529	-0.537302185	0.26164571	0
2.083938853	1.051264462	-2.381821105	1.281305231	-1.929911377	-2.53408416	0.264783466	2.721235433	-0.844260057	-0.980276127	0.520215053	0.261716195	0.083343821	1.171106305	-1.65475285	-0.475856723	-0.432332854	-1.061746389	-0.993691174	-0.244266403	-1.242929102	0.095935775	-2.238193701	3.521563485	1
2.400715857	1.65010988	-2.086189852	-1.987582436	-1.955017979	-0.44352646	2.688775567	-2.591477823	1.566868377	1.887192411	0.952047685	-0.323034328	0.62161007	-1.842390702	-0.137451934	1.108085144	-1.579537638	-1.589787644	0.285972419	-1.498397069	-0.347456535	-0.589308229	0.683107828	0.771112809	1
1.34540187	0.553695827	-0.972959242	-0.024787141	0.264628852	0.136333256	-0.784625627	1.043872544	0.444535999	0.538068434	-0.218312834	-1.265616447	-1.553630682	0.875850219	0.723200628	-0.116812089	-1.413518476	0.342261046	1.812759365	-1.184955636	-0.637961648	1.03979346	0.649210961	-0.243468321	0
1.318030627	-0.405339051	-3.256864147	-2.372189556	-3.219338396	3.163904694	-2.775377652	0.425500275	-0.779434686	0.959839781	0.548675416	-0.620862011	0.873972112	0.653606094	-0.434386038	0.921472747	-1.145140232	-0.252261998	0.606132744	0.863483365	0.169238774	0.350307801	0.407495691	-0.925476797	1
-0.373267994	0.009547421	-1.198011432	-1.230555426	-1.270157099	-1.313060238	-1.30675744	0.166994596	1.695898391	0.614249984	-0.815539352	1.311855158	-0.433668674	-0.302890157	1.184544089	-0.349600668	-0.328202532	0.066045232	-0.549944161	1.172761586	-0.489169452	1.326591246	0.04255412	-0.281756911	0
-0.832374099	3.494424163	-0.387608452	-2.414963092	-2.505275916	-2.873184712	2.392725946	-1.96856945	0.042185775	1.606554179	-1.130056262	-0.411223482	0.902664397	0.035131507	-0.434898766	2.725282684	0.426609859	0.958373221	-1.42261797	0.215499085	0.12688588	0.059637841	-0.717398052	0.015359092	1
1.191319825	0.26290536	-1.252487891	-0.279214873	0.009013092	-0.677937351	0.658483259	1.345588316	-0.728105078	-0.847228421	-1.853713911	-0.240007694	-0.50005724	-0.99175395	-1.736711965	-1.985617928	-0.318202638	0.557561179	-1.062569481	-0.451834694	1.046596481	-0.80074642	0.57456873	1.373023224	1
-0.147456376	-2.514207154	-2.440206117	-0.326701866	0.17043476	-1.729590622	-0.948275556	-0.755765086	-1.079199592	0.253097596	1.103658178	0.370629323	-0.614727469	0.434565663	-0.711991106	1.378830348	0.022669155	0.048864877	-1.329235602	0.292525328	0.503002866	-0.159529918	-0.48959464	-0.183149496	1
-0.567592906	0.598279257	-1.082726158	1.25201268	-0.738923518	0.879831532	-0.323263976	1.148314368	-0.268439635	-0.104179207	-0.604761681	-1.328517101	0.771105988	-0.17588718	-1.185082965	-2.15439286	-0.09526957	-2.511806088	-0.873642421	0.148060053	0.522284154	0.465752237	0.38896701	-1.193516255	0
-1.222608716	1.553876245	-0.706731953	0.01974513	-0.547240688	2.473352652	0.111717782	-0.231773356	1.323019205	0.510949576	0.903939963	0.978086518	-0.21465894	-1.342768883	1.235980562	-0.652762537	0.708774905	0.564662059	1.355310815	-0.503556521	-1.459907253	1.138650987	0.757206635	0.715026545	1
0.060433649	-0.387262844	-0.001456328	-2.472934284	-2.124779712	-0.742508064	-1.094963409	-0.266168172	-0.423636948	-0.716212298	-1.27229896	-0.372549493	-1.130001692	-0.116422143	0.246338914	-0.856146016	0.589193405	-0.555278348	1.542939572	2.025917638	-0.945603915	-1.050641458	-1.49348125	0.408183496	0
0.345906983	-0.173688477	0.263745505	-0.800287125	-1.901244104	-0.1648732	0.391841013	0.129691671	-0.968761924	0.699242264	0.152674602	0.194360155	-0.128962938	0.9576911	-0.274421836	1.10404244	-0.086201908	-0.286397608	0.701213594	0.268491931	-0.981112862	0.45171646	-1.018750027	-0.755285328	0
0.636835011	1.86161742	0.087241006	-1.345922556	1.222333594	-1.094010713	-0.14405714	-0.701177214	-1.109524419	-0.479257096	-0.132215519	-0.864943104	1.402588623	1.277439878	-2.803571988	-1.849284672	0.078596258	-0.426377937	-0.184309101	0.400225417	1.445132511	-0.282816472	-0.739048573	-0.155263251	0
0.872685177	-0.515005922	0.433847163	0.46422997	-0.527562634	0.589215006	-0.348868525	-1.48019808	0.275055072	1.592679837	-2.404158295	0.868943744	-0.616162197	-2.206170393	0.309375991	0.805509899	-0.769700819	-1.371718099	0.645194405	0.353367113	1.442044777	-1.153150606	-0.906247806	0.213607336	0
-0.564259608	1.039543349	-0.945781267	0.53090389	-1.393000275	0.42464535	0.842542249	0.102089643	-1.350174443	-0.939280653	-1.834032446	-0.014891839	-0.340662609	-0.351793688	-0.552765869	-0.301776026	-1.616222107	1.64830908	0.390405148	-0.420029664	-0.966388143	0.208322035	-1.598350536	-0.856364295	0
-2.474243956	-2.766855687	3.960867616	-1.651965249	0.996067229	-1.279190656	0.672298484	-0.733748493	0.543489023	0.717479907	-0.984662165	-1.327084647	-1.263917966	-1.649113983	1.787002475	-1.058037924	-0.134529046	-0.809525318	1.017585873	-0.048407856	-1.157497991	-0.140490783	-1.469484232	-1.772182259	1
1.468488335	0.675663614	0.437266863	0.228535555	-0.294755864	-0.684240149	4.057419574	0.385130079	-0.938869107	-1.45872491	-0.075342541	0.836012077	0.134981519	1.864182195	-0.504257969	0.392831225	-1.075172804	-0.171933152	-0.307145456	1.900325515	-0.256347903	-0.72813009	-1.1424072	1.846046871	1
3.678433131	0.9930136	3.923451004	1.03084858	-1.767575668	0.202026058	1.748021532	2.072815732	0.369375357	0.46635364	0.722743607	-1.426296876	-0.346867637	-0.133575213	1.383409653	-0.200514023	-0.442689725	-0.598170118	0.372715476	1.271878318	-0.429970441	0.207287485	-1.377406988	-1.446937858	1
-0.119174501	1.202961357	0.676011496	0.549528067	-1.070620783	-0.091954462	1.538955985	-0.77209279	-0.905358775	1.241801328	0.997097231	-1.048183549	0.309377128	0.815350631	2.196575224	-0.082668521	-0.909719802	0.19222739	-0.679751793	-1.503426574	1.970083758	-0.152806479	-0.431755325	-0.816364718	0
0.371715032	1.25270617	-0.895556695	-1.581547622	-1.766243258	-1.010828328	0.842301233	-1.172370503	0.591314802	-0.603354238	0.477446065	0.367069788	-0.709790129	0.292582172	1.29482487	0.822476522	1.626485755	-0.599734449	0.04597382	0.754062057	0.000466116	0.090183221	0.189986622	0.318877937	1
-1.047608293	1.424009497	0.893712695	-1.398616405	-0.355314569	-0.440993517	-0.519569312	-1.924245225	-2.147799023	-2.054939614	-1.504458851	0.440262511	0.060862249	-1.974831321	-0.4477738	-0.734535206	1.385415089	-0.168721499	0.776067282	1.004218575	-1.532594069	1.131793397	0.447874982	0.124535973	0
-2.998212949	-0.189356797	-0.990753506	-0.707909749	-0.862601155	1.918419912	-2.07964149	0.614193141	0.453139819	-0.896643542	0.380009624	0.057667648	0.077509412	-1.331745807	0.149466359	-1.044668352	0.212096438	0.040538453	0.003547029	0.276160108	-1.21442099	-1.661201168	1.445828275	-0.380207439	1
-0.673602472	-0.735999492	0.09677251	-0.593804543	1.768053153	1.028477072	0.732329681	1.270598204	1.816415534	1.170078576	-2.026117727	-1.052392236	-1.174635145	-0.188958893	0.680514631	0.602110504	0.460063347	0.318827915	-1.773842087	1.027776761	-1.029054602	-0.456327598	1.939179128	0.029890543	0
-1.148152933	-0.571901637	-0.323857421	0.443792487	-1.501480256	-0.137963525	1.151884135	0.483594249	0.865677521	-0.037036898	0.344629143	0.559824684	0.619652383	0.544906698	0.136708422	0.456832367	-0.745726538	0.200534487	-0.938498488	-2.439628588	-0.22760787	0.201837338	-0.936825018	-0.729512522	0
1.24304961	-1.269368113	-0.056045337	-0.711220309	-0.631151806	0.429112106	0.75096068	-0.392393531	0.841034762	-0.254007091	-1.234284355	-0.628908765	1.146099748	1.967246135	0.979869128	0.64054575	0.925517725	-0.059243348	0.616732905	-0.649772574	-0.705160801	0.62844947	-1.454418452	-0.494779897	0
0.052042424	0.05617494	0.492896106	-0.099138333	1.403795977	0.429370175	0.506804554	0.126671011	0.736733909	-1.435641934	-0.801605893	-0.586283022	0.599361556	0.48172069	0.190285618	0.767181518	2.245451469	0.613583779	-1.725838956	0.109578195	-0.90151616	1.314490419	0.498032477	-0.647148681	0
-0.724671736	0.077432105	0.794473181	0.921106675	-0.87798071	1.97231202	0.489885679	-2.856540959	-1.793537194	-1.158261966	1.360067472	0.59160925	-0.69401267	1.522271305	1.734242687	-0.65662789	0.102177182	-0.383344059	0.689188937	0.274823151	-1.481507752	-0.934724085	0.118432126	0.376455773	0
-0.617162641	0.752036158	0.057366378	-0.38263579	-0.429245119	-0.949110017	-0.319898845	-0.263980837	0.910804374	0.392587935	-0.640267217	-0.035436187	1.291059561	-0.264126356	0.73194542	0.667521363	-0.983188784	0.38949338	-1.901898941	-2.176957423	2.353863238	1.999524102	0.080542577	1.551288733	0
-1.909065759	2.205179044	-0.68007239	0.936393008	-1.4303032	-0.957293196	0.405043465	1.699336281	-0.773129614	-1.221660568	0.096017629	-0.439399628	1.874677764	-0.067050223	-0.819236448	0.093480139	-0.162085598	-0.182939175	1.48694653	-0.445450041	-0.071781869	0.544065415	0.556894975	1.333946784	1
2.546285032	0.191346317	4.724388418	-5.814508768	-2.392876013	-2.370056791	-2.356528057	-1.010603228	0.058169007	-0.023915163	-2.027991286	-0.814927716	0.325218252	0.874645139	0.114544036	0.038452299	-0.440105623	-0.106899734	0.443849331	-0.622216021	-0.165009624	-1.147805051	2.20927177	1.090229489	1
1.726334631	1.135833827	1.535236152	-1.24629878	-0.380166512	-0.390925834	1.250384685	0.444665602	-1.929147402	1.866492312	1.242503913	-1.196385711	-0.77611503	-0.138979885	1.491325747	2.439664968	-1.965790943	-0.225796839	-0.00738396	0.77682671	-1.75612513	-0.07279823	0.628681391	0.921111223	1
1.529274414	0.290333446	-0.067780093	3.415716492	1.304879333	0.690024535	-2.270444384	0.962565991	0.872921646	1.520347723	0.218678906	0.576060302	1.110138328	-0.24107635	-0.704867489	0.341086661	0.323710765	-0.816453394	-0.413153884	1.114249244	-1.381999937	-1.129637894	-0.820032255	-0.504601303	1
-0.218096829	-1.047378646	3.154937076	-3.576642484	-1.465232344	0.862426077	-1.172511475	1.77590664	1.134078502	-0.30033334	-0.109425855	0.969932898	0.081047347	1.347136731	-0.114594059	0.548166099	0.133146614	1.015660018	2.0634252	-0.390517698	0.456354883	0.111069767	2.375418262	-1.093399078	1
-2.711603884	-1.332905413	0.478855782	0.188283593	-1.455059646	-0.151314907	-1.228891051	-0.968545919	-0.383843144	1.53241217	-0.433049081	0.22876975	-0.58692649	0.252413201	-0.619775165	-0.464051482	0.683699	0.282080919	-0.19243771	-0.336212906	0.945681222	-0.075625621	0.500058377	-0.632678621	0
0.425017106	-1.133416845	-0.250187213	0.271647878	-1.38705218	0.095490122	-0.587981503	-1.146536306	0.863486775	0.193613232	0.194590939	-0.4293247	1.23243808	0.763786829	-1.508074092	-1.188270744	0.979275683	-0.5226741	-0.231575541	-0.148918389	-0.258534101	1.581665856	0.699262728	0.324475877	0
1.246635293	0.218258265	-0.332279342	1.376724867	-3.180302883	-1.610574145	1.93969754	-0.908944457	1.605858415	-0.311681561	-1.966091077	-0.707678964	-1.645407792	0.523588142	-1.092048478	0.458472869	-2.063225111	-0.957047632	0.320125082	1.117734882	-0.234647359	0.608056325	-1.47065748	-0.053626081	1
0.078274525	-1.399102985	0.371874194	0.925138011	0.013360477	-1.606867954	1.673565748	0.163995537	0.72974899	-0.994998572	-0.584764166	0.645818545	0.316855449	0.495582526	0.747688773	0.429444071	1.751941454	-0.165416623	0.125208999	-2.808592399	0.380015308	0.10943495	0.31782406	-0.523624522	0
-1.5252499	1.404137038	-1.490830073	0.012014425	-1.360558599	-0.374038791	-1.573464488	1.612720553	-0.035129233	-1.266985237	0.39800625	1.2487817	-0.16108288	-0.50779704	-0.120646746	-0.990730769	-0.010231815	0.310162704	0.594391167	-0.289905984	0.173243961	-1.259008968	0.608135906	-0.440762733	1
-0.484194516	-0.756674581	-0.757061116	-1.348075784	-0.042991815	-0.470276973	1.182966116	-0.543964234	-0.722004643	0.189093043	-0.891577656	1.712028279	0.076854576	0.083069835	0.869715677	-0.415955128	0.821949016	-0.057916623	1.389716999	1.122896265	-0.820787136	-0.853187885	0.711340817	0.067458359	0
