0.977543095	-1.339412847	-0.686338808	0.326714371	-0.337288384	1.030362	-1.212545158	0.169734449	-0.608442861	-1.320008778	0.382136705	-0.603122317	-0.143622856	1.420144145	-0.506115612	-0.690251909	0.079104439	-0.466050096	0.600859948	0.210044391	0.404061211	0.786892542	-1.303978934	-0.797574558	0
0.138136329	-2.47753178	-2.648375812	1.833873284	-0.100762918	-0.502884632	1.990433702	0.843961061	0.707598247	-1.15003786	-0.081909093	-1.033388344	-0.392340098	-1.547746251	0.631841885	1.924099706	-0.338274049	-0.848563104	-0.31244781	-0.964139417	-1.216080818	1.566818355	1.3587578	0.487978014	1
0.02333536	-1.105067895	0.750744675	0.539687335	1.293269634	-1.016207989	-0.987122348	-0.987104158	1.450398486	0.320083018	0.55923806	0.730403826	-1.152889126	0.55846499	-0.932479907	-0.737388746	-0.268780695	-0.947854915	0.026234375	-0.037885002	-0.483782969	0.399422788	-2.018668965	1.438984327	0
-0.506038305	2.116157702	-2.969945854	0.811032805	-3.634286259	5.011534085	-1.608013918	-0.195418579	0.199211172	-1.324256118	0.53860731	-0.698501026	-1.10369001	0.555296538	0.11064003	-0.475592969	-0.654436008	-0.07614517	0.408165306	0.226013981	0.684349288	0.333895969	-2.3380926	-0.285266424	1
-1.637863534	-0.573595571	-1.330906798	1.337912181	0.835116225	-0.569364147	-1.620337571	-3.747172741	-0.058503247	0.318868842	-0.868842562	-0.192487732	-0.946818091	-1.254923063	2.608067007	-0.002056595	0.396921678	1.862981662	-0.049294613	0.397551503	-0.681716301	1.794378477	1.719058673	1.060930117	1
-3.333561835	-0.259051376	0.718609954	1.409016477	0.994805305	-2.859724191	-0.928789632	0.233139872	-0.527187467	-3.015884431	0.82691713	-0.427867235	-1.292767138	-1.173139026	-0.345378339	1.57462182	0.895859102	0.573404577	-1.672397048	2.259748726	-0.993964022	0.679435743	-0.324263283	-0.984452981	1
0.053994427	-1.002988483	-0.599573013	-1.636958586	-0.491625087	-0.317533022	-0.812984808	-1.326213805	-0.468394319	-0.024826932	-0.125461384	-0.153437441	1.239127414	2.199485607	-0.034018512	-0.123184236	-0.544148406	-0.170608701	-0.020560265	-0.99201543	-0.22131303	0.336658559	-0.683467078	0.074614945	0
2.060455699	1.72822638	-1.237854121	-3.081140676	-1.205544322	0.445988917	-1.551659352	-1.221565071	-0.545760486	2.124306775	-2.699889592	-0.59840886	1.084215455	0.741276835	0.309601091	0.329130216	-0.412400141	0.198510861	-0.244978082	-0.257443844	-1.449029696	0.440725216	-0.950415142	-1.178896127	1
-6.266054697	1.084031283	1.540070116	-0.973459464	-0.532329523	-3.145160008	2.864881026	1.195335244	-0.070263013	0.378294089	-0.619897946	1.431130841	1.220457762	0.382198095	-0.009977157	0.301048431	0.375061973	-0.077280902	-0.753323093	-1.260495992	-1.31059096	-0.879024356	-0.863085461	1.481416803	1
-0.95243422	-1.376724867	-1.244695795	-0.399933242	0.139090162	1.372523002	1.345642886	-1.35522896	0.326399459	-0.84887688	0.051488769	-0.363571644	-2.627930371	-0.264684559	0.402885689	0.089737568	0.979568995	-2.269625838	-0.57323291	1.597618393	-0.184456894	-1.384519237	-0.426269935	0.877523689	0
0.450695552	-1.612702363	1.808225534	-1.126818461	1.004873411	-0.083387022	-0.479926712	-0.108914264	-0.178378059	0.034892764	-0.263967195	-0.326087957	-0.298407485	0.438465122	-1.118337423	0.670638656	1.456382961	0.779671154	-0.602750561	0.403970262	-0.114189334	-0.566230938	-0.609845756	0.059870899	1
-1.409787274	0.270513283	-3.596860552	-1.043244993	-5.870533641	0.380082383	1.952494131	3.181339707	0.540424026	-0.26497446	0.150727146	-1.846756277	-0.459192506	1.114444785	-0.00738396	0.780107712	0.089985406	0.834079401	-0.811103291	-0.275708771	-2.276574378	-0.75573098	-2.446504368	-1.686948963	1
0.324348548	-0.836453182	0.709255801	0.336185622	-1.600819814	0.910517883	0.914292286	-0.824879862	2.057449819	0.115753664	-0.761260708	0.688191903	0.067807377	-0.921927494	-1.124642495	0.194063432	-0.506358901	-0.232766979	1.277535375	-0.949769401	0.605090236	-0.242807801	0.388961325	-1.290986802	1
-0.813945462	-0.278187144	0.438520829	-0.444383659	-0.654963515	0.846994226	0.678492142	-0.166553491	-0.864849881	-0.952827577	-1.249620709	-0.053457825	-0.35325229	1.383082235	1.460607564	-0.01516355	-0.514210114	-0.252806558	0.422664925	0.540076144	-0.776001343	0.754118901	0.426484803	-0.299022531	0
1.397843334	1.426615199	0.03246214	1.162270564	0.057395937	-0.078899802	1.280277502	1.363723641	-0.884376732	2.076722012	-0.091014272	0.274956165	0.182915301	-0.260039315	-0.70346232	1.500793587	-1.232538125	-0.083820169	0.483239546	1.143296231	-0.61180117	-0.966326752	0.615345925	0.703416845	0
1.395305844	0.951140464	-2.734823283	-0.80764039	0.056693352	1.404855539	-0.905001798	-0.008121788	-0.99771114	0.870227268	0.567832785	-0.007916015	0.515763077	-0.375729314	0.037872496	-1.542880455	0.041175099	2.443593985	0.856023235	-0.335378445	1.376333785	0.589520823	-0.335730874	0.287614057	1
-0.737231858	1.073397016	-1.383368726	-1.518660611	1.390603757	-0.8820939	-1.836333468	0.901281965	0.071682962	-0.453494522	2.087108442	-1.170658379	-0.652444214	0.743541477	-0.37110226	-0.194218046	0.050983999	-0.307275059	-0.036153551	-1.326093297	0.568911673	-1.327534846	-0.329173417	1.423004505	0
0.022955646	0.376481921	0.396221367	-0.178349637	0.306768015	-1.721973604	1.886892278	0.346535671	-0.481823008	-0.019707613	0.006486971	-1.141743269	-0.469744919	0.674931471	-0.414638635	0.068909003	-0.034892764	-1.898733899	-1.596881702	0.843515409	-0.778586582	-0.571648116	-0.782924872	0.688912678	0
-0.458853719	0.704658305	-2.502192729	1.925254765	0.426284714	0.127497515	-0.99265435	-2.937663339	-1.027497092	1.395524123	-0.003002469	1.619609975	-1.598391464	-1.035837158	0.608913524	1.104508556	-0.115853709	0.873258159	0.98226792	0.123219479	-0.615812041	-1.03374532	0.068567942	-1.024275207	1
-1.03889306	-0.26311227	1.394544142	0.068737336	-0.804488991	-1.665439413	3.975110303	-2.515980668	-0.714546786	-1.024884568	1.836197043	0.007103154	0.106058451	-0.076497599	-0.573456873	-0.834986622	0.532404556	-0.903501132	0.612469648	-0.185511908	-2.073384167	-0.046827608	-0.51196821	-1.262521891	1
-1.721973604	1.871376298	-0.727013685	-0.051265943	1.556823008	-0.396377118	-0.181867108	-1.51149834	-0.472057309	0.355439624	0.129278988	0.917098077	1.239898211	-0.28169211	-0.091620223	-0.699337761	0.163076948	0.949173682	-0.810180154	2.719316399	-1.364437594	1.460543899	-0.232403181	-0.568187488	0
-0.895850008	1.033649824	4.982211976	0.927825567	-1.812936716	-4.527973942	3.845525498	0.21980668	1.065129709	0.826712494	0.711249868	-0.670547706	0.773162583	-0.227613555	0.151510449	-1.496732693	-0.015750174	-3.024906619	-0.18984565	-0.419624939	0.304676178	-0.759915793	0.528598321	-0.735925596	1
-0.135094069	-1.272953796	0.500217539	0.107697815	0.463621745	2.353290256	3.206150723	-0.663978881	0.079610345	-0.540951532	-0.703457772	1.574931048	-0.970219389	-0.885656846	0.219695266	0.265426934	0.185168574	-1.422527021	0.570687462	-2.264823706	0.599783334	-1.52611392	0.695185918	-1.295668426	1
-1.147059265	0.000757154	0.467781547	0.780603386	1.863800208	-1.6887725	-0.366659378	0.484853899	-0.652398739	1.358885129	1.201997293	1.367238838	0.878349056	-0.180580173	-2.051965566	-0.056331828	-1.181101652	0.703162186	0.180903044	0.363571644	-0.204198614	-0.902025477	0.195834673	-1.176113074	0
1.299763426	0.165357505	-1.171042641	-1.421913112	-2.988108463	2.804890755	1.001517376	0.9904943	1.026025984	-1.265289029	0.341294708	-0.263866013	0.690706656	-0.53966005	0.29473199	1.908210834	-0.164527592	2.217293513	0.192594598	0.416442845	-0.303683692	1.370121936	-0.703764726	-2.533524821	1
-1.543612598	3.381201168	1.554290066	3.570166882	0.599288796	-0.564664333	-3.210479917	1.110938683	0.676102445	2.494452929	-0.637162429	-0.235575044	-0.872364581	2.035185389	0.822144557	-1.977823558	0.419613571	0.709285359	-0.607981292	0.232570301	0.75619937	0.824236395	1.101218459	-0.149353809	1
-1.148114279	-0.361433194	1.039782092	0.570810244	-0.206327968	-2.132219379	-0.843690486	0.60161824	0.266329607	2.28141289	0.278696461	0.4541414	0.601663714	-0.792457513	-0.34155164	-1.412540769	-1.701300789	0.499082944	1.229136615	0.548629941	-1.209268703	0.624944505	0.801760507	0.213415206	0
0.012148575	-0.492773324	-0.270524652	0.198782573	-0.138320502	-0.024128894	-0.912127689	-0.389788966	-0.118558319	-0.573429588	-0.550592176	0.521545189	-1.006803814	-0.666429969	0.476211426	-0.451204869	-1.409462129	0.007123617	0.307356913	-0.693007678	-1.89430466	1.43156285	-0.017048478	1.403343504	0
1.452549441	1.154012352	-4.695757525	2.913120625	-4.07859261	0.5397942	-0.144277692	-0.978011485	-0.243458089	-0.908089532	0.843356247	0.774659838	0.701445515	-0.482290261	1.085131771	0.719837772	-0.532760396	-1.923654054	-0.439299583	-0.454716655	0.420000106	-1.033658918	0.592189053	-1.037890343	1
0.103491402	-0.073110868	0.044155968	0.406199661	0.007095196	0.027819169	0.498396275	0.040965915	-0.233065975	0.692457434	0.508646281	1.244679879	-1.671778591	0.224058567	-0.564045877	0.163252025	0.015622845	1.398027507	-0.859615739	-0.500598389	-0.55271812	0.102477316	0.046428568	0.133170488	0
-0.822326456	1.234723186	1.724592948	0.760546754	0.187628757	0.130969511	-0.276550054	0.990075932	1.789785529	-0.38607368	0.919351351	0.484603788	0.327405587	1.517691999	-0.514078238	1.050325409	0.358714942	0.234698518	1.228036126	0.475929482	-0.408972483	1.413932296	-0.279037522	-0.09265932	0
-0.687600732	1.463881745	1.240482561	0.552054189	0.57629677	-1.363709998	0.166755854	-4.725661711	-0.89090463	0.620264018	0.471034127	-0.85766942	0.219231424	0.969459961	-0.312566044	0.597060534	-1.068558504	-2.025262802	0.204922799	-2.084416337	-0.005043148	1.693078957	-1.254129529	-0.232953425	1
-3.908280632	-2.597830644	1.148468982	1.7277398	0.566833478	-0.228824319	-0.412426289	-0.222062226	0.037759946	0.305914227	1.040607458	0.25617851	0.126440227	0.807176548	1.551552486	-0.949282821	1.587245606	2.302549547	0.251025085	2.930100891	0.178391701	1.777352736	-0.207163566	0.880511379	1
-5.116889952	1.983839866	1.523962965	1.556741154	0.070531314	2.136584953	1.772241376	-3.115874279	0.354348231	0.085674401	1.961307134	-0.107605729	1.419550699	-0.108307177	-0.867260042	0.465277026	2.024953574	0.488273599	-0.247307526	0.118614025	-0.369032023	-3.820750862	1.091423201	-0.259556145	1
1.655712367	-1.531179805	0.205902779	0.756676855	-0.838701908	-0.136701601	0.760053354	-1.162175067	1.156599865	-0.918175829	0.69480393	1.425887604	-0.053963731	-0.295115115	-2.170545486	-0.373852345	-0.325968585	0.935838216	0.522686605	-1.577532203	-0.490383627	0.498147301	0.397639042	0.163676077	0
2.76116225	-2.041406333	0.892759999	-1.356206667	-1.686562427	2.055494406	-2.806191333	1.554221853	-0.286663635	0.697261839	-0.049855089	-0.106454081	-0.235800144	-0.430793534	0.365625965	1.676235115	-1.109935965	-0.1400565	0.695565632	-0.616893203	0.37788368	0.735433332	-0.889501734	-0.177693664	1
1.082937615	2.971955837	-2.889109965	1.890348358	-1.658354449	1.699772838	0.800398539	1.900402822	0.359241312	0.065004997	-0.762388481	-0.127727162	0.334778179	-0.571508281	0.464046934	0.401842044	0.737188657	-0.17047455	-2.277774911	1.142971087	0.265463314	0.562056357	-0.837621883	-0.194777385	1
-1.018620424	0.068392865	-0.083441591	-0.977902346	-0.107163487	0.368911515	2.197411959	0.711215762	-1.084285941	-0.004279173	1.627345227	-0.958691544	0.14778152	0.305935828	1.490611794	-1.4724219	-1.100888767	0.482347104	0.705254024	1.847083695	-0.441092425	1.632665771	0.500941724	-0.470158739	0
0.160111995	-0.350171376	-0.630723207	-1.730036274	1.013615929	-0.854857944	-0.773857209	2.641754691	-0.232623734	-0.145585091	-0.475242814	-0.036865231	-0.513751957	1.932421583	-0.138749101	0.946897671	0.046254627	1.137721028	1.119401531	1.296157279	-1.624130164	0.284019279	0.588236162	-1.084599717	0
-2.38816483	0.698337317	-0.20724201	-0.27333499	2.634360499	-2.265505827	1.489361239	1.28366537	-0.711384018	0.725303835	0.82075303	-1.103664999	0.720158368	-0.624120275	-0.556865416	0.282084329	-0.162399374	-0.783766154	-0.44266244	-0.339289272	-0.144030992	-0.40687155	-0.009855512	-1.292910383	1
-0.590953277	0.817221917	-1.708176569	-0.988477495	-1.009198058	-0.116024239	0.218117293	-1.986918505	1.06679181	-0.038792223	0.710783752	0.953787094	0.525365067	-0.836000709	1.290777618	1.400946985	-0.022459972	0.577394985	-0.536809921	-0.59669901	-0.083844043	0.239889459	0.423601705	-1.562771104	1
1.59222509	0.001932676	-0.010977601	-1.633852662	-4.394896678	0.749446372	-1.460045951	-0.301915861	1.573484951	0.057970055	0.559482487	0.222123617	1.23895461	0.45311026	-1.393032107	0.302634362	0.212885425	0.103156026	-0.985728548	0.060142611	-0.81587018	2.015858627	-1.572525434	2.37065251	1
-1.621201591	1.763996806	-2.229317033	-0.10746362	-1.0982194	0.985032784	-2.148699423	-1.379512469	0.25993586	0.81242888	0.727584393	0.401450961	-0.380354095	0.372347131	0.129849695	-1.76381036	-1.457433427	-0.774191449	-1.990692908	0.309030384	-0.003799414	0.934428499	-1.130242708	1.710795914	1
0.360358854	0.328127499	0.289428499	-1.550888555	-1.883290679	-0.93896233	0.995032678	-0.766190169	0.866584742	1.443891051	0.460145202	1.364778655	-2.027045412	0.466700385	2.117249096	-1.387325028	-1.140419954	-1.924136086	-1.832950147	-0.58410933	1.28062311	0.023509301	0.893996912	0.948275556	0
1.486132533	3.254372132	-5.931651685	-3.576096788	-0.264344635	-0.692314188	-2.968263288	1.336989044	-0.567115421	-0.466163783	-0.452203039	0.129912223	-0.577695118	-1.112045993	2.235428838	0.097576276	-0.224420091	0.696977622	0.271030558	0.681518486	1.020032414	-0.889801868	0.354948497	0.660903652	1
0.242303031	-1.505025011	-0.030513547	3.052664397	3.040477168	-0.240809186	-2.529641279	-0.20335392	-0.727486622	-1.552371032	-0.566014933	2.309207048	-0.189415914	2.345132089	0.887100668	0.399086275	0.843451744	-1.756834536	1.156520284	-2.10111466	-0.938448466	-1.109660843	-1.873950168	-0.14541456	1
-3.236327757	2.505757948	1.526864253	-3.83837687	-2.60415618	-0.50882818	0.322484084	1.229943791	0.252930477	-0.734081596	-0.593672667	-0.25584086	-1.033833996	-0.464822278	-1.723074092	2.362812666	-1.030230123	0.280459744	-0.471823114	-0.101148316	-1.380503818	-0.290702928	0.19166805	-1.30775561	1
2.340407264	-1.240050551	0.068166628	-1.498149231	0.802301656	-1.230582711	1.981807145	-0.796921995	0.986176474	2.078995749	-0.027883971	-0.061497758	1.348162186	-1.438338586	-0.138672931	-1.14109298	0.381934342	0.086075715	0.102551212	0.862030447	0.367233497	0.991501565	0.759039267	-1.055477696	1
1.393336788	0.81263579	2.935566954	-2.335928002	0.429745342	-2.086253517	-2.702245183	0.958102646	0.748591447	-0.423133315	-1.745961526	-1.509624781	-0.962706963	0.36397978	1.361863724	0.031210448	1.941816663	-1.375844931	-0.133927642	0.109265557	1.83335942	-0.155544058	0.637785433	-2.457200026	1
0.945494776	-2.881788532	0.325994733	0.515370857	-2.519373083	1.567959771	-0.773165993	-2.574015525	-0.621878371	0.064508185	-0.582901976	1.226162567	-0.747968443	1.473572411	0.889915555	-1.377668468	0.457996521	-0.414214583	-1.638418325	0.896154688	-0.015450041	-0.908623861	-0.216680291	-0.372954219	0
-1.729586074	-0.908403308	-0.073071078	0.491945684	1.701196197	0.520506092	4.62288881	-3.650584404	-1.172529664	0.160096079	-0.519394234	0.320559366	-0.040922714	-0.200950581	0.390568857	1.522371349	-1.409034667	-1.15315288	-0.911240932	0.355558996	2.397900971	-0.713005193	0.97976681	-0.019845174	1
-1.265370884	1.333496584	1.287298801	1.179623723	-0.894092409	1.769926712	7.142079994	-0.173195076	-0.896866368	-1.499629434	0.819879915	0.484054681	0.563074991	0.282404926	0.364589141	-1.024238827	-0.090839194	-0.550398909	-0.396544237	0.931695467	-0.844704573	1.609914762	0.643121894	-1.770499694	1
0.188285867	-1.397938831	-0.355867087	-0.530726538	1.619209797	0.342674866	-0.005923084	0.013369572	-0.545395551	-0.777307605	2.254491847	0.118996013	1.005751074	0.480279141	0.11563202	0.681098982	0.106758762	-0.835327683	0.708261041	-1.050218543	-2.03667696	1.243929546	0.51403731	-0.175608648	0
0.1191097	-0.579316293	0.691063633	-0.255759005	-0.094898951	-0.122450956	-1.072910436	-0.219303047	0.892141543	1.631224222	-0.847710453	0.557787416	1.303205863	1.39898475	0.27532451	1.746052476	-0.164819767	1.064636308	0.528142436	0.457406486	-0.652744347	0.926438588	0.922423169	0.158406692	0
0.642812665	0.70590886	-0.46282139	-2.979340934	0.338206974	-2.383189894	-0.391532922	0.337645361	0.576135335	-1.186467671	-0.448526407	0.158876219	0.207642188	-0.132524747	2.583365131	-0.976810952	-1.241594418	1.711946425	-0.107251026	-0.511265625	0.042255124	-0.77780669	0.104712399	-0.747270406	1
-0.508844096	1.014718691	0.768384325	-0.006593837	1.144917405	0.171824013	0.314860245	-0.672177976	0.443035333	-0.303382421	-1.71789452	0.27662395	1.091502781	0.17276875	-0.611998985	0.059346803	-1.310090738	-2.090573616	0.734721652	-1.532721399	0.572281351	-0.48604079	0.8021334	0.377008291	0
0.370181397	0.33352876	0.392905122	-0.223833467	2.564411261	-0.098669943	0.66902885	1.200455699	0.517482022	-0.696820734	-0.536199423	-0.401100806	-0.421488267	1.52568191	-1.078506102	-1.174848876	-2.990709618	1.176363185	-0.268424856	0.034258392	1.333405635	0.106551852	-0.260827164	-0.659176749	0
2.064302862	-1.443113433	2.931674317	0.089082732	-1.926114237	1.515659278	0.483878466	-0.17088496	0.084567091	0.39437964	0.698032636	1.031839929	0.041175099	2.319720807	-0.666068445	0.895147423	1.029770829	0.68020654	0.728023224	1.936750778	-1.579537638	-1.629937287	0.145246304	0.813244014	1
0.517918579	0.639073505	-1.150419848	0.514651219	0.09361429	1.724629328	0.878560513	2.349806891	-0.366602535	1.246737611	0.709683263	-0.043698947	0.132486093	-0.593273626	0.544958993	0.616541911	0.345543185	-1.350308594	1.786456778	0.555551196	-0.25432314	1.341882125	-1.183009317	-1.688558768	0
1.539547156	1.449161573	1.46686034	1.20957111	-0.643665317	0.384566192	-1.193091066	0.108316272	0.934405762	-1.476269063	-1.648440957	0.361175125	0.321598463	-0.380978236	-0.325910605	-1.728590178	-1.196190169	0.241268481	1.353121206	1.173866622	-0.021344704	-1.345470082	0.275847469	1.497382982	0
1.891175998	-1.411317498	-1.580231128	-2.871897777	1.5462183	-1.311323103	0.469121915	-0.679438017	-0.011873453	-0.861102762	-0.566753897	0.05837137	-0.573620582	0.404709226	-1.158271061	1.254863946	-0.461596983	-0.275952061	-1.293665264	0.242312126	1.202522526	1.3694671	-0.714123871	-0.156790065	1
-2.347660484	-5.131805665	1.316961971	1.225002961	0.151624135	-0.202069259	0.143386387	-0.670570444	0.416852117	1.037801667	-0.873260433	0.199570422	-0.068482677	0.266434199	-0.295053724	-0.698446456	-0.524611323	0.80781092	0.624484073	-0.503114279	0.245165666	0.628410817	1.619628165	-1.442945177	1
-0.842271675	0.30602223	-0.658391173	1.941216397	0.602797172	1.385797077	-2.361375664	0.299496605	0.069173893	0.049979008	-0.123866357	0.362335868	1.191749561	-0.529196313	-1.00546913	-0.246305945	-0.378474851	-0.012898909	-0.942798124	-0.894879122	-0.588947842	1.551134119	0.475545221	2.587039489	0
0.130750095	0.091766879	0.676475338	-1.028988663	-0.057812031	-0.446129889	-1.562971192	1.562193575	-0.569236818	-0.690927209	-0.126519808	-0.457380338	-0.653558345	-0.697351652	0.424798827	-0.393406481	-0.85855163	-0.861373337	0.130637545	-1.280729975	0.610984898	0.263942184	1.718276508	-1.011608219	0
1.410396635	1.675643944	0.234454092	3.439618013	0.136139988	-1.638991307	1.774865268	0.141765213	0.913371423	-0.564297125	0.606549975	-0.974116574	0.433104788	-1.876314855	1.026824066	1.61447133	0.282807378	-1.010610049	-0.573824082	2.072065399	-0.416151806	-1.347495981	-0.253388635	-0.11238626	1
0.362167611	-0.616296347	0.200408294	0.494201231	2.184806362	-0.57866373	1.396451808	1.125117706	-0.75999651	-0.083396117	-0.398987368	2.017723091	-2.121569196	0.122116717	2.082715582	-0.988177362	0.31718173	1.318126124	0.475414481	0.101505293	0.61139076	1.419130058	1.052608241	0.796749191	0
-1.040830284	-0.477295998	-0.525776613	0.884258498	-1.128705662	-1.075643468	-0.25860686	0.436768914	-0.469674433	3.045424819	0.835343599	0.547370291	1.109210643	-0.148545496	1.000589691	-0.098796136	-0.655309123	0.537486358	-0.14522243	0.591464868	0.743145847	-0.903871751	0.716337354	0.526520125	0
0.531017577	2.400192898	-1.081052687	0.945958618	-4.369285307	-1.69437044	-2.072520147	1.405292096	0.787124463	0.703291789	1.863563739	1.17733407	-0.539728262	-0.301786258	-2.136912371	-0.471247859	-0.055207465	0.044262833	-1.401258487	-0.071991053	1.230455382	-1.107473508	0.416769126	0.129061846	1
0.295442533	-0.570196335	0.730885859	-1.174416866	0.893219294	-3.074219421	-0.382674443	0.513969098	-0.815555268	1.093967512	1.205880835	-0.552967094	0.538898348	-0.754614575	-0.537683036	-0.481402367	1.746166163	0.085316287	0.194102086	-0.102329523	-0.043912678	0.561153684	-0.913132681	0.679162895	1
0.226616521	-1.598673407	1.01400019	-1.325252015	-1.377309218	-0.765394361	0.394243216	-0.63838911	0.534193987	-0.629861461	0.882873792	-0.105072786	0.809429821	-0.502702733	-2.09935024	1.515850272	-2.019369276	0.167992766	0.930908755	-0.837499101	0.72463763	0.798331712	0.960524176	-0.257562078	0
1.961038834	-0.961222213	1.179978426	2.679817044	3.751720214	-1.224921107	-3.992063284	1.366502147	0.641666702	-0.256195563	0.880363586	0.797635948	1.022187917	-0.848610853	-0.680198582	0.462557637	-0.222423751	-0.287270723	-0.071075874	-0.078379117	1.49994321	-1.914531822	2.828091965	-0.790757895	1
0.972615908	-1.321882337	0.211252882	-0.567667939	-0.061208993	-1.741864253	0.194451104	0.836143954	0.007185008	1.086946213	0.541670033	0.292538971	0.651143637	0.080791551	1.345081273	-0.842117061	-1.660341695	0.745960733	0.096982831	-1.302091732	-0.322215783	0.749562332	-0.804776619	-0.585769158	0
-0.180367579	1.003525085	-0.20475909	-1.825446816	0.842773034	-0.926113444	-0.176269168	0.373185003	-1.537305252	-0.890179308	0.363442041	1.581179276	-0.785312295	1.164055448	-1.436355888	-0.794634616	-1.069449809	-1.619359864	0.32994194	-0.37921609	0.819077286	-0.145159902	1.790940587	-0.652751169	0
1.28430429	3.288132575	-0.709728738	4.520916264	-0.640102371	1.898160917	3.837740223	-2.265887815	-0.602931323	-1.484763743	1.478701961	0.186381612	0.676691343	0.937698132	-0.27107717	-0.01803528	-1.605503712	-0.187054638	-1.394309948	0.594720859	-0.081508915	0.554115331	0.193756478	-1.143575901	1
0.386053216	-0.924801498	0.308168637	-3.585046215	2.825418051	0.636696313	-1.343796612	0.286408977	-1.89263119	-2.039087121	0.556594841	1.286662155	1.237767719	0.04176627	-0.512928864	0.843797352	2.339602361	-0.207688799	0.831298621	0.019507524	-1.095957032	-0.65148015	0.935058324	0.585882844	1
0.141926648	1.422495188	0.419012167	0.269631073	-0.089532932	-0.287566309	-0.359098067	-0.19765821	1.53855126	0.625266239	0.945246938	-0.295138989	1.433945727	0.981074209	0.411778274	0.271836598	0.820384685	-1.273642738	-2.251217666	1.206240086	1.809557943	0.491432957	-0.305783487	-1.579114723	0
0.903985438	1.692410478	-0.055586042	-1.773114491	-0.160406444	1.424641596	0.567856659	0.193241476	0.127911335	0.01782837	0.154223017	0.176409003	-0.4835033	0.337643087	1.210391929	0.863728928	-0.730249212	0.706550054	1.47067567	1.924599928	0.449997515	-1.49166226	2.578599378	-0.00896307	0
1.154776328	0.035703351	0.174322849	-0.615948466	0.545983312	-0.882359927	-0.447339517	0.736497441	-0.029738203	-0.798459041	-0.73147703	-1.43248144	0.356752707	-0.304423793	-1.068815436	-0.108595941	-1.527073437	0.206950972	0.824184099	0.5687059	-0.234107347	0.790812464	-0.39458655	1.367279765	0
0.052689302	2.791848601	-2.695333023	-2.250926627	2.273500286	2.307742761	0.993929916	0.31718173	-0.348916274	1.230416729	-1.512526069	0.097978727	2.062479325	1.312216682	1.478524609	-0.417178398	-0.259365152	0.824004474	-0.782650886	0.108248059	-2.852757461	-0.00584123	0.941488452	1.622702257	1
-1.233624971	-0.068758936	0.059909553	-0.532966169	-0.446849526	0.021580036	-0.651541541	0.331699539	1.231692295	-0.229148327	0.526794111	-1.403977876	-0.025418103	-1.10898327	-0.085274223	-2.392644092	-0.383099632	0.374167257	-0.83270379	-2.018596206	1.751741365	-0.638262918	1.203361535	0.025498821	0
0.280147106	1.246548891	-0.48968559	2.701990525	0.193685992	0.262498361	-0.130180524	2.226734068	0.689116177	-0.295648306	-2.177093847	1.537664502	0.428738076	-0.152094799	-1.332364263	0.155166617	-0.759264367	0.290779099	-1.109308414	0.754271241	-1.18321168	0.387684622	-0.109066605	-0.739512416	1
-0.427847908	-0.968968834	-0.6700634	-0.543600436	-0.579969992	0.231278818	1.039938979	-1.439552761	0.73025376	0.450390871	-0.092162509	-1.143682766	-0.340216957	-2.213928383	1.995013008	-1.156454346	0.098164037	0.528388	0.031723175	2.103843144	-0.203572199	0.216333547	0.65256927	-1.648140824	0
-0.342608928	-0.943664418	-2.46338459	0.82582801	-0.530042144	-0.588629518	2.207270882	-0.924446795	-0.895495305	0.415959676	0.374762976	-0.307427399	1.374510248	1.573780537	1.078917649	-0.82560291	0.677703156	1.998232619	1.009154857	0.570955763	1.279922799	-0.52912128	-0.221454002	-1.32002242	0
-2.469137144	1.3296426	0.989093678	-1.792759576	-0.82360657	1.187222551	1.859771146	0.506520337	-0.752711458	1.307303137	0.728132363	-0.513946361	-0.502487865	0.710865606	-1.398207132	1.785911081	-0.59793706	-0.236335609	-0.537395408	-0.548990329	-1.327130121	-1.911739673	0.683471626	1.324203822	1
0.364566404	-1.521539161	-0.332652235	-2.055330697	1.170330961	0.049865321	-2.489759936	2.09776772	-0.003703917	-0.84470912	1.471021278	-0.175934929	1.524499567	0.500893975	-1.013399924	0.632483079	-1.916068868	-1.765629349	0.176435151	-0.211679207	0.008939196	0.627362624	0.19006734	1.54796453	0
-0.962572813	-0.715504029	-0.678116976	-1.074358806	-3.936966095	2.429233064	1.311561846	-1.63254299	-0.000454747	1.480038918	-0.458499017	-0.48754373	0.151691211	0.73104502	-1.635162334	-1.00375928	-0.131657316	-0.355175871	0.994964466	-1.530920599	1.281991899	1.123207767	1.064145181	0.268362328	1
-1.641724339	-0.156618398	0.194742142	1.387491011	0.109682787	0.231959802	-0.125414772	0.298123268	-1.109406185	0.170424528	-0.778135245	0.231498234	0.486124918	1.413550308	0.977518084	-1.886855898	0.880736479	0.776035449	0.667050699	0.494962933	0.328334409	-0.299835392	-0.462115395	0.1696867	0
2.698343451	0.86898126	3.87788532	-0.664958861	0.838856522	-2.576098268	-1.970502126	0.880095286	0.517652552	0.940985956	0.467525751	1.194289325	-0.902364263	0.506088327	-1.377006811	0.47200956	0.299193061	0.514769454	1.562466423	1.279349817	-0.500021997	-0.573517127	3.621680662	0.756974714	1
-0.51456027	-0.842399004	-0.597813141	0.896150141	-0.05209472	0.508653102	1.40660859	0.747033937	0.038705821	-0.451946107	-0.110594556	-0.582814437	-0.911468305	-1.638450158	0.773195552	0.014957777	-0.48121592	0.27589067	-1.294583853	-1.789644557	-0.887939677	0.136626568	-0.375373475	0.891980108	0
2.732499524	-1.11080908	0.071058821	2.432334441	0.741683834	-3.405202733	-0.050781637	-1.41705641	1.195905952	-0.565541995	0.181119049	-0.062736945	-1.492198862	-0.504579702	0.106906555	0.759613386	0.968325367	0.244856437	0.157963314	-1.624830475	1.179005267	0.161437583	-0.020127118	1.07437927	1
-1.921175681	2.238662091	1.379130481	1.488092494	2.151118679	1.976145541	0.216327862	0.894858658	-1.054831955	0.345464741	0.828788416	0.08811412	-0.005741185	-0.787936187	-0.437191829	0.949266905	-0.150498636	-0.592951892	0.719530817	-0.327075895	0.557889734	-0.681836809	0.228034196	-0.078227913	1
2.096212484	-1.164139576	-0.924153483	-0.159676574	0.662059847	-2.463802957	0.572182444	2.138312993	0.223776624	-0.808981895	-0.309601091	0.827021722	0.313182227	2.522428986	2.071665222	-1.01166961	0.828338216	-0.56833187	-0.643988187	0.316003934	0.047826916	-1.91568688	-0.592222023	-0.981390258	0
-2.592696546	-3.307341103	-0.529239514	2.608767318	2.446090548	-0.219260983	-3.63575964	-0.288171123	0.466370693	0.927338988	-1.19260676	-0.06325422	-1.711136974	0.519880814	-0.097750217	-0.424017799	1.130829332	0.461541276	0.972556791	1.628477548	-0.390068635	-0.514291969	-1.185994734	-0.696529696	1
0.886184353	0.393706614	-3.68218025	-0.599868599	3.268505679	-0.866548362	1.613366294	0.217469278	-1.675643944	1.070554845	0.900195118	-1.515340955	-1.790590431	-0.149877906	0.465327048	-1.013806923	0.774414275	-1.677076398	-0.052688165	-0.319882929	-0.112279395	0.58871592	0.588165676	1.320522642	1
2.025917638	-0.935503977	0.18670562	-3.263121471	0.315704938	-0.248800234	1.1508223	0.104089395	0.176211188	0.133368303	0.540105702	-0.477429012	0.975317107	0.454920155	-0.053847771	0.984732651	-0.005572929	1.165460617	1.127907581	0.330992407	-0.688487489	2.073329597	1.38570158	1.084135874	0
0.480399649	1.789858288	-0.237359927	-0.277933623	0.3120158	0.367438133	0.22655172	0.875727437	-1.494227035	0.516390628	0.013067165	1.315875124	2.020105967	-0.728143732	-1.390017133	-1.241496648	-1.121702553	0.546749561	0.763136541	-0.989389264	0.558050033	0.796239874	1.121493369	-0.58382966	0
1.116932253	-1.811777111	0.084817202	1.820530997	-1.283433448	2.195547495	-3.063023541	-1.809485184	-0.673353497	-2.50787707	1.051353138	1.767984941	0.81365215	-0.803704552	-0.467542804	-0.0526029	0.54916427	1.369762685	0.494933374	0.051812776	0.316399564	2.500637493	-0.430950422	-1.392750164	1
0.752419282	0.393640676	-1.423786671	1.42996214	-0.709439973	0.475639581	-0.442769306	2.388442226	-0.907957656	-1.057703685	-0.867426024	-0.733239176	0.825752977	-1.334174158	0.368623887	1.485764187	0.816162355	-0.630991508	-0.90140702	-0.883908342	-0.777454261	0.15752903	-0.331733645	-0.189492084	0
-0.173056378	-1.701891961	-1.062010142	0.177542461	0.481566076	-1.82471922	-0.424164455	-0.39289489	-0.602442469	0.41624844	0.467352947	-0.587500608	0.5522827	-0.213270823	-0.23577627	-0.186241778	-0.796069344	-1.692028491	-0.523430117	0.936452125	-0.671540192	0.454990641	0.611709083	1.709863682	0
-2.030888027	3.270788511	0.029165221	2.021943146	4.598114174	0.637378434	0.115876446	0.43644377	2.153064997	-0.136346898	-1.03345883	-0.892156322	-0.163607865	0.105535491	-0.165091478	0.860304681	2.050101102	-1.640628398	0.136874405	-0.476575224	0.915276814	-0.832185378	-0.10751819	-0.635357083	1
1.872699613	4.523462849	1.430587417	0.177055881	-2.409842637	3.300174285	-0.290388016	1.933817657	-0.348295544	-0.906666173	-0.012246346	0.619777438	-1.239170615	-0.369200279	-0.306788479	-0.522362598	-0.066254415	-0.478016773	0.779782567	0.245005367	-1.14652039	0.242076794	2.228352969	-0.707534582	1
-1.850780791	-1.187893304	-0.016500508	-0.580498636	-1.182356755	0.487800662	2.881906767	0.573074885	-0.376844582	-0.134591573	1.861271812	-0.532013473	0.16481863	0.155132511	-1.305004389	-0.014933903	-0.827490112	-0.012466899	1.110161065	-0.110846941	-0.535941354	-0.764293873	1.132857506	1.113298822	1
-0.540642304	-0.553839072	0.750335403	-0.011652901	-1.616094778	-1.370028713	-0.451743745	-0.946815817	-0.573181751	-1.199150574	1.492717274	0.791671937	0.871671091	0.220143193	-0.476951527	0.013717454	-0.118737944	0.217034994	-0.181712494	0.411131396	-0.587449449	1.160749434	-0.03223704	-0.187351361	0
-0.743279998	1.013916062	1.265486844	-1.094522304	-0.399387545	0.075208391	-1.269636414	-2.452507033	-1.930202416	-0.450772859	0.273845444	-0.304917194	-0.522015853	0.403499598	0.688996806	-2.187134669	-0.521558832	-0.759471277	-2.56630301	0.485390501	-0.347260993	2.522210707	1.604294084	0.497113888	0
0.891627678	0.239277824	-0.428244675	0.670656846	2.160377335	-0.688546606	0.840450411	0.800362159	-1.912540029	-0.677305252	0.478557922	0.078832727	-0.642565965	-1.015596354	0.232302	0.679870027	0.597601684	1.39642907	0.975833245	1.512194103	-0.087900389	0.7021481	-0.069935595	1.433354555	0
-0.726884082	1.134958438	-0.851421191	0.191306526	0.540472911	0.151793529	-0.982372512	0.311122221	-2.603519533	0.052964424	-1.135008461	-1.15090188	0.579723292	-2.231172402	-0.642871782	-0.926440862	0.243095428	1.097755558	-1.901498763	-0.607860784	2.20761649	-0.528232249	-0.157467639	-0.557957947	0
-2.191986823	-1.824018909	0.76621518	1.735093065	0.060435923	-2.682049853	0.887457645	1.978246473	1.30209628	-1.593152774	1.262806109	-0.224483756	0.0291368	1.048822469	-0.680347512	-0.780223672	0.124131248	0.89197556	0.030645424	0.717679995	0.741247277	0.079139681	-0.107829692	-1.660814632	1
1.364346645	-0.380744041	-0.764248398	-2.762535587	-0.316447313	-0.659192665	-0.130078206	-0.003612968	0.340528459	0.152485882	1.020646323	0.294076017	0.018701485	2.101387508	-0.344538194	-1.701182555	0.822660695	-0.092917389	-0.90365802	-0.46447667	-0.663239916	0.538113909	0.179156814	1.35877599	0
-0.648169589	-0.447671482	0.239085693	0.263828497	0.069071575	-1.184207576	0.568641099	-0.86646196	1.565840648	0.803236162	0.749744231	0.666029791	-0.03832838	0.190823357	1.019818683	0.496553412	-1.095227162	0.949662535	-0.184577402	0.305756203	-0.64475671	-0.924003416	0.900463419	0.724351139	0
-1.163100478	-0.687230113	1.141027042	0.351076324	-0.027951046	-0.793697836	0.906579771	0.523909875	0.961824753	0.275480261	0.118982371	0.805673608	0.474722128	-1.200855877	0.466402525	1.545358828	1.050239007	-0.131846036	0.329930572	-0.50430117	0.006712071	-2.369524736	0.453101165	-1.66249265	0
0.005206857	-1.229586815	1.200853603	0.635895958	1.816706572	-1.283399342	-1.119119588	-1.234534466	-0.681993697	-1.27172143	-0.356019427	0.641553015	-1.749294825	-0.746674687	0.720010576	0.907702997	0.302521812	-0.991765319	-2.136566764	-0.103922275	-0.599635541	1.008227173	0.077318418	-0.395251618	0
-3.605055099	-2.301335371	-1.735729711	-3.189734343	-4.71714884	-1.087128112	-0.486722911	0.243996965	-0.906218247	0.416436023	-0.371946953	-0.434151843	0.412511554	-0.69027692	-0.117822765	-1.058435828	0.133525191	-0.484238853	-1.496032382	-0.279987944	1.17357331	1.352364052	0.49787559	0.562529294	1
-0.428331077	-0.15626938	1.483795131	-0.727486622	-1.55568614	-0.242915803	-0.697311862	0.799116151	-0.411287147	0.209331574	1.437360879	0.295823384	-1.515040822	-0.229845227	-1.747857823	-0.131362867	0.015426167	-1.043977136	-1.021355729	-1.004223122	-0.382372036	-0.549721335	0.329896466	-0.911454663	0
1.256798896	0.729363592	-2.767046681	2.213801054	-0.254242423	-0.785719294	0.52803216	-0.522481969	-1.294406502	-0.420789092	-0.144561909	-0.576073944	0.015930937	-1.147036528	0.113404894	-1.379985406	-0.965869731	1.049429557	0.310230917	2.005681381	0.769043709	-0.199789838	-1.224686912	1.451917342	0
-1.417679414	0.367526809	1.361991053	0.541531335	-1.072758096	0.662300863	0.71661475	0.104137143	0.06968321	0.029390321	1.011496806	-0.769348389	-1.203652573	-0.358037369	-0.466500296	-1.077992238	-0.699478733	-1.0998383	1.495668585	0.176962658	-0.118568551	-0.700574674	0.755492238	0.56395038	0
1.626119683	0.208481197	-0.559157343	-0.370878297	-1.049613729	-2.312326615	-2.324927664	0.078798621	1.120297384	0.755333076	-0.679488039	1.217158569	0.000422915	-0.332463514	0.588389639	0.368879682	1.114185579	1.631897248	1.271405381	0.017083721	0.363562549	-0.292716322	-2.238357411	1.5878868	1
-3.758887033	1.306898412	1.952162165	0.181257747	-0.992554305	-1.403300303	-0.113739134	-4.407447705	1.319458534	1.132384568	1.224611879	-0.359661954	-0.382065082	-0.228799308	-1.868829713	1.441389941	-0.78237008	-0.370139333	1.580006028	1.24889084	0.336063977	-1.726089067	-0.469249244	-0.025390818	1
-4.845169315	2.404972292	2.032684279	0.377613105	-2.745300662	-0.972167982	0.738691597	0.362992978	0.00356863	0.503150659	1.662956493	-0.745474154	-0.458028353	1.874268492	-0.852744506	1.906319085	-0.715211854	-1.09947905	0.530853868	1.338194124	-0.750249001	-0.916872978	-1.224209427	0.877937509	1
1.228759174	-2.184933692	-1.334196895	0.270633791	-0.663603714	0.154122972	-0.895258836	-0.577801984	1.219359547	0.264908522	0.285037913	0.138547875	0.890611318	1.399662324	0.264482196	-4.027970135	-0.036598067	-0.378472578	0.013999397	0.152724624	0.730544798	0.125183988	1.320804586	-1.44395699	0
-0.723200628	-1.436624188	1.288881322	-1.424252787	0.033401193	-2.132023837	0.876107151	0.863460627	0.367012944	-1.83337761	1.901280484	-2.217693691	0.56194267	0.93236622	1.303894805	-1.467979018	-1.729586074	-0.697507403	-0.889292551	2.037759259	-1.510766197	0.638185611	-0.562564537	0.049158189	1
-0.153859219	0.48403308	1.419211912	-1.366825018	1.021189746	0.502034254	3.686154741	-0.153702331	-0.900042778	0.685672603	0.617631031	-0.984987309	-0.507438926	0.484972134	1.344119482	0.456095677	0.327578391	0.196766905	0.517339913	0.696111329	1.603666533	-2.387005225	0.309623829	0.556158284	1
4.926187103	0.370721409	1.820590114	-0.841125711	-1.322616754	1.543726285	0.686336534	-0.932486728	1.569696906	-0.814645773	-0.200536761	-0.71342356	0.160155196	0.077297955	-0.622716243	0.916952558	0.053006488	-0.538677796	1.563953447	0.296771532	0.307130676	-0.257241481	1.013675046	-0.425785629	1
-0.559541604	0.347125706	1.461016836	-1.704479473	0.731317868	1.106666332	-1.679641173	-2.051720003	0.854504378	-0.692791673	0.508227913	-0.110726432	0.731445198	-0.677637217	0.377740434	-0.675568117	-1.305584192	0.062855179	0.897728114	0.283673671	-0.202560386	-0.078099447	-1.918178896	0.582836037	0
2.855013008	1.513556072	-0.003728928	-0.482677933	-1.389248609	-3.285776984	-1.324679033	0.164466201	0.71261411	-0.262045887	0.368626161	1.556240932	0.430210321	0.521799848	-1.935904947	1.151763627	-0.146269485	0.415525392	-1.37936695	-1.258135853	-0.588838702	-0.530133093	1.799089659	0.33848778	1
-0.094887582	2.522087925	-1.062353476	-0.436934897	0.081704457	1.207026799	-1.309513209	-0.233292212	0.327917178	0.974591785	1.340226845	-0.056230647	0.035687435	0.01459739	1.295074981	-0.786965302	-1.174164481	-0.392583388	-0.914112661	-0.77895038	-0.728691703	-0.153493147	0.452220092	1.496391633	1
-3.603418008	1.398352651	-0.701154477	1.480498213	0.305640242	-2.181586751	-0.592679044	-0.391057711	-0.659470061	0.179556991	-0.116573347	-2.430551831	-0.700911187	0.641168754	0.893080596	-0.20370976	-1.559010343	0.077550339	-0.674781404	0.132716877	-0.933184765	-0.140123575	-0.007433982	0.212548912	1
0.01582066	1.083058123	-2.199690243	2.816068445	2.041706466	-2.586766641	-2.878755367	-6.610061973	-1.913740562	-0.00608452	1.122975846	-0.331997398	-0.132216655	-0.877319053	0.645458158	-0.055320015	-1.437624633	-0.147279025	0.668685516	0.890124738	0.342490694	0.894374352	0.911504685	-0.08993311	1
0.9818541	0.110878773	-0.674581315	-0.925720087	-0.166603513	1.76732101	-0.684096904	0.190655101	-1.072153282	-1.390255875	0.672682745	-0.462539447	-1.471403266	-0.033787728	-0.367949724	1.771954885	-1.760190571	-1.436974344	-0.39778115	-0.396684072	-0.476916284	0.334424612	1.883290679	-0.679899586	0
-0.516148475	0.676320724	0.446935928	-0.773206921	1.190085186	-1.331759449	0.081997769	0.313744977	-0.551100356	2.1964388	-0.2006459	0.916909357	-0.224670202	0.848094714	0.720701792	1.34072252	-0.619209004	-1.039888957	-0.092968548	2.135839168	0.447927277	0.627464942	1.326166057	0.937400273	0
0.786640157	-0.341690338	0.158382818	0.44925855	-0.127207613	0.389547949	-0.745367288	0.359791557	-0.09652922	-1.305725164	-0.555289716	1.274820534	-0.100928901	1.570906534	0.229555326	-0.602196906	-0.084905878	-0.129923592	-1.305211299	-1.042576514	-0.407428615	-0.036367283	-0.655984422	0.179032895	0
2.466240403	-3.855584509	1.620219336	-1.519483703	-1.603170858	-0.840716439	4.500252544	-1.712573976	0.14768716	-0.656157226	-1.927382982	-1.741814231	0.297430915	-1.324358436	0.10013764	-0.259589115	1.62170636	-0.625943812	-0.221862138	0.080103746	-0.75308094	0.903091859	0.323798304	0.078039193	1
-1.334251465	0.052742735	-0.636578079	-0.588655666	1.293988134	-0.311245003	0.398661086	-0.627943564	0.325737801	0.648137757	2.642264008	0.742097654	-1.527341738	-0.661923423	1.015155249	0.842589998	0.451732376	-0.817751697	0.521995389	0.504559239	0.87613671	0.070033366	1.171329131	-0.023119355	0
-1.131838872	0.402521891	-0.755965175	-0.487016223	-0.261288733	0.021428832	0.424354312	0.685490704	-1.389726094	0.097588782	-0.096345047	0.87808985	0.629497663	-0.136818699	-0.463090828	-1.11702775	-0.0049954	-1.078226433	0.615443696	-1.416046871	2.393717295	-0.48829861	1.522039383	0.436289156	0
-0.417987849	1.634657565	0.193517735	-1.536109266	2.373735697	2.266283445	-0.244467628	4.419634934	1.313301254	0.59635795	0.99973704	-0.163506684	1.496796358	-2.256347216	-0.514103249	0.724278379	0.531638307	0.196959036	-0.151969743	0.195315124	-1.166320089	1.015068847	0.247111984	-1.095652351	1
-0.253834287	0.716188424	-0.677068783	-0.206805453	-0.903419277	1.598118615	1.974785846	-1.458161023	-0.431036824	0.739560164	0.025083864	2.082415449	-1.919579518	1.042874374	0.713589543	-0.355338443	-0.694661821	1.527605491	-0.029832563	1.012851953	-0.247230219	0.985130555	-0.101855449	-0.443267254	0
0.753764198	-2.397191565	4.696776159	0.65056156	-3.460136213	1.811531547	0.415832346	-0.012373675	-0.272061698	0.751674634	-0.110059091	-0.342822659	-0.29614057	-0.968693712	1.453786354	-0.674619969	-1.603721103	-0.379385483	-0.92866685	1.421467459	-0.853374331	-0.658872068	-0.104856781	0.336341373	1
0.550498953	0.910222298	-2.049514478	-1.297635208	-1.221592356	-0.325821929	-1.425619303	-0.367615485	-0.920667844	-0.357140379	0.294253368	-0.941734015	1.07950882	-0.002961542	-1.235380296	-0.633053787	0.159593583	-0.361906132	-1.212185907	-0.70575652	1.404991963	-0.21556616	0.295872269	-0.675740921	1
-0.853960955	-1.240400707	3.175919119	1.56047463	2.670431059	-0.231077593	-3.628101695	-0.897982773	-2.687884262	0.049536766	0.577514356	0.5024026	-0.337190613	-0.821692083	0.427453415	1.01723117	0.392590209	-0.615611953	0.831594207	-0.443899353	1.980415618	-0.866980372	-0.172390173	0.287066086	1
1.262410478	0.567320058	0.787658792	-0.54035354	-0.622294465	-0.912802989	0.263144102	1.550338311	0.68597501	0.428884732	1.7737284	-0.042672355	0.181431687	0.474410626	-1.965709089	-0.110010205	0.145453214	0.235186235	0.672782789	0.329177965	0.038503458	0.078093763	-0.319992068	-1.631806299	0
1.372791303	-0.461427589	2.300948836	-1.016173883	-0.709330834	-2.143515303	0.51863708	-0.826948963	-0.68466079	0.938473477	-0.384275154	-0.343123929	-0.620414085	-0.661086688	-0.049556093	0.330944658	-1.461007741	-0.288588353	0.047831463	-1.69519808	-0.408044798	-0.623776941	-0.265192739	0.634022399	0
-1.633570719	-0.450540938	0.02442448	0.284317139	1.812563823	2.863516784	1.460598469	1.75135483	0.348675258	0.35783728	-0.339639428	-1.043408702	-0.13361614	0.685349733	0.620653964	1.573575901	0.325599103	-0.753930181	-0.495030008	0.16111926	-0.651909886	-0.090058165	-0.422120365	0.440822987	1
0.960083071	1.126857114	1.626408448	3.20314939	1.286402949	-1.078587957	2.11879069	-4.330249794	0.344239197	-0.597768803	1.717125997	-1.166999937	-0.009204086	0.392483344	1.179091669	0.62660888	-1.031060037	0.527479642	-0.203580157	0.147997525	-0.108664153	0.841994279	-1.812040864	1.025541678	1
-0.640209237	0.447080311	0.619672846	0.739012194	1.138059815	0.163474851	-0.338091013	1.145613169	-1.750386218	-0.515879037	0.44334115	-0.089244168	0.04196977	-1.278467607	0.347006335	-0.035082621	-0.569177701	-0.148054369	0.65039103	-1.067123776	-0.826718178	0.367226676	0.904860826	-0.731835144	0
2.461729309	2.445804057	-1.772646101	1.876464921	1.295115908	-2.027304618	-2.119850251	-1.50479309	0.147115315	-1.739754225	-0.268562417	2.671222319	-1.283310667	-0.568013547	-0.468700136	-0.211070983	0.953980361	-0.906632067	0.213876774	-0.415608383	-1.746184353	1.168118615	-1.061862349	1.29469754	1
1.531489033	1.622447598	-0.661484592	-2.537472028	0.416582679	3.039713192	4.179801181	-0.735051344	-1.372068255	-0.834016873	-0.290090156	1.146056547	1.20652885	0.033952574	0.564077709	1.785911081	-0.600944077	0.158303237	-0.343295596	0.344434739	2.598571882	-0.70205715	-0.736663424	0.148158961	1
-1.445905582	1.129558314	-1.014659574	-3.057002687	2.011279321	-0.400718818	2.855304047	4.144494596	0.037553036	0.88648676	-1.875623639	-0.489669674	-0.955885753	0.019280151	-0.685472514	-0.484474185	-0.677059688	-0.134011771	-0.767770416	0.560435183	0.769865665	0.907236881	-0.233434321	-0.37813038	1
-0.825157258	3.03577508	0.225581971	1.012076609	2.658830454	-2.58356522	1.656626409	-1.550906745	1.442631401	1.510866241	0.8748043	1.860926204	-1.608955245	0.550653567	1.512203198	-0.057516445	-0.044196895	0.258595492	0.559571163	1.191947376	0.462241587	-0.519701189	0.195082066	-0.756938334	1
-1.71494321	-0.635463948	0.999029908	0.683603503	-0.473630735	-1.152448021	0.257996362	-0.145746526	0.451598225	0.627655936	0.051071538	0.599006853	0.04514277	0.048916036	-0.553138761	-1.133171281	1.345297278	0.114587237	0.483682925	-0.21518531	-1.447933755	-0.935021944	0.804991487	0.682448444	0
2.864089765	-1.886523933	-4.210614861	-0.625852863	-0.600423391	2.698420758	1.218618308	-2.064361979	0.619027105	0.467136942	0.042444981	1.784555934	-0.851412096	0.253420467	-1.343892109	-1.221967523	1.845737643	-0.330049943	0.439891892	-0.820361947	-0.295556219	-0.356959617	-0.575175818	-0.026291218	1
-0.163527147	1.043667908	0.169191026	-0.112062253	0.169632131	-0.993672984	-0.133982212	-0.429902229	-0.127133717	1.542493919	-0.125287443	-1.206776687	-0.146164894	-1.493308446	1.159442036	1.1312477	0.106550715	-0.281984285	-0.346628894	-0.443383215	0.883990197	-0.201227977	0.217418119	1.248859007	0
2.178494469	1.013454494	-1.135940693	-0.158238436	-3.403274604	-0.622478638	0.926420398	1.100938789	-0.107318101	-1.741282176	-1.454363883	-0.286250952	-0.507145614	0.505766593	1.952721504	0.007611334	0.084718295	-0.701395493	-0.65471113	0.243917384	2.289561962	1.634966793	-1.502908162	0.335080586	1
-1.763273758	-1.371877261	2.258748282	0.854784048	0.640413873	-1.887369763	3.399090929	-2.430087989	0.465571475	-2.148644853	0.487530087	0.882728273	-1.463808985	0.304285095	0.704544618	0.845514023	0.520658432	-1.168434665	0.393262098	0.539121174	2.066954039	2.186516213	1.279033768	0.720945081	1
-2.122269507	0.117897798	0.210452527	-1.475027602	-4.311987141	2.059973667	-1.338389666	-4.497123882	-1.527328095	-0.60975367	0.933143838	1.146936484	0.454583642	-0.561553861	1.279374828	-0.373358944	-0.931017894	1.590105967	-0.971701866	0.158285047	-0.541250529	-0.737258006	0.778748017	0.263164566	1
0.199910346	0.758459464	-0.138036285	0.242876013	-1.924800017	0.322941105	-0.397037638	-1.839107426	-0.496628445	-1.944217729	1.361668183	-0.812808594	0.224265477	-1.451762728	1.470607458	1.171545136	1.37371444	0.624818313	-0.306491756	-0.219154117	1.224889274	1.119381068	1.083312782	0.851798632	0
-0.559068667	-0.768991413	-1.030355179	-0.460797764	-0.824600193	0.10798658	2.172309905	0.584971076	-1.441594577	1.436719685	0.581617314	-0.564845095	1.262189926	-0.45607635	1.088003501	2.840315574	-1.411258381	1.286434781	-0.003634568	-0.069283033	-0.053388476	0.337272468	0.036739038	0.319041646	0
-0.962484137	0.088271008	0.401655598	-1.04548235	-1.842749953	0.23117309	0.380455276	0.287041075	-0.387744876	0.666304913	-0.398175644	1.368739504	-1.166745278	-2.645865607	-0.757959242	-0.132633886	0.176625008	-1.04326773	0.729634166	0.897118753	-2.04355274	0.072363946	2.200376912	0.835750598	1
1.14705017	-0.265042672	-5.11376129	-2.898405	-0.336262929	-3.117875167	0.593838649	-1.868429536	-1.164019068	-0.206963477	0.195711891	0.37468908	-1.230212092	0.625959728	-1.5393789	0.521331458	-0.195702796	0.88132083	-0.429311058	1.545363375	1.089244961	0.492275376	-0.510993914	-0.12341161	1
4.797111615	-0.579457264	-1.457929102	0.590564468	-3.588047548	1.296884875	3.587138053	-0.896943675	0.306979473	0.975639978	-0.083670102	-0.607433321	-0.31323907	-0.782646339	0.142190402	1.573293957	-0.499858288	1.027533472	0.226748398	0.154187774	-0.158372586	0.804323008	1.070418421	0.030082674	1
-0.945635747	-1.514190444	-0.084138492	-0.141124019	0.298759915	-1.466146387	-0.027101805	0.099677209	0.701106728	-0.584220743	0.079450047	0.440211352	-0.413840553	-0.25817144	-0.471462727	0.597217422	0.410338998	-0.189049842	-0.25533609	-1.48134859	-0.303575689	-0.477784852	0.232907951	-1.505463842	0
0.598906809	-0.869558789	0.006242544	-0.952088612	1.608987077	0.660238584	-0.599432042	0.026886937	-0.512932274	0.79285428	-0.866982646	-0.185933686	-0.264310529	-1.450739546	-0.43744194	1.523885658	1.539301593	0.332767058	0.951579295	-0.810480287	-1.033936314	-1.352771051	-1.326766323	0.316235855	0
-1.995231287	-3.510049282	-0.548684511	-1.928028723	-0.418033324	1.083506049	2.495162335	-1.177629656	0.386145302	1.082501058	-1.844100552	-0.774737146	-0.149824473	1.204371074	-0.192272864	-3.172899596	0.315064881	-2.085835149	1.123776201	-1.732219062	1.505868568	0.073409865	-1.423143203	0.99441877	1
3.866316547	2.45690444	-0.255911345	1.318248906	1.434636943	0.910549716	1.232215254	-1.466660251	-1.086295924	-1.133912519	-0.307297796	-0.248674041	-0.376055596	-0.447628281	0.664804247	0.345438593	0.52598125	-0.509058964	-1.243677161	-0.897252903	-1.641169547	-2.616397978	1.026801328	1.245916792	1
-0.680531684	0.369794861	-0.781571998	0.405655101	0.100850457	-0.930697297	0.698439635	-1.294524736	0.752434062	0.518343768	-0.85665306	-0.402189926	-0.265897597	-1.505040927	1.51057975	-0.131117304	-0.10229769	0.26127509	1.078221885	0.47569074	0.022610038	-0.548468506	1.047017122	-0.986442501	0
-0.141344572	0.70136366	-1.504427019	0.56019303	1.840826371	1.05012532	-0.870663825	0.097747943	0.054772045	-0.838140295	2.843735274	-0.482060614	0.420562856	-0.961065325	0.490481398	-1.446528586	-1.249188699	-0.661516424	-1.148505362	0.179315975	0.063143943	1.631688065	0.475860134	-1.28569809	0
0.299421572	0.137727056	0.318999582	0.458990144	1.009184416	0.783174983	-0.2735419	-0.882876066	0.545162493	-0.202646788	-1.082291874	1.005462309	-3.020104486	0.311023314	1.540756784	-0.318755156	0.404209004	-0.46624109	-1.61495791	-0.54488055	1.745238478	0.643044586	0.818845365	0.803031526	0
0.630777777	-1.516746124	-1.469115887	2.083929758	0.998320502	-1.985490599	0.863351488	2.99034582	-0.001807621	0.324030225	-0.267793894	1.271146175	-1.595012691	1.035220976	-0.571048986	-0.799461759	-0.322803544	0.224240466	2.016149665	-0.799543614	-1.069490736	1.771450115	0.327875114	0.470708983	1
-3.278537406	3.16025762	-3.66918357	-2.758592927	-1.612597771	3.744917194	3.687355274	2.555589163	0.004224603	-0.633888249	1.205703484	1.654948392	-0.51609959	1.385922133	-0.8629695	-0.69651378	-0.714372845	0.472650754	1.083490133	-0.871184511	-1.075668479	-0.395853021	-0.452770337	0.107924052	1
2.823289833	1.117173269	-0.730710781	-0.319090532	-0.235576181	-0.882162112	1.064388471	-1.048665581	-1.66333848	0.921259016	0.196366727	-0.977522632	-0.310003543	-0.557656676	1.742728273	0.231615331	-1.108544438	-0.275183538	2.38098437	-0.197444479	-1.194207471	-0.266261395	0.502313924	-1.569860615	0
-3.375280357	-0.370050657	2.515753295	0.958893906	0.702091256	-0.626732799	1.303383215	-1.244072791	0.909203663	0.01611852	1.089401849	-1.940570655	-1.402943326	-2.660890459	-0.043035016	-1.032697128	1.500479812	0.542902399	0.782372354	-1.422968126	-1.356756911	1.056378096	-0.651630216	-0.38357598	1
0.406041636	1.160578904	2.421538738	0.08179768	2.664646672	1.657367648	-1.357557267	-2.617925929	-0.237902213	-0.450377229	-2.366432454	-0.24054998	-0.690256456	0.04572712	0.864999947	0.40264581	0.442996679	-0.701297722	0.138746827	0.214167812	-0.116656338	0.485363216	-0.599502528	-0.590870286	1
-2.050755938	-1.580447133	-1.901653377	-0.947313765	1.104640432	0.638649453	0.734178229	-0.16521426	1.421644811	-0.124064172	1.114960924	0.199145234	0.99556928	0.019826984	-0.275579168	0.010746817	0.902614374	-0.307885557	-0.830048066	-0.286424893	0.397722033	1.106716354	-1.025282472	-1.705948307	0
0.681188794	0.932043349	-1.397929736	-0.328743681	0.048729589	0.150762389	-0.948341494	-0.532326112	-3.241584636	-1.660196176	1.377077297	1.029463874	-1.724074536	-1.252510629	-0.513662144	-0.570191787	-1.519324542	-1.283974598	-1.071491624	0.097752491	-1.279568096	0.635366177	-0.622183052	0.108096856	0
2.539572961	0.922627805	-3.637023838	3.643035598	1.074868123	-1.276989678	-2.085230335	-1.338610218	-0.66113671	-0.457889655	-0.103697175	-1.035350579	0.997874849	-2.789383871	-1.072469331	-0.292955065	-1.191497176	0.270977125	0.124571216	0.064965207	-1.478329068	-0.411562269	0.243447857	-0.826623818	1
-0.480848712	1.225666892	-0.495942913	-0.255350869	-2.257020242	-1.3075487	-0.684049155	0.594649237	-0.201337116	-0.967663709	-0.129992941	0.950092272	-0.004181402	-0.452128006	0.898439794	-0.063228072	-1.04582341	1.789949238	-0.052915539	-0.039781298	1.229750524	1.005500962	-1.326202437	0.091547463	0
-2.538517947	0.848658601	0.868742518	0.234540494	-2.294464139	-2.063243301	-0.461404852	1.498865458	0.429008651	-0.237716904	-1.826765583	0.939910478	1.906610123	-0.20797529	0.521798711	-2.017968654	-0.577313131	-0.25958002	2.085398592	-0.353807081	1.165126378	-0.813699899	-1.409662218	-0.808543064	1
-0.173290573	-1.092366801	2.178148861	1.103321665	1.450412128	0.369611826	0.115628609	0.631043804	2.15525688	-0.551085577	-1.802118277	-0.150223514	-0.414156602	-0.647328307	-3.704335541	-0.658251338	-0.214040483	-0.104711262	-0.842460395	-1.250089099	0.352357574	-0.812476628	0.051716142	-0.678558081	0
0.551397079	-0.657450983	0.431941771	-0.756431291	-0.285419901	-0.175068635	-1.770549716	0.511845428	-0.201719104	0.525199084	0.354452823	1.406924639	-0.732499075	-2.170545486	-0.367294888	-0.368351039	-0.025843292	-0.086839691	1.283347046	-0.845582235	0.099709041	0.601094143	-0.381162408	0.516313321	1
-2.215151653	-0.272971192	0.589152478	-0.583854671	3.959048627	1.058406269	-1.12079988	1.433879788	-0.092047685	0.19106551	0.765164714	-1.283694928	0.31308673	0.353327323	0.766131052	1.40373686	0.195522034	1.38278665	-0.049051323	0.258972932	-1.074845386	-1.027799499	-0.777927198	-0.856346105	1
0.855243343	-0.273303158	3.755103535	-0.464265213	-0.968641416	1.564408194	0.465527137	0.060736056	0.832021669	0.021537971	-1.338412403	1.022083325	1.729667929	-0.667587301	-1.632715794	0.459258445	0.814827672	0.039292445	0.3042976	0.86554337	-1.165083177	-0.519796686	-0.679112873	-1.61580374	1
-0.236816504	-0.098571036	-1.109535788	-0.54980319	-0.368802375	0.978232038	0.718018782	0.813976158	-0.344091404	0.518629122	-0.937786808	0.855973212	-0.717882358	-1.703147063	2.246579243	-1.369126039	0.549910055	-0.176667072	-1.222954324	-1.103189788	0.761785941	-0.81907956	1.920789146	-0.469276529	0
-0.992454261	-0.4325193	3.499490049	0.372647264	0.136722065	-0.813884071	-1.415335191	-2.741771823	-0.123147856	-0.163298637	0.631457624	0.63252628	-0.974780505	-1.648045327	-1.775497367	0.016542572	0.058212208	0.402976639	1.107100616	1.826783773	0.284119324	-1.308508217	0.388869239	0.706761512	1
-2.620363375	-0.396171345	-0.934326181	0.130353328	2.553606464	1.063588115	-0.335821824	-0.587654085	-0.469467523	0.597397047	-0.682084647	0.907027697	1.098630946	1.304506441	-1.29352884	0.945176453	-0.821087269	-0.364399284	1.865428203	-0.983291102	-0.242104079	-0.439974883	1.410548975	-0.013503723	0
0.990248736	0.75580715	0.364043444	-1.0396775	1.620637704	-1.072430678	-0.083682608	-0.751364269	-0.585719135	0.222853487	0.463081733	-0.651017444	-0.551112862	1.597059054	0.903662567	-1.221098955	0.206071036	-0.197471763	-2.291017154	-1.575217539	1.495664037	0.155969246	-0.432127081	1.186626832	0
0.252972541	-0.27801434	-0.472266493	1.328439794	0.037143764	-0.818442913	0.707789241	0.542784164	-0.842151167	1.674166015	-1.064713615	0.132530431	-0.119781589	0.060406364	-0.704603735	-0.149167363	-0.175220976	0.498566806	-1.245321073	-0.787636054	-0.879065283	-1.345529199	0.038024837	0.40634518	0
-0.510895006	0.804116098	-0.615534645	-1.61621756	1.705716386	0.805733862	1.061537205	0.835254923	0.582053872	0.612036501	-2.068409231	0.715107262	1.872695066	-1.141063422	0.55918008	0.182074018	-1.013004294	0.414183887	-0.631951025	-1.272769623	0.089290779	-1.349699232	1.428434189	-1.367193363	0
-1.521402737	-0.520656158	-2.082128958	1.561070349	1.481316758	1.56387614	1.852881724	1.910493665	-1.555454219	0.452963604	0.158871671	0.159865294	-0.23532948	-1.129374141	0.684322004	0.108841505	-0.485592864	-0.379466201	1.18796379	2.277811291	0.140955763	-1.027406142	-1.134089871	-2.121505531	1
0.941367944	3.720724635	0.851678124	-2.91829565	2.535161912	1.776729732	4.694556992	-0.779368747	-0.375287073	-1.133564638	-1.296250502	-0.785757948	0.226943939	-0.50492531	-0.388674835	-0.335965069	0.662719231	-1.4052398	0.374584488	0.607114998	-2.492379281	0.056824092	-0.744203135	-1.297639756	1
1.343300937	-0.324096163	0.782683856	1.917287591	-1.045573299	0.082368388	-1.474081728	1.5462183	-0.25037707	1.197597612	0.061384071	-1.498742677	1.442012945	-1.403627721	-3.168534022	0.629447641	-0.582956545	0.561208253	-0.3361788	1.682451511	-1.395596883	0.898255621	2.833912731	0.330921921	0
-0.279396772	-2.116985343	-0.374134288	-3.646418918	-0.200193426	-1.811968104	-1.237256129	-3.733184712	-0.131266233	1.185708243	0.311985104	0.072468538	-0.264341224	1.697508196	-0.741083568	-0.308579047	0.287220701	0.72138846	2.224096534	0.992697551	0.360389549	0.653911911	-0.531240403	-0.849950084	1
-0.496186203	0.138024916	0.787583758	-1.420048648	-0.664356321	-0.862703473	1.790849637	-0.896595793	1.72178261	-0.568938958	-0.705824732	0.549272272	-0.581628683	-1.280202468	0.358511443	1.004359547	-0.270549663	-0.041458179	-0.46036007	0.672202987	0.904244644	0.329093837	-0.833374543	-0.986208306	0
-0.558990223	-0.034979166	0.494638925	0.006450591	2.103715815	-0.348245521	-0.349303946	-0.088458592	0.941377039	0.423174242	0.079596703	-0.690458819	1.234404863	-0.311796384	0.248547849	0.229189254	1.157068255	-1.185944711	-0.409820586	1.107594017	-2.183860488	-0.056414819	0.816437478	-1.813068593	0
-0.073787305	1.145592705	1.583666744	-2.816013875	-1.350667844	-0.260251909	-0.158839839	2.064334694	0.663874289	0.569793883	-1.815160431	-0.033223841	0.160098352	-0.499558155	1.211164999	-0.628940597	0.735315098	0.984568942	-1.242287908	0.515182137	-0.362438186	-0.979475772	0.350898972	0.9788846	0
-0.782451934	-2.525453056	-2.073948053	-2.291958481	1.010023425	-0.656996235	-0.339789494	-1.342082214	-0.533581215	-0.716102022	-0.158020157	-1.022240212	-1.275514023	0.699785687	-0.747099875	0.014517809	0.225468284	0.445088517	0.43221462	1.043526936	-0.690165507	0.836455456	0.761773435	-0.953609742	1
-0.879147137	1.127509677	0.84921794	0.956595159	0.456545877	-0.776346951	0.750508207	-2.383167157	1.031721695	-0.689008175	-0.316975957	-0.575203103	-0.256593466	-0.532677404	-0.495281256	0.498952204	-0.148828576	0.65354925	-1.045816589	2.071465133	-1.498819984	0.946915861	0.163109917	1.713779056	0
0.393092705	2.115698408	0.279997039	-0.28511522	-3.183431545	-0.099232693	-0.545380772	-0.500212991	1.771113602	-0.377267497	1.283985966	-0.525888026	-0.168124643	-1.359840098	-1.632161002	-0.66728262	-2.496271918	0.992022251	-1.930702638	-2.102233339	0.506884135	0.935131084	1.32860805	0.80525524	1
1.49639618	-1.875223461	-1.362045623	-2.383462743	-2.000115273	-1.496430286	-1.680118658	1.10214387	1.862363206	-1.631633495	0.83676241	0.326210738	0.001266471	0.450501147	1.038958999	0.974882823	0.305306003	0.190618721	-1.570742825	-2.02296178	0.643321982	0.453147777	-0.789632395	-0.097223847	1
-3.752065822	-3.552659109	1.917615009	-2.025594767	-2.097372089	-0.0899513	0.272382294	0.85915417	0.735215053	0.095598125	0.519064542	0.434503136	-2.144879545	-0.992931746	-0.763234311	1.943963071	-0.359768819	1.728494681	-0.752972937	-1.092084858	0.248060132	0.632971933	0.250756784	2.011456672	1
1.987646101	-1.025546226	-0.169716259	1.563944352	0.26502903	-1.502053237	0.580723736	-0.444083526	-3.108434612	-0.129649607	-0.98397777	0.651151595	0.14391162	0.306333732	-0.203872332	-0.162748393	1.104835974	-1.030919066	-1.950111255	-0.139968961	-1.31667548	-1.139258075	-0.247797516	0.476507012	0
-2.117567419	1.518587851	2.484266588	-0.279856067	-1.320026968	2.171218512	1.685780262	0.005620677	-0.991774414	2.378619683	1.158664418	-0.480819153	2.520973794	0.65903123	-0.083305167	0.508109679	-1.657526809	0.138286396	0.826241831	-0.121807489	0.373452167	0.230079422	-0.606388539	0.784291387	1
1.303014869	0.246889158	-0.552842039	-1.14489012	1.32033847	-0.490406364	0.279458163	0.116815499	0.687388138	-1.736880222	1.163723482	-0.211965698	-0.238455868	-0.775874014	-1.0777444	0.795264441	-1.405987859	0.133140929	0.920108505	0.335626282	-0.188343847	-1.18825028	1.169587449	-1.661455826	0
-1.507341949	-2.859123924	1.318269369	1.639014044	0.734551122	4.995017662	1.639546099	-0.559111868	0.307496748	0.726863618	-0.03488708	-1.629450708	-1.542430255	-1.609491846	-1.112769041	-0.100649231	-1.835956027	-1.329717634	0.971710961	1.183784661	1.213122687	1.571479515	-0.693764832	0.526194981	1
-2.936703822	0.215031832	-2.058386599	-5.705514923	-0.018112587	-1.492403499	-1.91914296	-0.610004918	0.856803126	-0.024381279	-0.852414814	1.133778369	0.716793238	-1.389018962	0.240538611	-1.104156127	0.570198608	-0.307276196	-0.052762061	-1.361017894	-0.762559011	1.624425749	-1.182386313	-0.652652261	1
-0.381055543	-1.338896709	-1.47666924	0.053994427	-0.98750661	-0.704850436	0.485717919	0.017346338	-0.745294528	1.076261924	-0.296465714	1.647749741	-1.349055765	1.530966074	0.203217496	-0.062982508	-1.244334271	2.710075933	-0.916825229	-0.72740022	-0.469515271	0.140648808	1.783182597	-1.258149496	0
0.491870651	1.26899522	-0.538395852	1.260973477	-0.931195245	-0.023101165	-0.806846856	-0.21663709	0.862492016	1.227581379	1.017992872	-0.176837602	-0.121415269	-0.960526449	-2.024771675	0.949062269	1.444616373	0.465280436	2.441338438	-0.374764113	-1.744906513	1.837524906	-0.081668077	-1.343614713	0
-0.203265245	0.728898613	0.270304099	-2.37061613	-0.218137757	0.756247118	1.539351615	0.505395974	-0.650168204	2.118540579	0.303755314	0.75574917	-0.071586328	-0.072598141	0.055299552	-0.623292635	1.765120032	-0.169611667	-0.401478246	1.865064405	1.382386472	1.176672413	2.670130925	2.002416295	0
0.897221071	-2.012620826	-0.426684892	-2.224005584	-2.887454684	3.879158612	1.341104507	0.815630301	-0.461645868	-0.781949439	0.166539849	-0.78744506	0.637853645	-0.752620508	-0.933671345	-0.812483449	0.01108674	-1.045998488	0.166331802	-0.232262209	0.930981514	-0.280921313	-0.341876785	1.165690264	1
1.901298674	-2.009983291	-0.251807251	-0.113519718	1.237406195	1.057751433	-0.416717967	-1.603002602	-2.24707037	-0.898144208	0.581405857	0.21731239	-0.020066864	-1.309495019	-2.400847734	0.087051149	-0.38639314	0.415924433	0.04548383	1.076939498	1.120311026	0.856819042	0.071862587	-1.921907824	0
-2.845449671	-0.323968834	1.829139364	-0.611669293	2.235124157	-3.391833161	0.894726782	1.265004812	1.292085017	-1.062601314	-0.662034836	-0.0120599	-0.10103804	0.0400712	0.441782504	1.441203494	1.692760634	0.854749942	1.336265996	-1.086073098	0.280713266	-0.602628916	-1.610919753	0.265524704	1
0.902621196	-0.252739483	1.405733201	-0.010174972	1.025064194	1.155078735	-1.176044861	0.398399607	1.139724191	1.978114597	1.422408786	0.088127763	0.132206424	-0.869033556	1.375606189	0.286652266	0.314037152	-0.907596132	-1.398066161	-0.951354195	0.754305347	-0.775750095	0.003997229	-0.330994681	0
0.691879904	1.363159754	0.042199417	-2.941451385	-0.662055299	-0.181606765	-1.51398126	0.602763066	-1.394942046	0.804948286	0.333315029	1.072487521	-1.405096555	1.05266281	1.335274646	0.126264013	-1.251983122	-0.684879069	-1.026505743	-0.794548214	-0.292704954	-1.553644324	0.822324182	0.055493956	0
-0.907430149	0.036427537	-0.236206006	0.796711674	-0.798595465	0.987292879	0.443435511	0.847278443	1.643420546	0.540161409	0.01472813	-0.216205081	-0.944025942	-1.261678335	-2.887827577	-0.642580744	-1.233311195	-1.679854904	0.89244395	0.665013431	-0.546060619	1.885809979	1.403386705	-1.490325303	0
-1.377347871	-0.486561476	2.132410373	-1.804442036	-2.997585398	2.188280632	-1.304069883	-3.025288606	-0.173903345	0.752552296	-1.698435881	-0.42949523	-0.592240212	-1.270077519	-0.733441539	-0.869533778	0.16953436	0.765371624	0.539680514	1.176640581	1.530206646	0.404180582	-0.790923878	0.708973857	1
-1.275489012	0.229940724	-1.852099558	0.459431249	2.384849722	0.496218036	2.839406079	0.901213753	0.7962376	1.081709797	-0.501233899	-1.317534952	0.570587417	0.452951099	0.048295306	1.075038654	0.515528882	0.122092843	1.206922207	-0.646668923	-1.328489816	0.921634182	0.095791393	-0.1268495	1
-3.289824235	-1.690273166	1.400403562	0.028912837	-0.754407665	-2.244696589	-0.701147655	1.559114935	-1.178118509	0.225514896	1.030171006	0.454604105	-0.359991645	-1.068788151	0.036284291	1.008922936	-0.97071279	2.106917236	0.626323526	-0.734189598	1.668390723	0.108342419	-0.336298172	0.03043624	1
-0.540610472	-0.25980853	-1.184109806	1.311866527	-0.381522796	-0.28757313	-0.416441708	-1.697135303	-0.430179625	0.967934284	0.350127038	2.438173397	0.601726242	-0.212603481	1.748467184	-0.031510581	-0.605909918	-0.405626679	2.236265573	0.872744295	-0.100405941	2.08392521	0.529564659	0.053923941	0
-0.405773335	-0.100477564	0.525060386	-0.971763257	-0.225979875	0.835318588	0.35321932	-0.3033756	1.043183602	-0.087364924	1.027615326	0.768854989	1.139064807	0.322153255	-0.217469278	-0.428300382	0.122702204	-0.657649935	-0.488524847	-1.046935267	-0.133851472	1.004502792	0.62260483	-0.698516942	0
-4.583998816	1.551270543	0.441773409	-1.994030754	-0.152804205	0.800473572	3.644563549	-1.205878561	-1.895341484	-0.675139518	-0.167550525	-0.506988727	-0.72294597	0.629256647	0.432570459	-1.160810825	0.889101557	1.547255124	-1.269891072	0.156487658	-0.416650892	-0.542372618	-0.165284746	-1.563626029	1
1.169978532	-0.37837026	2.338738341	0.596373866	2.863553163	1.641101335	0.324457687	0.243389877	0.708747621	0.3320838	-0.537048663	-0.086522505	-1.085431904	-2.419583325	0.026262796	0.244242528	-0.755735527	2.341967047	-2.169554136	0.597610779	1.603852979	-0.803436251	-1.413118298	-0.799443569	1
-0.35486778	1.933249223	1.632502062	0.061506853	0.11161319	-1.250286914	-0.570032626	0.243289833	-1.090052137	2.301367203	-0.61946821	-0.481126108	1.423368303	1.287794476	0.953136805	-1.380249159	0.73947831	-0.625545908	0.509708116	0.119896413	-0.395868938	-0.623908818	1.925200195	-1.736384547	0
0.800264388	-0.435636593	-0.344615501	0.707732397	0.082892484	-1.199382496	-0.021915412	1.048913418	0.368563633	0.554931603	-0.467118753	1.83379143	0.69268026	-0.294004394	-0.909535629	-1.611656444	0.900745363	0.01630724	0.252766768	0.276343144	0.845680006	-1.019495812	-0.029028797	2.53545295	0
-0.49333039	4.392059054	-1.199805411	3.817240213	1.013459041	-1.073390195	0.855570761	-3.721888788	-1.155342488	0.742559223	-0.153451083	0.986281066	-0.734420382	-0.634805701	1.637667992	0.999491476	1.03782213	-0.704371814	-1.030816748	-0.63398943	0.162120841	-1.120924935	-0.437948984	-1.110629455	1
1.714342943	0.305451522	-1.154303391	1.074579359	0.484128577	1.916432666	0.286985369	1.160781267	0.093211838	-0.283930603	-1.783664629	1.541711754	0.035868197	-0.800928319	-0.838626875	0.390432433	-0.160615627	-1.211685685	-0.911088591	-1.839207471	0.628422185	2.111846698	0.908423772	-0.037839527	0
0.516640739	0.879156232	-2.676911208	1.511414212	-0.784225449	2.439837772	0.747622835	2.601045708	0.588760258	1.103037448	-0.457023361	0.045904471	0.003633431	1.636399247	0.103296998	0.555686483	1.057273948	-0.615104909	-0.135510163	-0.252757673	1.032087766	-1.354269443	0.66220764	-0.065663244	1
-0.23339453	0.12363671	1.413513928	0.297882252	-2.412612048	-0.884958808	-4.160483513	-0.662053026	-1.462026376	-2.114684321	-0.225362555	-1.006906132	-2.375563781	-0.669576821	0.899703991	0.792737183	1.06600055	0.604993602	-1.352625532	-0.465747689	0.787192675	1.722519301	1.558546501	-0.381548944	1
0.852289759	-0.794119615	0.284297812	0.732838998	-0.185339104	0.484558313	-0.084226031	-1.256321411	-0.778125013	0.311445092	0.028392151	1.524008439	-1.353409971	-1.349417289	-0.342663498	1.86516445	2.156575647	0.825721145	-2.579254215	0.959785211	0.17374532	-1.754506229	0.948953129	0.40501277	0
0.84714884	-0.925067525	-1.282628546	-0.114738441	-1.04054152	1.916423571	0.274346803	-0.607160473	1.242613052	-0.489333161	-0.412328518	0.989232376	-0.437105427	-1.119835815	0.27974238	0.29503326	-1.280152446	0.598074621	-0.080037807	-0.108113909	1.602970769	-0.658427552	1.076518856	1.593721208	0
0.655511485	-0.373031526	-0.334187007	-0.43638579	0.514877456	-0.487959824	-1.2045939	0.187296791	0.676141099	-1.225989763	0.04197318	-1.185148903	1.208318281	1.271225756	-0.855595772	-0.792931587	-2.356046025	1.356252142	0.772324711	1.909093044	2.881424734	0.751417701	0.511174676	0.236730102	0
-3.344603101	-2.791957741	-1.342409632	1.176249498	1.478174454	-2.597253115	-1.671182872	-3.65456799	1.955932021	-0.350451046	-0.713509962	-0.514284011	-1.04535502	-1.905518729	0.517674152	1.294197318	0.616983016	-1.505336513	0.155844191	1.023959157	-0.49612936	0.692468802	0.620536866	0.165506435	1
-1.557896212	-1.41656983	-1.677967703	0.871448265	-0.666432243	2.987044354	1.834196155	2.498200047	-0.282004748	-0.560488616	-0.082657152	-0.738191375	2.76369974	-1.042503754	0.010091981	-0.671291218	-0.123521886	2.044598659	-0.260431534	0.694342361	0.009470114	0.903801265	-0.065322183	1.712505764	1
-4.508292477	4.110552254	0.073018782	1.199882718	0.403110789	-2.644696906	1.840853656	-0.288307547	1.142102519	0.974209797	2.012911864	0.104496394	-0.294973006	0.118428716	0.34104346	-0.085194642	-0.459934881	-0.678105607	-0.88442448	1.044252258	1.252428774	1.990538294	0.572899808	-0.339759936	1
0.554925919	-3.943277989	-2.469200808	0.978795924	-0.999170879	1.607124887	1.055368557	-2.426058927	-0.835548235	-1.019782303	0.911870757	-0.223926691	0.357184717	1.865309969	-1.399030225	0.669620022	0.644395186	-1.317189344	-0.576455932	-0.696820734	-0.533382263	1.352918844	0.160245008	1.162945864	1
-0.080856353	-0.641175575	0.228666295	1.184896519	-1.673779479	0.395471034	0.563511549	-1.467819857	0.913157692	0.64163487	-0.528609689	-1.021476237	1.170058113	2.024544301	-0.046375135	-1.426142262	0.20280936	1.317594069	0.871605152	-0.225040822	-0.292943696	-0.997222287	1.999069354	-0.560942226	0
-1.885941856	1.355861059	0.992433797	3.808418114	2.419983502	-3.185677997	-1.404587238	0.049276423	-0.381764949	0.016095782	0.738561994	0.08234565	2.062024578	0.504819582	0.551057155	-0.549978267	0.712525434	-1.118569344	-0.625557277	0.408933829	-0.347903324	0.325653673	-0.184110149	-0.1995204	1
0.128439979	0.156583155	0.546128831	0.465252015	1.256798896	0.732929948	0.524698862	1.471667019	-0.741461008	-0.673019258	-1.620937837	1.785133463	0.408488177	0.69257112	-1.686703399	-0.497598194	0.438867573	0.148893378	1.4514535	-1.4883517	-0.6160667	-0.445897967	1.202315616	0.049809614	0
-1.417863587	-0.300120746	-0.668882194	2.505985321	-0.676527634	-1.260286808	-0.086656655	0.287790272	0.455993359	-0.622269454	-0.629554506	0.831730631	0.535516165	0.694100208	0.697710902	1.086514203	0.728530267	0.006581331	-0.006368737	0.702644911	2.350425348	-1.120449724	-0.448842457	-0.138260248	0
1.362514013	-3.693203325	-0.330326202	0.148909294	-2.018491614	-0.034583536	3.557815944	0.890634055	-1.051364507	-0.159693627	0.457810074	0.470099621	1.386670192	-0.479394657	1.881307981	1.460748535	0.482536961	-0.191073468	0.284487669	-0.043306727	-1.35317805	-0.118034222	-0.461548098	0.163755658	1
0.146253569	0.526520125	-1.067735411	1.012499524	0.185528961	-0.081223561	0.930906481	-0.845126351	-0.272767693	-1.229861937	-0.309471488	-0.595637175	1.644502845	0.85460897	0.072349167	1.471867108	0.125271526	-0.68783379	-2.684100764	1.413263817	-0.199668193	0.196944256	-0.304293053	0.342382691	0
-0.809714038	1.449930096	1.498906386	2.442293408	2.949709597	0.015302248	0.984953203	-5.705514923	-0.930597253	-2.295564627	0.747759259	1.143548616	0.78442099	2.023161869	0.784949634	0.009524683	-1.86843863	-0.874090347	-0.36347501	-0.371460374	-1.207999958	-1.136493211	-1.446669557	1.362404873	1
-1.060416253	-1.148682713	-0.79884785	-1.166781658	1.488028829	0.630104751	-0.271495537	1.358439476	0.272202669	-0.920140337	0.552627171	0.190193532	-0.188314289	-0.731763521	-0.773542297	1.339585651	-0.114437171	-0.462423486	-0.040755594	-1.45616923	1.474863893	0.041984549	-0.991037723	0.696804818	0
0.435240963	0.368404471	-1.142238943	-0.497770998	-1.488142516	0.104662377	-1.846506166	0.008365078	1.142293513	-0.753097993	0.735192316	-0.075308435	1.467319635	-0.002735305	2.474716894	0.624140739	-0.84417934	-0.295995051	0.556601663	1.472249096	-1.555781637	-0.546029923	-1.435705599	-1.16021738	0
-0.620551646	0.881118467	0.833661034	-1.633034117	-0.387291266	-0.264896016	1.062189767	-0.663176252	-0.472715556	-0.429420197	0.119366632	-0.565834171	0.235295374	-0.9688506	0.104803348	0.201591774	-0.720576736	1.240134679	0.909385562	2.052083801	2.951346687	0.451932465	1.386333679	0.884310793	0
1.164764853	-0.032215439	0.031307081	-0.369270765	-1.164205514	-1.677553882	-2.073966243	-0.794148036	0.745557145	-0.403674676	-1.793769115	1.564012564	0.472366537	1.110659014	0.012206556	0.092973096	-0.105985691	-0.720651769	0.415840304	-0.787804311	0.541830332	-1.015382622	-1.332032298	-1.316370799	0
-1.001656074	-0.169773102	0.585880571	-0.333559456	0.404365892	1.197104211	0.194318091	-0.554491635	1.570574568	-0.809839094	1.751568561	-1.184334906	-0.085592546	0.737841219	-0.295520977	-0.019992967	-0.299021394	-0.333041044	0.205454853	-1.577404873	-0.107379492	0.858735802	0.617819751	0.753545919	0
-0.537344249	-0.091431502	1.999014785	-0.635943707	-0.503434876	-0.025181635	-1.579237505	-0.274746981	1.542994141	-1.693115337	-0.571853889	0.075334583	0.241709586	0.226660859	-0.751156222	0.005795755	-0.207949142	0.82873612	-0.269524207	-0.360482773	-0.423527808	0.320681011	1.510088623	0.961663318	0
1.673811312	0.841246219	2.109300112	0.653806183	1.79124072	-0.011825705	-0.306899892	1.195562618	-0.241568614	-0.337611255	0.388595254	0.726452072	-0.682248356	-0.500222086	0.22157792	0.857189661	0.094150892	-1.630464794	-2.370106813	0.084615976	1.001812961	-0.34803179	-1.024282028	-0.355531711	0
-0.072111561	-0.193401775	0.402797014	-0.77051709	0.555546649	-0.290242497	-0.504335276	-0.299279463	0.714453563	2.15084583	0.228446879	-1.689195415	1.746411726	0.637014637	0.116722276	2.584129106	-0.609059043	-1.390208126	0.926065695	1.147909643	0.371951501	-1.27010253	-0.877673756	0.821880803	0
-0.451389042	2.433425834	0.844602255	-0.509007805	-1.503904059	-2.086280801	-3.200930223	2.410838533	1.015876023	-0.02883553	0.674604053	-0.464149252	-0.225855956	-0.609175004	0.539205303	-0.612099029	-0.836394065	0.901529802	0.128763986	0.91795755	-1.271048404	0.094645429	2.055321602	0.097569455	1
0.967395408	-0.160753189	-2.202887117	0.023533175	1.757825885	2.936803867	3.18250386	-0.343095508	1.163214165	-0.248181777	-0.758645911	-0.175937203	1.460248313	-2.287197276	-1.05249228	1.247763066	0.261485411	0.406496383	0.188595095	-0.60823254	0.758125225	-0.099827275	-0.718546289	-1.898188202	1
-0.46127866	0.03097739	-1.521339072	0.289699074	-1.4441639	-0.331893943	0.964103037	-0.765573986	-0.173827175	-1.471366886	0.088474508	1.310950211	0.954196366	0.581369477	-0.098320925	-1.228852398	-0.720701792	0.035668108	-0.176364665	-0.592395963	0.233829951	0.200204795	1.314301699	-0.299421572	0
-0.409070253	0.177841457	0.994018592	0.847153387	-0.898760391	-1.247506134	-0.58388764	0.341908617	-1.271712335	-0.313401642	0.273355454	0.072603825	1.443895599	0.475308752	-0.952211394	0.367034545	-1.217126737	2.074048098	-0.697034466	0.362830406	0.523014023	-0.938869107	-1.463654371	0.951515631	0
-1.383268682	-0.797779194	-0.970508154	-0.045945399	0.70404667	-0.589653837	0.290268645	-0.786156988	1.55393991	1.949756552	0.737885557	0.035802259	1.728312782	-1.514590622	1.862399586	-1.430289558	0.577103947	-0.44176204	0.167822236	-0.962706963	0.356533292	0.17999696	-1.024052381	1.239882295	0
-0.533884759	-0.813470251	0.593537379	0.20573907	-1.032512955	-0.370016551	-0.267309588	0.619111233	0.384384293	-0.112083853	-0.041292196	1.913667802	1.18106982	0.243454679	-0.739817096	-1.050032097	-0.146444563	2.092110662	-0.441093562	1.583434823	0.652275958	-1.19302058	0.463069227	-0.795569122	0
-0.133949243	-0.100000079	0.156164788	-1.329451607	-0.6256289	-0.182501481	0.306055199	-0.308851895	-0.079819529	-0.502673174	-1.162509307	-0.190859737	-0.164104677	0.310573114	-0.647685283	1.107850949	0.149850621	0.360900003	0.292966433	-0.39913175	-0.107218057	-0.17533921	-0.720118578	-0.597303824	0
-1.95096618	-0.81322014	-0.299858129	-0.098375494	-2.980323188	2.941451385	-3.547702363	1.99132046	-0.714593398	-2.258475433	0.384027317	-1.015130238	0.475884008	-0.901300155	-0.079417077	1.176547357	0.685502073	-0.825389179	-0.395954203	1.730850272	-0.555871793	1.591884029	-1.141852408	-1.293715286	1
-1.104883722	-0.968286713	1.416719897	-0.262227786	1.682187758	0.961995283	-1.922089723	-0.526822532	-0.632887804	-1.310586413	-0.856368843	-1.20361392	-0.167478902	0.202028332	1.329201496	0.681563961	2.236083674	0.662342927	1.271632755	1.318071554	0.23886173	0.679845016	0.377258402	-0.025936515	0
2.048018359	-0.373893272	-0.025834197	-2.538499757	0.953812105	1.402381713	0.202749106	-1.559747034	1.678690751	-0.013376393	-0.511238341	0.285804163	-0.164354788	0.392126367	0.217600018	0.230635351	-0.262688218	-0.800566795	-0.738723429	-0.224767973	-0.186214493	-0.473200998	0.331194769	2.668421075	1
-0.472155079	-0.525235464	0.40777195	-0.944248768	0.108495897	1.875491762	-2.026763468	0.926988832	-0.912896212	-0.354557415	-1.204173259	-0.323500444	2.94749043	-0.04523713	0.080490281	0.631453076	0.59293825	0.290945081	0.70301212	-1.218093075	-0.913339591	-0.794289008	-1.13622491	0.32080834	0
0.113745955	-0.404636467	-0.496906978	-1.744165274	1.261441867	-0.652576091	0.711479515	0.812481176	-0.129457476	1.317221177	-0.871148131	-0.715183432	-0.758400347	-1.038529263	0.17109187	0.82016868	-0.004491767	-1.212674761	-0.454881501	-1.402795533	-0.77169716	-0.596567133	1.255643838	0.564118636	1
3.604745871	-1.85218596	-0.097388693	5.839392543	-4.788016668	-3.388731784	-2.377287274	-2.377810233	0.032393928	0.277451591	2.124179446	1.620283001	0.733429033	-0.865807124	0.227661303	-1.707903721	0.343670763	-0.938057383	-1.171119948	-0.394188646	-0.358369334	-1.272856025	-0.302687795	0.362456376	1
-1.74579327	-0.807497145	0.187226306	-2.800152288	-0.548633352	-0.537792175	1.587945917	0.73722731	-0.996917606	0.52836981	-0.124596227	0.853219717	0.667591848	-0.28802333	0.374459432	-0.60739012	0.051670668	-1.503735803	0.214645297	-0.579436801	-0.36056349	-1.723483365	0.324396296	0.684051429	0
-1.137873369	-1.382136361	-4.458997864	1.726411938	1.835205694	-1.716330189	-1.422731657	1.846233317	1.34587026	-0.128361535	-0.977240688	-1.527114364	0.076474862	-1.67026883	-1.611006155	0.028763907	-0.272211764	-0.800243924	-1.043567863	-1.384851203	0.978611752	0.484649263	0.78135372	-1.094044819	1
0.784946224	-0.020002062	-0.39488441	0.972925136	1.014359441	1.505459295	-2.293581929	-0.435647962	0.656023076	1.898324626	-1.257155873	-2.061251507	-1.335524757	-0.061952505	-1.097819222	-0.650736638	-0.918180376	0.66459279	1.951430022	0.670620466	1.130601959	-0.803986495	0.052093583	0.585905582	0
1.71146894	-1.925027391	-0.033203378	0.36203005	0.717966486	0.341053692	0.006330083	0.026745965	-0.405500487	-0.137300731	-0.126267423	-0.511738563	1.22482561	0.676058107	1.052767402	-1.05777417	-1.845928637	1.369514848	-0.49966502	0.049416258	-0.683105554	0.382367489	-1.213957148	1.397343112	0
-2.068504728	-0.709499091	-0.452323548	-2.519286681	0.526208623	1.57883278	-0.829809323	0.33925744	-0.016631247	0.134079983	-0.08202278	0.530596935	-1.765474735	0.510275413	0.001584795	1.403625447	-0.209047357	0.225886652	-0.611753421	-0.462957814	0.257339252	1.648509169	1.054661425	-0.232927277	1
1.31579327	1.001253622	-1.784292181	-0.158690909	0.139391432	-1.35906248	-0.637610356	1.976222848	1.30762146	-0.538601626	-0.840802841	0.416835064	0.797874691	0.071238446	0.224132464	0.171188503	-0.964435003	-0.290199296	-0.078200628	0.343482043	-0.052011728	-2.119504643	-0.249506229	-0.876527793	0
1.139123924	0.659047146	0.050881681	2.099786798	0.451016149	0.456100224	0.370940825	-0.23083885	1.375815373	1.499902282	1.957432687	-0.732686658	-0.117528316	-0.550032837	0.195042276	-1.469566087	1.472535587	-0.158626108	0.873330919	-1.894022716	-1.213425094	1.352018444	-1.046214493	-1.438120307	0
0.608149548	-0.31718173	0.045863544	-0.399878672	0.682434802	0.505127673	0.740528776	-0.260347406	2.614651748	-0.381064638	-1.615044312	-0.822363972	0.795116648	0.407885636	0.211084625	0.357283625	-0.434090452	1.157861789	0.549759989	1.42134013	-2.266060619	-0.381819518	-0.507352524	2.179949661	0
-0.688742148	0.843388079	-1.519333637	-0.338695827	-0.713625923	1.859389158	-2.362339728	0.664183517	0.437016752	1.919734132	0.427247642	-1.229273039	-0.09855512	-0.854588507	1.687053555	-0.137986262	0.798841029	-0.586728675	-0.669288056	0.591996923	0.048995616	0.251297934	-1.808166417	0.829027158	1
0.582140274	-1.505013643	0.049376467	-0.338704922	-0.793506842	-3.046261554	-0.456016096	-3.193608791	-0.922002528	1.559083103	1.962434908	-1.27754447	-0.717993771	0.539957909	0.913544227	0.630507202	0.484924385	0.659064199	0.179203425	-1.324260666	0.528666533	-0.090614094	-0.964125775	-1.050832452	1
-0.269874363	-1.77201855	-0.435516085	0.834179446	-0.034806362	-0.336319772	-0.171232841	-1.381033599	-0.350376013	0.03268724	0.69288717	-2.09425707	-1.027744929	-0.389813977	-0.729994554	0.069104544	-0.673005616	-1.298326424	0.546172032	0.938382527	-1.171420081	0.690145043	0.151566155	-0.570746579	0
-0.409506811	2.722663339	-0.218165042	0.439442829	0.281211214	-1.0342319	-0.226586963	-0.04800313	-2.217511792	0.752424967	0.4365927	-0.092052233	0.149665311	1.399134817	0.946051841	-0.247898697	-0.52158839	-1.185990186	-0.670007694	-0.076956894	-0.025612508	-0.325984502	0.726588496	0.41271278	0
-1.259190867	0.846723651	-1.676544343	0.664997515	1.945309123	-1.795392564	2.450287866	-0.823924893	1.345338205	0.276974106	-0.910376912	1.144749149	-0.747176045	-0.587831437	0.293497351	-0.413160706	1.001176315	1.033083663	-0.316099431	0.117756827	-2.012584446	-1.662401701	0.645245564	0.847871888	1
2.150518412	-1.851421985	-0.209506652	-3.627828846	-0.359159458	2.364404281	1.705461727	-0.438194547	1.363573574	-0.999821168	0.807979177	-0.8042025	1.304497346	-1.38876203	1.978914952	-0.338897053	1.24907956	1.919743227	0.452071163	-0.237366748	-0.337352049	0.277545951	-0.423121946	-1.392322702	1
-1.367820914	0.565673872	-0.541092504	0.716361228	0.750208073	-1.184962457	-0.684178758	-0.457471288	-1.034763955	-0.885233931	0.545303465	1.2417172	0.494612777	-0.222044036	0.974623617	2.194483386	0.618307467	-0.376804792	0.227994406	-0.484018301	0.982308848	0.366095492	0.441623342	-0.354672238	0
5.883484846	-1.801331564	-2.311876415	0.37499376	-3.384648153	-3.902878234	0.884215297	-2.756578397	-0.316659907	-0.097758175	-0.520218464	0.866118626	0.446659669	-0.701600129	0.328186616	0.978068329	-0.33262495	-1.180746949	-0.112486305	1.395401341	-0.472667807	-0.000427463	-1.804928615	-0.588838702	1
0.435295533	1.000780685	1.356274879	0.892193839	-1.371372491	-0.610705229	0.606789854	1.626731319	-1.334453827	-0.865995844	-1.411322046	0.859724878	-0.232837465	0.3261448	-0.66944267	-0.711959274	-2.207925718	-2.051856427	0.085527745	-0.248055585	0.534917035	0.591908247	-0.743584678	1.527077984	0
0.499949238	1.234179763	1.82466465	-1.683747541	-1.229186637	0.313106057	0.556749455	-0.19653271	1.245780368	-1.786611392	0.228938006	1.413154678	-0.62039021	-0.432896741	-1.108701326	-1.531607268	-1.533617251	0.339252892	1.014650479	0.302328544	-0.156126134	-0.040342911	0.502004696	2.550041245	0
-0.765119239	-0.108789209	-0.490557568	-1.374553449	-0.223408279	0.319332685	1.403313945	1.787811925	-0.693294169	-1.042399163	0.657133796	-0.049617483	-0.285349415	0.51146344	0.223292318	-0.373352123	-0.841107521	0.939780875	0.379433232	-0.200911927	0.838711003	-2.865417628	0.420764081	1.218668331	0
0.765096502	1.278745003	-0.63233756	1.079515641	0.026730049	-0.186677198	0.083824716	0.684871111	-1.969574441	-0.608788469	1.825255822	-0.049935807	-1.077928573	-0.293947551	-0.26796215	-0.642921805	-2.003434929	0.942397946	-0.721620381	0.629606802	0.814907253	0.641450697	0.555496626	-0.774780347	0
-0.426006181	0.690981778	-1.071036877	0.115270495	-0.401528268	0.798770543	-1.385874384	-0.529635145	1.200191946	-0.05572474	-0.016152626	-0.183980546	1.396801963	-0.294428446	0.229133548	0.421857749	0.886409453	0.927336714	-1.211687959	-0.926395387	0.553250175	0.431837179	0.017851107	0.38126359	0
-0.129768978	0.522323944	0.903289674	-1.08037284	-1.811185939	-0.011777956	0.160321179	-0.954726147	0.011417569	-0.138862788	-0.286457862	0.074837772	0.40368036	-0.227561259	0.701757017	-0.612590156	0.266671805	-0.576335424	0.363123718	0.758169563	0.231682407	-0.27932856	-0.338792461	-0.578256731	0
1.64840003	0.656376642	-1.345078999	-0.752820597	0.209258815	0.367759867	0.729007752	1.513653842	0.068241661	1.143957888	0.293005087	-0.023105713	-0.872475994	0.464228833	-0.54200882	0.424029167	0.227787496	0.066752364	-1.603830242	-0.729990006	0.103450475	-0.502295734	-0.18497758	-1.403386705	0
0.391995627	-1.219414116	0.569939402	0.052050382	0.131515208	0.015431851	-0.940765403	-0.540499059	0.890906904	0.5206266	-2.308916009	-1.43156285	1.463886292	1.319926923	0.349843958	1.638868525	-1.482153493	-0.433692549	-0.529892077	0.792590527	-0.164247922	-1.512553354	0.016610784	0.801014721	0
-0.176212325	1.112541668	-0.04443109	0.491484116	0.148337449	0.753486802	0.856232418	1.515163603	-0.324550911	-1.324019649	-1.312389486	-0.822451511	0.099313411	-0.894294772	0.894458481	-1.750440788	-0.649597496	0.829164719	0.210802682	0.150739652	-1.394550964	-0.343359261	-0.254631232	0.652759127	0
-0.285680244	-0.1138676	0.098318651	-0.501049726	0.6035566	-0.256080739	-0.697916676	1.458479346	-0.383251972	-1.350122147	-0.646845137	0.08531515	0.182992608	0.521498578	2.593660611	0.202098818	-0.927882411	1.396008429	-0.792290393	1.005087142	-1.181820153	-0.360641934	0.69495627	-0.267516498	0
0.908746642	-0.451259439	1.227899702	-0.179237531	-0.846300736	0.17955017	-0.182661779	-3.247114364	0.913441909	-0.065458607	-0.187769729	-0.44354465	-0.723083531	-0.462944172	0.386141892	1.041712494	-1.184898792	-0.33082415	0.841553174	0.927354904	-0.989364253	0.74827085	-0.290799562	-0.796185304	0
-1.289624834	-0.077847062	-2.263350325	-0.958584678	0.930044735	-2.607666829	1.988018994	-0.377672222	1.096968845	-0.421507593	1.107978278	0.955633368	-0.55781129	-0.152988378	0.327534053	-0.219331469	-0.806387561	0.57270654	0.595846359	-0.993563845	0.542622729	0.977313448	0.084924068	-1.666949174	0
1.280013748	-0.110153451	-3.27534508	-0.270125611	-1.356759185	1.03941602	1.180437721	-0.337142865	0.487084435	-0.632364845	0.745371835	0.817548198	-1.017915565	-0.936395281	-0.47681624	2.058704922	-1.08991344	-0.555450015	-0.352310963	-0.28984573	0.826030373	1.096748292	1.106416221	0.03321702	0
0.197896952	1.426669769	0.447394086	2.627421054	-0.47771664	0.958771125	-0.392378752	3.158093023	1.727985364	0.762042873	1.734570105	0.097187467	1.249575234	1.093194442	-0.768809514	0.479203663	0.804350293	1.530565896	-1.317810074	-0.641796305	0.270372311	-0.622468406	0.304758032	0.063139396	1
4.165740393	-1.472083113	-0.427949089	1.098360372	3.738168743	0.881805136	1.684693416	-4.981484381	0.465086032	-0.490757657	-0.284196631	-1.798744051	-1.562229954	0.83234454	-0.242420128	-1.136154424	0.743134478	-1.053201686	-0.532287459	0.344454065	-1.499070095	0.018508217	-0.75693606	-0.098081046	1
1.407067884	-0.147563242	0.375441687	1.057439931	0.355313432	-1.358130248	0.560985427	0.304551122	0.142654244	0.657348664	-1.004086698	0.447626007	0.432672778	-0.031088803	1.412918209	1.453827281	-0.502953981	-1.030796284	-0.509630809	-1.094551862	-0.58551791	-0.675415777	0.185538056	0.007777317	0
-4.350367817	0.716063369	-2.759952622	-1.832631824	0.216446097	2.620863597	3.780805855	3.197255865	-0.62093477	0.178702066	-1.000521479	-1.135349521	-0.188945251	0.85853344	-0.911134066	1.367025106	-0.045426987	0.807251581	-1.028906809	0.425513917	1.308553692	1.031685315	-0.992340574	0.345517037	1
0.658867521	-0.174466095	-0.705997536	2.092433533	-0.776221896	-0.425372946	0.729567091	2.175229383	-1.472653821	0.940112841	-0.042331294	1.322382559	0.397690201	0.67182782	0.382364078	-1.285857252	1.348385013	-0.183803195	0.262587037	0.937336608	-0.044879016	1.496987352	-0.659731541	0.670356712	1
0.241545877	1.8616538	0.148521622	-0.025534064	0.471204658	0.828381417	-0.233080755	0.522608161	-0.787313184	-1.174144018	-0.280599579	0.199590886	0.129480213	0.260962452	0.4580329	-0.085664169	-0.035046241	-0.184912778	-0.442032615	0.273003025	-0.830577847	1.389325917	-0.56055228	-0.665525022	0
-0.695636118	3.171153367	-2.220995157	-1.291523404	4.141802492	1.724561116	-0.92738901	-4.710018402	-0.652431709	0.877746515	0.925563199	0.226481234	0.096245003	-0.781275276	0.032724756	1.301741577	-0.104644187	-0.098569899	-1.096589131	1.287303348	2.184870027	-0.506462356	-1.640878509	-0.524846655	1
-2.013948688	-0.399516011	-1.533171599	-0.943909981	-0.278143943	0.950199137	0.730462943	-0.518838306	-0.1193348	-0.634543085	0.809579888	0.611655651	0.773409283	-1.137800609	-0.275822458	0.208034407	1.648631951	1.972848622	2.323686203	-0.515888132	0.365362212	2.118758857	0.550430741	-0.906934474	0
-1.076396074	0.669556357	0.107368123	0.189141929	-0.311275699	0.106479092	-1.217381396	0.019208528	-0.469844963	-0.262270987	0.816858119	-0.768651489	-1.063713171	0.764043762	0.915219971	-1.56851911	0.150424739	1.090129444	0.261642299	-0.666123015	0.37826112	-1.058006092	0.03130026	-0.446052582	0
-0.784318672	1.151529432	2.451570253	0.126497071	-0.738416475	-0.760910552	-1.172900284	-1.888120096	1.356384018	2.1937376	-0.078259745	-0.246629952	-1.17816171	0.012487362	0.345162334	0.476451305	-0.967027063	-2.250271791	-0.895654466	-0.700065357	-0.433576588	0.552361143	0.468238568	-0.290260687	1
-2.068550202	-1.007651917	-2.121742	-2.41694579	-1.445437192	-0.377344804	2.093684088	1.460689418	1.245430212	-0.246757281	0.351311655	-0.364598236	-0.712041128	0.73036972	-1.952748789	1.323353445	-0.697443738	-0.29914645	1.296825758	-0.919073955	-0.130957005	-1.381531547	0.977042873	1.15875082	1
0.497786914	-0.236536835	0.067917654	0.275338152	-2.337583282	0.042025476	-0.4741878	-0.930533588	1.638977665	-0.909403752	-0.265883955	-1.177372724	-1.613561835	0.778267122	-0.796636641	-0.19055733	0.249176537	2.061269697	-0.409213499	-1.63585355	-0.132515652	-1.911266736	-1.630951374	0.016102604	0
